{
"highlevel": {
    "danceability": {
        "all": {
            "danceable": 0.0557323433459,
            "not_danceable": 0.944267630577
        },
        "probability": 0.944267630577,
        "value": "not_danceable"
    },
    "gender": {
        "all": {
            "female": 0.459402710199,
            "male": 0.540597259998
        },
        "probability": 0.540597259998,
        "value": "male"
    },
    "genre_electronic": {
        "all": {
            "ambient": 0.961776733398,
            "dnb": 0.0049998247996,
            "house": 0.0212140716612,
            "techno": 0.00434760795906,
            "trance": 0.00766178267077
        },
        "probability": 0.961776733398,
        "value": "ambient"
    },
    "mood_acoustic": {
        "all": {
            "acoustic": 0.955205917358,
            "not_acoustic": 0.0447940640152
        },
        "probability": 0.955205917358,
        "value": "acoustic"
    },
    "mood_aggressive": {
        "all": {
            "aggressive": 0.00103777484037,
            "not_aggressive": 0.99896222353
        },
        "probability": 0.99896222353,
        "value": "not_aggressive"
    },
    "mood_electronic": {
        "all": {
            "electronic": 0.154794469476,
            "not_electronic": 0.845205545425
        },
        "probability": 0.845205545425,
        "value": "not_electronic"
    },
    "mood_happy": {
        "all": {
            "happy": 0.899341464043,
            "not_happy": 0.100658543408
        },
        "probability": 0.899341464043,
        "value": "happy"
    },
    "mood_party": {
        "all": {
            "not_party": 0.989215970039,
            "party": 0.0107840560377
        },
        "probability": 0.989215970039,
        "value": "not_party"
    },
    "mood_relaxed": {
        "all": {
            "not_relaxed": 0.0798162594438,
            "relaxed": 0.920183718204
        },
        "probability": 0.920183718204,
        "value": "relaxed"
    },
    "mood_sad": {
        "all": {
            "not_sad": 0.187251448631,
            "sad": 0.812748551369
        },
        "probability": 0.812748551369,
        "value": "sad"
    },
    "moods_mirex": {
        "all": {
            "Cluster1": 0.0516118071973,
            "Cluster2": 0.0576463714242,
            "Cluster3": 0.669233083725,
            "Cluster4": 0.206913247705,
            "Cluster5": 0.0145955141634
        },
        "probability": 0.669233083725,
        "value": "Cluster3"
    },
    "timbre": {
        "all": {
            "bright": 0.904801428318,
            "dark": 0.0951985791326
        },
        "probability": 0.904801428318,
        "value": "bright"
    },
    "tonal_atonal": {
        "all": {
            "atonal": 0.0229242350906,
            "tonal": 0.977075755596
        },
        "probability": 0.977075755596,
        "value": "tonal"
    },
    "voice_instrumental": {
        "all": {
            "instrumental": 0.451161235571,
            "voice": 0.548838794231
        },
        "probability": 0.548838794231,
        "value": "voice"
    }
},
"lowlevel": {
    "average_loudness": 0.83526724577,
    "barkbands_crest": {
        "dmean": 2.71751403809,
        "dmean2": 4.15584087372,
        "dvar": 6.11888456345,
        "dvar2": 14.3763933182,
        "max": 26.1441287994,
        "mean": 12.6742591858,
        "median": 11.7124958038,
        "min": 3.9264793396,
        "stdev": 4.79797172546,
        "var": 23.0205345154
    },
    "barkbands_flatness_db": {
        "dmean": 0.0222834665328,
        "dmean2": 0.0322173088789,
        "dvar": 0.000482332776301,
        "dvar2": 0.000936507305596,
        "max": 0.538142025471,
        "mean": 0.250822067261,
        "median": 0.254014909267,
        "min": 0.0605954378843,
        "stdev": 0.0663510859013,
        "var": 0.004402466584
    },
    "barkbands_kurtosis": {
        "dmean": 6.55972766876,
        "dmean2": 9.85182189941,
        "dvar": 389.773254395,
        "dvar2": 870.758300781,
        "max": 396.131134033,
        "mean": 10.3328666687,
        "median": 5.46844768524,
        "min": -1.49336051941,
        "stdev": 22.167596817,
        "var": 491.40234375
    },
    "barkbands_skewness": {
        "dmean": 0.657788991928,
        "dmean2": 0.980445384979,
        "dvar": 0.850742101669,
        "dvar2": 1.67646920681,
        "max": 15.9494743347,
        "mean": 1.81966006756,
        "median": 1.55927455425,
        "min": -1.93660771847,
        "stdev": 1.45157873631,
        "var": 2.10708093643
    },
    "barkbands_spread": {
        "dmean": 1.67816889286,
        "dmean2": 2.52179956436,
        "dvar": 3.71752500534,
        "dvar2": 8.03687763214,
        "max": 45.8162841797,
        "mean": 6.08776140213,
        "median": 5.24441432953,
        "min": 0.144407361746,
        "stdev": 3.91009521484,
        "var": 15.2888441086
    },
    "dissonance": {
        "dmean": 0.0402874015272,
        "dmean2": 0.0684735774994,
        "dvar": 0.00104976794682,
        "dvar2": 0.0030770089943,
        "max": 0.5,
        "mean": 0.40746602416,
        "median": 0.410768061876,
        "min": 0.217633977532,
        "stdev": 0.047102894634,
        "var": 0.00221868278459
    },
    "dynamic_complexity": 7.36745500565,
    "erbbands_crest": {
        "dmean": 3.39401984215,
        "dmean2": 5.61452722549,
        "dvar": 8.77345561981,
        "dvar2": 24.5100059509,
        "max": 28.6697654724,
        "mean": 12.6362609863,
        "median": 12.0732688904,
        "min": 2.90511822701,
        "stdev": 4.33650827408,
        "var": 18.805305481
    },
    "erbbands_flatness_db": {
        "dmean": 0.0208902377635,
        "dmean2": 0.0311153959483,
        "dvar": 0.00040250440361,
        "dvar2": 0.000896662066225,
        "max": 0.434490501881,
        "mean": 0.247897848487,
        "median": 0.252247303724,
        "min": 0.0673839077353,
        "stdev": 0.0577064603567,
        "var": 0.00333003536798
    },
    "erbbands_kurtosis": {
        "dmean": 2.30759930611,
        "dmean2": 3.64157152176,
        "dvar": 8.80235290527,
        "dvar2": 21.7147750854,
        "max": 52.5104484558,
        "mean": 3.29001331329,
        "median": 2.01366186142,
        "min": -1.64945888519,
        "stdev": 4.4579873085,
        "var": 19.8736515045
    },
    "erbbands_skewness": {
        "dmean": 0.49258095026,
        "dmean2": 0.758863568306,
        "dvar": 0.184398069978,
        "dvar2": 0.454180955887,
        "max": 6.4775762558,
        "mean": 1.2972638607,
        "median": 1.23447728157,
        "min": -1.95989525318,
        "stdev": 0.900086283684,
        "var": 0.810155332088
    },
    "erbbands_spread": {
        "dmean": 4.81790304184,
        "dmean2": 7.40182256699,
        "dvar": 29.9147396088,
        "dvar2": 59.9650382996,
        "max": 96.5120391846,
        "mean": 17.2138233185,
        "median": 15.5303993225,
        "min": 3.04809522629,
        "stdev": 9.28388023376,
        "var": 86.1904296875
    },
    "hfc": {
        "dmean": 2.28839826584,
        "dmean2": 3.3725271225,
        "dvar": 14.5328407288,
        "dvar2": 34.0676231384,
        "max": 54.3992576599,
        "mean": 8.20224094391,
        "median": 4.91253948212,
        "min": 1.17772374194e-16,
        "stdev": 8.66141223907,
        "var": 75.0200576782
    },
    "loudness_ebu128": {
        "integrated": -9.165599823,
        "loudness_range": 7.42414808273,
        "momentary": {
            "dmean": 0.623039603233,
            "dmean2": 0.62398481369,
            "dvar": 0.563722074032,
            "dvar2": 0.663401782513,
            "max": -5.44355678558,
            "mean": -14.5420312881,
            "median": -9.51602172852,
            "min": -89.5948181152,
            "stdev": 14.5156774521,
            "var": 210.704879761
        },
        "short_term": {
            "dmean": 0.159126475453,
            "dmean2": 0.101861789823,
            "dvar": 0.0979463979602,
            "dvar2": 0.0325784347951,
            "max": -6.90689277649,
            "mean": -12.5083818436,
            "median": -8.58627223969,
            "min": -72.0211105347,
            "stdev": 10.4624528885,
            "var": 109.462921143
        }
    },
    "melbands_crest": {
        "dmean": 2.77285075188,
        "dmean2": 4.38402414322,
        "dvar": 6.23173236847,
        "dvar2": 16.6216983795,
        "max": 33.9502105713,
        "mean": 14.3501310349,
        "median": 13.9409885406,
        "min": 1.84768676758,
        "stdev": 4.24522399902,
        "var": 18.0219249725
    },
    "melbands_flatness_db": {
        "dmean": 0.0236112680286,
        "dmean2": 0.0337796323001,
        "dvar": 0.000602470478043,
        "dvar2": 0.0011225270573,
        "max": 0.676337659359,
        "mean": 0.34186527133,
        "median": 0.337315291166,
        "min": 0.00530518870801,
        "stdev": 0.0779109299183,
        "var": 0.0060701132752
    },
    "melbands_kurtosis": {
        "dmean": 7.70794010162,
        "dmean2": 11.3399486542,
        "dvar": 393.683532715,
        "dvar2": 765.759399414,
        "max": 457.023651123,
        "mean": 13.4822263718,
        "median": 7.88267421722,
        "min": -1.68144774437,
        "stdev": 25.1289196014,
        "var": 631.462585449
    },
    "melbands_skewness": {
        "dmean": 0.655809700489,
        "dmean2": 0.9956985116,
        "dvar": 0.508606076241,
        "dvar2": 0.984206318855,
        "max": 14.0433235168,
        "mean": 2.06436228752,
        "median": 1.8929451704,
        "min": -0.822585344315,
        "stdev": 1.26977336407,
        "var": 1.61232447624
    },
    "melbands_spread": {
        "dmean": 2.09496974945,
        "dmean2": 3.15439939499,
        "dvar": 9.17494678497,
        "dvar2": 21.2046508789,
        "max": 148.964859009,
        "mean": 7.47833251953,
        "median": 6.22591018677,
        "min": 0.32710647583,
        "stdev": 6.62919378281,
        "var": 43.9462127686
    },
    "pitch_salience": {
        "dmean": 0.0658979639411,
        "dmean2": 0.102637805045,
        "dvar": 0.00367670692503,
        "dvar2": 0.00820888206363,
        "max": 0.866277933121,
        "mean": 0.52691668272,
        "median": 0.537495553493,
        "min": 0.0456194318831,
        "stdev": 0.120526008308,
        "var": 0.0145265189931
    },
    "silence_rate_20dB": {
        "dmean": 0,
        "dmean2": 0,
        "dvar": 0,
        "dvar2": 0,
        "max": 1,
        "mean": 1,
        "median": 1,
        "min": 1,
        "stdev": 0,
        "var": 0
    },
    "silence_rate_30dB": {
        "dmean": 0.012405609712,
        "dmean2": 0.024817911908,
        "dvar": 0.0122511684895,
        "dvar2": 0.0242026355118,
        "max": 1,
        "mean": 0.977352380753,
        "median": 1,
        "min": 0,
        "stdev": 0.148773923516,
        "var": 0.0221336819232
    },
    "silence_rate_60dB": {
        "dmean": 0.019417475909,
        "dmean2": 0.0388454273343,
        "dvar": 0.0190383605659,
        "dvar2": 0.044351760298,
        "max": 1,
        "mean": 0.186842814088,
        "median": 0,
        "min": 0,
        "stdev": 0.389788001776,
        "var": 0.151934683323
    },
    "spectral_centroid": {
        "dmean": 70.2846069336,
        "dmean2": 105.769088745,
        "dvar": 34453.78125,
        "dvar2": 71942.546875,
        "max": 11206.3291016,
        "mean": 495.488342285,
        "median": 433.610778809,
        "min": 101.748558044,
        "stdev": 439.501922607,
        "var": 193161.9375
    },
    "spectral_complexity": {
        "dmean": 1.44929885864,
        "dmean2": 2.33423256874,
        "dvar": 2.90874004364,
        "dvar2": 6.28453302383,
        "max": 34,
        "mean": 7.99676465988,
        "median": 7,
        "min": 0,
        "stdev": 4.49414205551,
        "var": 20.1973133087
    },
    "spectral_decrease": {
        "dmean": 1.6742659481e-09,
        "dmean2": 2.35230568357e-09,
        "dvar": 1.07596783764e-17,
        "dvar2": 1.81270923695e-17,
        "max": 8.07484527413e-29,
        "mean": -6.59335075426e-09,
        "median": -4.68398164699e-09,
        "min": -5.2359151681e-08,
        "stdev": 7.35091099102e-09,
        "var": 5.40358944611e-17
    },
    "spectral_energy": {
        "dmean": 0.00649243080989,
        "dmean2": 0.009143400006,
        "dvar": 0.000158106297022,
        "dvar2": 0.000268574513029,
        "max": 0.199347138405,
        "mean": 0.0256287381053,
        "median": 0.0183053985238,
        "min": 1.06087803797e-20,
        "stdev": 0.0283024907112,
        "var": 0.00080103095388
    },
    "spectral_energyband_high": {
        "dmean": 3.16324767482e-05,
        "dmean2": 4.56497327832e-05,
        "dvar": 1.69431757513e-08,
        "dvar2": 3.77135869201e-08,
        "max": 0.00230662082322,
        "mean": 4.78928413941e-05,
        "median": 4.76725426779e-06,
        "min": 7.5925179748e-21,
        "stdev": 0.000156851223437,
        "var": 2.46023059702e-08
    },
    "spectral_energyband_low": {
        "dmean": 0.00270688580349,
        "dmean2": 0.0035113254562,
        "dvar": 0.00012520319433,
        "dvar2": 0.000176725065103,
        "max": 0.19361038506,
        "mean": 0.00778344273567,
        "median": 0.00365610793233,
        "min": 4.63132064856e-23,
        "stdev": 0.0205663088709,
        "var": 0.000422973069362
    },
    "spectral_energyband_middle_high": {
        "dmean": 0.000639335135929,
        "dmean2": 0.000955075956881,
        "dvar": 3.64996503777e-06,
        "dvar2": 8.8512970251e-06,
        "max": 0.0437605790794,
        "mean": 0.00145299220458,
        "median": 0.000419950694777,
        "min": 1.50923969717e-21,
        "stdev": 0.00338541995734,
        "var": 1.1461068425e-05
    },
    "spectral_energyband_middle_low": {
        "dmean": 0.00561180990189,
        "dmean2": 0.0081633515656,
        "dvar": 0.000100870616734,
        "dvar2": 0.000234733510297,
        "max": 0.103583388031,
        "mean": 0.0172060467303,
        "median": 0.0104549285024,
        "min": 1.89053469431e-22,
        "stdev": 0.0187411103398,
        "var": 0.000351229246007
    },
    "spectral_entropy": {
        "dmean": 0.198889866471,
        "dmean2": 0.286368817091,
        "dvar": 0.039142139256,
        "dvar2": 0.0799366012216,
        "max": 9.8194360733,
        "mean": 6.36371994019,
        "median": 6.34402942657,
        "min": 4.81630849838,
        "stdev": 0.54797232151,
        "var": 0.300273656845
    },
    "spectral_flux": {
        "dmean": 0.0189275629818,
        "dmean2": 0.0305543299764,
        "dvar": 0.000958375516348,
        "dvar2": 0.00197424786165,
        "max": 0.423660308123,
        "mean": 0.0548682957888,
        "median": 0.0448654964566,
        "min": 6.46742590038e-11,
        "stdev": 0.0488226041198,
        "var": 0.00238364655524
    },
    "spectral_kurtosis": {
        "dmean": 7.07521486282,
        "dmean2": 11.861828804,
        "dvar": 93.7017288208,
        "dvar2": 247.8125,
        "max": 196.861404419,
        "mean": 20.2746295929,
        "median": 15.6689529419,
        "min": -1.21483397484,
        "stdev": 16.0757827759,
        "var": 258.43081665
    },
    "spectral_rms": {
        "dmean": 0.000539125001524,
        "dmean2": 0.000764761818573,
        "dvar": 6.47387821573e-07,
        "dvar2": 1.14227646009e-06,
        "max": 0.0139457881451,
        "mean": 0.00426029553637,
        "median": 0.00422598235309,
        "min": 3.21714616752e-12,
        "stdev": 0.00261792680249,
        "var": 6.85354098096e-06
    },
    "spectral_rolloff": {
        "dmean": 123.733757019,
        "dmean2": 216.424591064,
        "dvar": 116319.179688,
        "dvar2": 249155.40625,
        "max": 19379.8828125,
        "mean": 574.91583252,
        "median": 473.73046875,
        "min": 64.599609375,
        "stdev": 749.351623535,
        "var": 561527.8125
    },
    "spectral_skewness": {
        "dmean": 0.505940914154,
        "dmean2": 0.827818930149,
        "dvar": 0.294172286987,
        "dvar2": 0.740918278694,
        "max": 11.29018116,
        "mean": 3.28759431839,
        "median": 3.10028886795,
        "min": -0.0257673729211,
        "stdev": 1.12229526043,
        "var": 1.25954663754
    },
    "spectral_spread": {
        "dmean": 399788.21875,
        "dmean2": 597405.6875,
        "dvar": 596217626624,
        "dvar2": 1.03154424218e+12,
        "max": 42306116,
        "mean": 2699235.75,
        "median": 2330914.75,
        "min": 384952.90625,
        "stdev": 1920586.25,
        "var": 3.68865155482e+12
    },
    "spectral_strongpeak": {
        "dmean": 0.405898809433,
        "dmean2": 0.678399264812,
        "dvar": 0.354271650314,
        "dvar2": 0.831839263439,
        "max": 6.56116819382,
        "mean": 0.852467119694,
        "median": 0.562908470631,
        "min": 0,
        "stdev": 0.931618154049,
        "var": 0.86791241169
    },
    "zerocrossingrate": {
        "dmean": 0.00359600433148,
        "dmean2": 0.00439492659643,
        "dvar": 2.40203771682e-05,
        "dvar2": 3.35170334438e-05,
        "max": 0.521484375,
        "mean": 0.0256044212729,
        "median": 0.0205078125,
        "min": 0.00341796875,
        "stdev": 0.0297250263393,
        "var": 0.000883577158675
    },
    "barkbands": {
        "dmean": [0.00018011922657, 0.00226954137906, 0.000973488960881, 0.000880080275238, 0.00383234233595, 0.000924920313992, 0.00087855453603, 0.00122165610082, 0.000629651884083, 0.000490120903123, 0.000147246551933, 0.00010972005839, 7.72774874349e-05, 0.000123601188534, 4.62506468466e-05, 1.9062008505e-05, 2.00224094442e-05, 1.78317914106e-05, 1.30495054691e-05, 9.28399640543e-06, 7.43018154026e-06, 6.9423504101e-06, 3.77656010642e-06, 4.66446635983e-06, 4.04267029808e-06, 1.16034311759e-06, 3.01943572367e-07],
        "dmean2": [0.000274623860605, 0.00311643560417, 0.00155726063531, 0.0014478249941, 0.00492832018062, 0.00152378028724, 0.00133529596496, 0.00185836327728, 0.00105923635419, 0.000727794889826, 0.000239387256443, 0.000174162516487, 0.000131374879857, 0.000188178557437, 7.73526408011e-05, 3.19991122524e-05, 3.27215748257e-05, 2.90067800961e-05, 2.1753474357e-05, 1.47924993144e-05, 1.2111570868e-05, 1.05015205918e-05, 5.80995902055e-06, 6.63078208163e-06, 5.83875362281e-06, 1.75657658019e-06, 4.79175184864e-07],
        "dvar": [2.09838376009e-07, 0.000117179406516, 2.62466819549e-05, 2.64203390543e-05, 5.04660019942e-05, 3.4229810808e-06, 5.7214856497e-06, 7.70949736761e-06, 3.86576448363e-06, 2.96803113997e-06, 8.42720169203e-07, 7.9279729448e-08, 3.92315833153e-08, 2.61154667669e-07, 1.54006709607e-08, 2.44193865129e-09, 4.93475793562e-09, 6.34664587551e-09, 2.57988053143e-09, 1.6702575989e-09, 7.62811147581e-10, 1.06880748696e-09, 1.96751864801e-10, 3.76568443095e-10, 3.00256819408e-10, 2.70954144538e-11, 2.12991104788e-12],
        "dvar2": [4.17917959794e-07, 0.000190475795534, 6.45241016173e-05, 7.76750093792e-05, 8.12746147858e-05, 7.39653842174e-06, 1.340932522e-05, 1.70440034708e-05, 1.05794233605e-05, 6.5068834374e-06, 2.12897566598e-06, 1.8726537121e-07, 1.08828928091e-07, 5.20436458373e-07, 4.14911447422e-08, 6.31332008894e-09, 1.29096227042e-08, 1.71762160051e-08, 6.91264068209e-09, 4.17788736939e-09, 2.09443129506e-09, 2.58904608863e-09, 4.29307034366e-10, 7.1518718725e-10, 4.93959539938e-10, 5.90011650647e-11, 5.23799753571e-12],
        "max": [0.0121949836612, 0.166425704956, 0.068110153079, 0.067219607532, 0.0989582315087, 0.0489010587335, 0.0508860014379, 0.053210683167, 0.0319623574615, 0.0396211668849, 0.0272311139852, 0.0053098811768, 0.00322816800326, 0.0119895432144, 0.00237451330759, 0.000794763094746, 0.0020408667624, 0.00159485696349, 0.0008297052118, 0.000686547311489, 0.000600444036536, 0.000645751715638, 0.000237053260207, 0.000304664194118, 0.000341265636962, 7.68765676185e-05, 3.14870594593e-05],
        "mean": [0.000364062027074, 0.00528629310429, 0.00158361240756, 0.00147298316006, 0.00938259530813, 0.00165672122966, 0.00135172100272, 0.00191114610061, 0.000731172563974, 0.000939497200307, 0.000177523106686, 0.000186712000868, 9.71320769168e-05, 0.000260359462118, 7.02114048181e-05, 3.08572452923e-05, 2.93883440463e-05, 2.63149813691e-05, 1.83296833711e-05, 1.18102507258e-05, 1.14983577078e-05, 8.81134474184e-06, 6.15235921941e-06, 6.72559872328e-06, 5.48166690351e-06, 1.34784681904e-06, 3.53405141595e-07],
        "median": [0.000101336780062, 0.00174447626341, 0.000619322760031, 0.000651698734146, 0.00365998921916, 0.000979804084636, 0.0003865128092, 0.000209852718399, 0.000110455577669, 5.07829608978e-05, 4.30545696872e-05, 3.41177255905e-05, 2.41506440943e-05, 1.96078235604e-05, 2.71986027656e-05, 1.08551339508e-05, 9.0160565378e-06, 3.83879296351e-06, 2.4033624868e-06, 1.35847358251e-06, 8.73054659678e-07, 7.41474991628e-07, 8.21147182251e-07, 5.13596944529e-07, 2.9315572192e-07, 2.68732804898e-08, 4.89868190456e-09],
        "min": [9.98431665454e-25, 2.43921945009e-23, 4.12404845551e-24, 8.07436528501e-24, 2.69198910124e-23, 1.62552236368e-23, 2.51692493139e-23, 2.51588568603e-23, 1.98950799183e-23, 3.26340964873e-23, 7.14431752596e-23, 4.74285201215e-23, 3.2910708986e-23, 6.20171204793e-23, 1.14011794712e-22, 5.20314035966e-23, 1.10997689722e-22, 1.44892720413e-22, 2.14046236361e-22, 1.62855411391e-22, 3.39411632766e-22, 4.35386343761e-22, 4.67668400025e-22, 5.16337659511e-22, 1.10998298091e-21, 1.43692773361e-21, 2.35017461078e-21],
        "stdev": [0.000784160976764, 0.017236834392, 0.00491213798523, 0.00400752294809, 0.0144476806745, 0.00279497518204, 0.00362785160542, 0.00476487306878, 0.00202699936926, 0.00325777754188, 0.000892504060175, 0.00047109706793, 0.000198536872631, 0.00115468795411, 0.00013697736722, 5.71547097934e-05, 7.1443078923e-05, 7.6796823123e-05, 5.25996583747e-05, 4.27293234679e-05, 3.04470158881e-05, 3.5483200918e-05, 1.6602807591e-05, 2.47135303653e-05, 2.20571819227e-05, 5.68029918213e-06, 1.43740874137e-06],
        "var": [6.14908401531e-07, 0.000297108490486, 2.41290981648e-05, 1.60602412507e-05, 0.000208735480555, 7.81188646215e-06, 1.31613069243e-05, 2.27040163736e-05, 4.10872598877e-06, 1.06131137727e-05, 7.96563483618e-07, 2.21932438649e-07, 3.94168893081e-08, 1.33330422614e-06, 1.87627975379e-08, 3.26666094175e-09, 5.10411402033e-09, 5.89775250859e-09, 2.76672418309e-09, 1.82579495966e-09, 9.27020793462e-10, 1.2590575249e-09, 2.75653194715e-10, 6.10758610353e-10, 4.86519269316e-10, 3.2265801142e-11, 2.06614391395e-12]
    },
    "erbbands": {
        "dmean": [0.0580937005579, 0.57108604908, 1.13342654705, 2.04995775223, 3.98052382469, 17.6937999725, 13.3528680801, 8.40697193146, 11.4492778778, 25.2514476776, 13.7675857544, 16.1434307098, 15.4137306213, 7.7566986084, 6.46393871307, 5.79704523087, 3.85252332687, 6.66056585312, 2.49855279922, 2.15893578529, 0.905030608177, 0.908853769302, 1.05870306492, 0.875835359097, 0.492262780666, 0.472007334232, 0.298678606749, 0.294614166021, 0.210018336773, 0.208072051406, 0.124433323741, 0.100298292935, 0.0768153443933, 0.0530429668725, 0.0214275401086, 0.00709212338552, 0.00191397510935, 0.000345284846844, 5.13087688887e-05, 8.66614027473e-06],
        "dmean2": [0.0776723921299, 0.771918237209, 1.76182556152, 3.50282597542, 5.63642978668, 22.7834625244, 18.1917419434, 14.0684928894, 17.634683609, 37.6202354431, 21.6791820526, 26.7507572174, 22.5116519928, 12.7554531097, 10.507604599, 9.16085529327, 6.44795322418, 10.0200462341, 3.98697376251, 3.59263730049, 1.51645696163, 1.46327853203, 1.72017920017, 1.42637503147, 0.818593859673, 0.74414396286, 0.472211271524, 0.478717893362, 0.32260671258, 0.319378972054, 0.195042595267, 0.146242633462, 0.108932107687, 0.0762489810586, 0.0312359984964, 0.0103742619976, 0.00300814583898, 0.000537252228241, 7.94397565187e-05, 1.25151054817e-05],
        "dvar": [0.0535877048969, 8.20498561859, 36.4156723022, 161.273773193, 170.452026367, 1179.88378906, 628.182983398, 243.253616333, 976.409362793, 2655.64404297, 1205.36218262, 2425.30786133, 2833.14916992, 1920.72595215, 1585.46142578, 215.534179688, 80.4099349976, 764.837524414, 52.160785675, 36.7423248291, 6.85899782181, 8.70454216003, 17.2408065796, 13.5481767654, 4.32782649994, 3.85416603088, 1.33179175854, 1.28522312641, 0.754634618759, 1.06403267384, 0.223273232579, 0.170097336173, 0.107443109155, 0.0471918061376, 0.00926877371967, 0.00104670762084, 8.31126744743e-05, 2.65673043032e-06, 5.45225447013e-08, 3.60580926229e-10],
        "dvar2": [0.108684413135, 13.5228185654, 84.0020217896, 467.913909912, 486.691558838, 1996.30859375, 984.489074707, 583.97442627, 2446.27954102, 5558.31933594, 2623.49023438, 6455.08398438, 5160.74072266, 5142.22460938, 3901.96728516, 510.950286865, 220.482925415, 1512.92675781, 133.731750488, 99.4898529053, 18.0941238403, 22.6907215118, 46.2117881775, 35.6104431152, 11.3204250336, 9.60289001465, 3.35458827019, 3.58964705467, 1.87443459034, 2.48711872101, 0.514000356197, 0.333736151457, 0.18504370749, 0.0777225568891, 0.0161259025335, 0.00207570148632, 0.000198751804419, 6.64450590193e-06, 1.24264474266e-07, 7.7048850633e-10],
        "max": [4.56737661362, 45.1378707886, 93.0297088623, 173.199401855, 180.250793457, 484.802825928, 314.343048096, 364.720001221, 694.083557129, 1136.86376953, 602.713989258, 814.975280762, 1438.8482666, 1380.9395752, 1217.49963379, 271.729888916, 136.706237793, 631.184997559, 142.536087036, 171.152511597, 45.3817558289, 77.5890426636, 71.0318908691, 62.6313705444, 49.910900116, 31.9307537079, 19.8548774719, 29.9587879181, 16.8834552765, 18.6720180511, 6.83064889908, 6.32367086411, 5.93649625778, 4.35128307343, 1.64905893803, 0.529394745827, 0.147506698966, 0.0405815206468, 0.00494649633765, 0.000427018065238],
        "mean": [0.158020317554, 1.12886095047, 2.04393982887, 3.43943548203, 10.6348638535, 39.9147453308, 27.7586994171, 14.8100996017, 18.9696750641, 40.5109176636, 22.2746200562, 20.1083164215, 32.140953064, 10.8721199036, 8.4717874527, 10.0486812592, 5.55949401855, 13.9667072296, 4.70018672943, 3.37502479553, 1.57644784451, 1.45705151558, 1.58015716076, 1.24742889404, 0.715199768543, 0.608813047409, 0.46071729064, 0.438865810633, 0.280787080526, 0.266393691301, 0.193066805601, 0.144003748894, 0.114905923605, 0.0755027756095, 0.0283635891974, 0.0085421781987, 0.00215760502033, 0.000395045499317, 7.32444095775e-05, 3.15641591442e-05],
        "median": [0.0616331510246, 0.301045298576, 0.718226015568, 1.92011845112, 6.66737413406, 12.5299892426, 8.42894172668, 9.38664627075, 5.91371011734, 6.36550235748, 4.50212335587, 3.46656298637, 1.94996380806, 1.05928599834, 2.49916291237, 2.63048791885, 1.88264405727, 1.32141649723, 1.31153011322, 1.17732036114, 0.66254222393, 0.444086223841, 0.288151979446, 0.112530834973, 0.111517474055, 0.0724066346884, 0.0413397587836, 0.0396309234202, 0.0256530754268, 0.0290578231215, 0.0223624557257, 0.0129381120205, 0.00749272620305, 0.00426496798173, 0.001324847457, 0.000228629156481, 5.34935934411e-05, 8.1980269897e-06, 1.6825453713e-05, 2.26067586482e-05],
        "min": [5.25541306003e-22, 6.25825949088e-21, 9.83658708303e-21, 1.64779919484e-20, 4.75762493586e-20, 7.7656058411e-20, 5.92242319283e-20, 2.18213554314e-19, 2.81402475843e-19, 5.67429770189e-19, 5.18047863102e-19, 5.15957215802e-19, 1.0912924545e-18, 2.55314465943e-18, 2.43997270316e-18, 2.40756935023e-18, 2.12344025444e-18, 3.44366972932e-18, 4.14435271272e-18, 4.16296593087e-18, 4.40858149733e-18, 6.42508653052e-18, 8.32304251985e-18, 8.89981157275e-18, 9.98331808634e-18, 7.65883799467e-18, 1.12952224019e-17, 1.20037141771e-17, 1.49532863859e-17, 1.40419103675e-17, 1.43600705009e-17, 1.09505114253e-17, 9.69567678167e-18, 1.026455205e-17, 7.95238867763e-18, 4.87609198543e-18, 2.74551398948e-18, 1.07520110325e-18, 3.06297717149e-19, 3.82515618667e-20],
        "stdev": [0.36193844676, 4.39033174515, 6.78475046158, 9.86077213287, 14.6029472351, 67.4759750366, 48.5842971802, 22.0928840637, 46.2540512085, 90.7347259521, 55.7874526978, 52.1233901978, 122.651763916, 41.2349624634, 39.606338501, 24.0464363098, 9.64797878265, 61.8355369568, 12.1621780396, 6.7396979332, 2.8706111908, 3.15179276466, 4.11352348328, 3.74796414375, 2.1878516674, 2.07711410522, 1.34287977219, 1.23434114456, 0.990183413029, 1.07415187359, 0.530897080898, 0.494369328022, 0.446382164955, 0.281046420336, 0.121263153851, 0.0377474538982, 0.00915482640266, 0.00159154704306, 0.000247777556069, 3.50994341716e-05],
        "var": [0.130999445915, 19.27501297, 46.0328369141, 97.2348251343, 213.246078491, 4553.00732422, 2360.43383789, 488.095550537, 2139.43725586, 8232.79003906, 3112.23974609, 2716.84790039, 15043.4550781, 1700.32202148, 1568.6619873, 578.231140137, 93.0835037231, 3823.63354492, 147.918579102, 45.4235305786, 8.2404088974, 9.9337978363, 16.9210758209, 14.0472354889, 4.78669452667, 4.31440258026, 1.8033260107, 1.5235979557, 0.980463206768, 1.15380215645, 0.281851738691, 0.244401022792, 0.199257031083, 0.0789870843291, 0.0147047517821, 0.00142487022094, 8.38108389871e-05, 2.53302209785e-06, 6.13937203298e-08, 1.23197030355e-09]
    },
    "gfcc": {
        "mean": [-154.130661011, 159.278930664, -101.800048828, 3.88915681839, -54.836769104, -1.20507419109, -40.1963691711, -7.76885175705, -13.382399559, -5.83234977722, -3.62395310402, -3.42993593216, -1.28736960888],
        "cov": [[37912.875, 3138.55322266, 3144.20263672, 4407.95703125, 914.041259766, 1487.65625, 355.28729248, 71.5673828125, -328.579772949, -233.95249939, -764.146850586, -636.530456543, -272.103729248], [3138.55322266, 1828.72961426, 367.250579834, 405.158294678, 558.9296875, 49.5234909058, 110.355354309, -267.261291504, 46.2254219055, -290.954620361, 66.0621032715, -48.7669143677, 112.126693726], [3144.20263672, 367.250579834, 1322.3338623, 921.158325195, 365.091247559, 344.163909912, 212.558822632, -50.5061607361, -3.31290078163, 26.3817977905, -139.647567749, -86.3431777954, -10.5890293121], [4407.95703125, 405.158294678, 921.158325195, 1005.11419678, 294.199707031, 252.830657959, 175.660064697, -59.5292510986, -20.4105052948, 7.57087087631, -147.084411621, -94.3956298828, -25.7135009766], [914.041259766, 558.9296875, 365.091247559, 294.199707031, 381.282287598, 123.644859314, 139.005844116, -58.4965667725, -19.820350647, -79.5046081543, -3.88224411011, 11.0352230072, 27.2828140259], [1487.65625, 49.5234909058, 344.163909912, 252.830657959, 123.644859314, 265.316955566, 76.282623291, 54.9926376343, -2.35495853424, 19.5940704346, -51.5384292603, -51.866394043, -24.9812278748], [355.28729248, 110.355354309, 212.558822632, 175.660064697, 139.005844116, 76.282623291, 198.629241943, 31.6672840118, -17.1299610138, 7.96486330032, -35.7669792175, 10.0690479279, -17.64884758], [71.5673828125, -267.261291504, -50.5061607361, -59.5292510986, -58.4965667725, 54.9926376343, 31.6672840118, 252.167724609, 3.357411623, 13.6031389236, -28.7487449646, -17.3942909241, -35.4489250183], [-328.579772949, 46.2254219055, -3.31290078163, -20.4105052948, -19.820350647, -2.35495853424, -17.1299610138, 3.357411623, 123.258262634, 23.664899826, 17.3904953003, -28.6737041473, 8.55088329315], [-233.95249939, -290.954620361, 26.3817977905, 7.57087087631, -79.5046081543, 19.5940704346, 7.96486330032, 13.6031389236, 23.664899826, 132.693023682, 3.42814016342, 10.9254131317, -30.2994174957], [-764.146850586, 66.0621032715, -139.647567749, -147.084411621, -3.88224411011, -51.5384292603, -35.7669792175, -28.7487449646, 17.3904953003, 3.42814016342, 105.66280365, 36.4370574951, 22.6790161133], [-636.530456543, -48.7669143677, -86.3431777954, -94.3956298828, 11.0352230072, -51.866394043, 10.0690479279, -17.3942909241, -28.6737041473, 10.9254131317, 36.4370574951, 121.001747131, 28.3131904602], [-272.103729248, 112.126693726, -10.5890293121, -25.7135009766, 27.2828140259, -24.9812278748, -17.64884758, -35.4489250183, 8.55088329315, -30.2994174957, 22.6790161133, 28.3131904602, 78.441734314]],
        "icov": [[0.000159559232998, -0.000595652905758, 0.000239388027694, -0.000790284248069, 0.000748834339902, -0.000631661212537, 0.000481952913105, -0.000470297614811, 0.000650655187201, -0.000491887971293, 0.000439520081272, -0.000305212714011, 0.000334638461936], [-0.000595652905758, 0.00447426922619, -0.000575814861804, 0.00222798855975, -0.00477124052122, 0.00249095400795, -0.00237090419978, 0.00324150198139, -0.00401396816596, 0.00560526736081, -0.00357153546065, 0.00214751344174, -0.00156489515211], [0.000239388027694, -0.000575814861804, 0.00304940389469, -0.00301297102123, 3.86466381315e-05, -0.00217768875882, 0.0003860782017, -0.00023800796771, 0.000530088844243, -0.00112642010208, 0.00101213692687, -0.000137736671604, -0.000385985011235], [-0.000790284248069, 0.00222798855975, -0.00301297102123, 0.00742103112862, -0.00395859777927, 0.003206736641, -0.0024044518359, 0.00242083962075, -0.00231844419613, 0.000618775491603, 0.000380151177524, 0.00226815929636, -0.00138595583849], [0.000748834339902, -0.00477124052122, 3.86466381315e-05, -0.00395859777927, 0.0128935948014, -0.00546637177467, -0.00106638600118, -0.00193204800598, 0.0038165806327, -3.87997024518e-05, 0.000349238456693, -0.00437900749967, 0.00183545984328], [-0.000631661212537, 0.00249095400795, -0.00217768875882, 0.003206736641, -0.00546637177467, 0.00999250262976, -0.00138856598642, -0.00012967523071, -0.00187778519467, -0.000272757431958, -0.00106796389446, 0.00369086675346, -0.00120613002218], [0.000481952913105, -0.00237090419978, 0.0003860782017, -0.0024044518359, -0.00106638600118, -0.00138856598642, 0.0105836028233, -0.00353148113936, 0.0026633059606, -0.00473282998428, 0.00410681497306, -0.00272025750019, 0.00271483394317], [-0.000470297614811, 0.00324150198139, -0.00023800796771, 0.00242083962075, -0.00193204800598, -0.00012967523071, -0.00353148113936, 0.00778662553057, -0.00357506354339, 0.00509886676446, -0.00163086748216, 0.00121111457702, 0.000245164555963], [0.000650655187201, -0.00401396816596, 0.000530088844243, -0.00231844419613, 0.0038165806327, -0.00187778519467, 0.0026633059606, -0.00357506354339, 0.0140702463686, -0.0079493643716, 0.00123891432304, 0.00251761707477, -0.00150686455891], [-0.000491887971293, 0.00560526736081, -0.00112642010208, 0.000618775491603, -3.87997024518e-05, -0.000272757431958, -0.00473282998428, 0.00509886676446, -0.0079493643716, 0.0215245820582, -0.00749208265916, -0.00204579858109, 0.00358350249007], [0.000439520081272, -0.00357153546065, 0.00101213692687, 0.000380151177524, 0.000349238456693, -0.00106796389446, 0.00410681497306, -0.00163086748216, 0.00123891432304, -0.00749208265916, 0.0185921508819, -0.00369680649601, -0.000453456974356], [-0.000305212714011, 0.00214751344174, -0.000137736671604, 0.00226815929636, -0.00437900749967, 0.00369086675346, -0.00272025750019, 0.00121111457702, 0.00251761707477, -0.00204579858109, -0.00369680649601, 0.014910267666, -0.00614741165191], [0.000334638461936, -0.00156489515211, -0.000385985011235, -0.00138595583849, 0.00183545984328, -0.00120613002218, 0.00271483394317, 0.000245164555963, -0.00150686455891, 0.00358350249007, -0.000453456974356, -0.00614741165191, 0.0192371476442]]
    },
    "melbands": {
        "dmean": [0.000580021413043, 0.0005795173347, 0.000385682127671, 0.000682497979142, 0.000643856241368, 0.000183191150427, 0.000176609508344, 0.000295763282338, 0.000110834356747, 9.37628428801e-05, 7.56677181926e-05, 3.22267478623e-05, 2.0571756977e-05, 1.56397181854e-05, 1.22528863358e-05, 4.78444735563e-06, 1.48886465468e-05, 4.19612752012e-06, 2.96562484436e-06, 2.21975869863e-06, 1.05889716906e-06, 7.8170381812e-07, 1.4587089936e-06, 8.40948018777e-07, 7.24389281004e-07, 4.58642062995e-07, 2.15567737882e-07, 3.73898814132e-07, 2.45633572149e-07, 1.51436125861e-07, 1.96163313149e-07, 1.08850784386e-07, 1.64482415244e-07, 8.53658264077e-08, 7.33638785277e-08, 6.66190302923e-08, 6.1679749308e-08, 5.78541978768e-08, 5.33843440564e-08, 4.28944986197e-08],
        "dmean2": [0.000774448388256, 0.000826906471048, 0.000625306158327, 0.000883899163455, 0.000846689858008, 0.000303627544781, 0.00027008636971, 0.000444656412583, 0.000178911883268, 0.000155917005031, 0.00011035992793, 5.29486569576e-05, 3.35068980348e-05, 2.49198928941e-05, 2.00149916054e-05, 8.08423919807e-06, 2.23182196351e-05, 6.56295924273e-06, 4.90517777507e-06, 3.69441045223e-06, 1.78013726782e-06, 1.24423729631e-06, 2.41996099248e-06, 1.37152085244e-06, 1.1820986856e-06, 7.76686931658e-07, 3.54265949909e-07, 6.16071019977e-07, 4.01584344445e-07, 2.43551113499e-07, 3.25309770233e-07, 1.6876597897e-07, 2.57035452478e-07, 1.32428240818e-07, 1.19928159847e-07, 9.72270015609e-08, 9.04112624767e-08, 8.6171979774e-08, 7.81830067353e-08, 6.33883203704e-08],
        "dvar": [6.1667387854e-06, 8.3367121988e-06, 4.81468759972e-06, 1.42657597735e-06, 1.61279149324e-06, 1.18022917661e-07, 2.54505437169e-07, 3.88299667975e-07, 8.59073807646e-08, 7.96898191879e-08, 6.90624730737e-08, 3.82850089409e-08, 1.67436535747e-08, 2.45160292067e-09, 6.88671009108e-10, 1.34187064238e-10, 3.9373539984e-09, 1.51830881201e-10, 5.75305809936e-11, 2.98421010125e-11, 1.0363234576e-11, 4.50319382478e-12, 2.77456547321e-11, 1.96536259489e-11, 9.56772595179e-12, 4.88884670594e-12, 4.49119663985e-13, 3.10600872279e-12, 1.21036622565e-12, 2.93735928593e-13, 7.03628399035e-13, 2.00960233697e-13, 6.76168051671e-13, 1.55765157717e-13, 8.34273242937e-14, 5.78356468077e-14, 6.95293364441e-14, 6.1442130138e-14, 5.46894445691e-14, 2.98839695123e-14],
        "dvar2": [1.01147761598e-05, 1.56982951012e-05, 1.39186813612e-05, 2.94021515401e-06, 2.26874317377e-06, 2.67115723318e-07, 6.16037482359e-07, 8.2796151446e-07, 2.01160602842e-07, 2.1416359175e-07, 1.26199537931e-07, 1.02459296158e-07, 4.24812647282e-08, 5.85565773648e-09, 1.83489667904e-09, 3.64294011623e-10, 7.73783970232e-09, 3.97118893325e-10, 1.54015702969e-10, 8.01879257439e-11, 2.82235953358e-11, 1.12418303833e-11, 7.39816610751e-11, 5.30115985831e-11, 2.48623881899e-11, 1.3130041325e-11, 1.07555934645e-12, 8.12297624997e-12, 3.14677819392e-12, 7.72313907705e-13, 1.98765223031e-12, 5.00152762088e-13, 1.69960855285e-12, 3.4356580623e-13, 2.06367109274e-13, 1.19350886054e-13, 1.33540449749e-13, 1.15600983105e-13, 9.6141932577e-14, 5.1021341286e-14],
        "max": [0.040996838361, 0.0475497320294, 0.0292377751321, 0.0159265268594, 0.0165168642998, 0.00847298838198, 0.0111018354073, 0.0136207388714, 0.00511468248442, 0.00441398797557, 0.00707133067772, 0.00624294346198, 0.0039787213318, 0.00130163435824, 0.000404542312026, 0.000180797374924, 0.00143939512782, 0.000211671795114, 0.000159787159646, 0.000144809295307, 5.58214414923e-05, 5.10381396452e-05, 0.000141488926602, 0.000125249338453, 5.81343592785e-05, 4.98292756674e-05, 1.26230079331e-05, 2.80132881016e-05, 1.99313562916e-05, 1.53924720507e-05, 2.74337999144e-05, 8.37700281409e-06, 1.63892455021e-05, 6.43551629764e-06, 4.87695388074e-06, 3.95449433199e-06, 4.01849092668e-06, 4.20151081926e-06, 4.84756719743e-06, 3.23743120134e-06],
        "mean": [0.00144555827137, 0.00122429127805, 0.000772705650888, 0.00176698749419, 0.0013692015782, 0.000321528292261, 0.000286498718197, 0.000475869048387, 0.000167641570442, 0.000115193535748, 0.000155885150889, 4.12094923377e-05, 2.51521796599e-05, 2.55180475506e-05, 1.88519534277e-05, 6.22547122475e-06, 3.09887982439e-05, 7.48359025238e-06, 4.56122825199e-06, 3.4204581425e-06, 1.61708612723e-06, 1.2820213442e-06, 2.00650151783e-06, 1.16058470212e-06, 9.94641482066e-07, 5.78223421144e-07, 3.40961264556e-07, 4.33599041116e-07, 3.25910349375e-07, 2.53361577052e-07, 2.60390152107e-07, 1.43488989579e-07, 1.90250304399e-07, 1.19251879482e-07, 1.0830043351e-07, 1.02144461778e-07, 8.23492314339e-08, 8.23474763934e-08, 7.62411644928e-08, 5.95318851992e-08],
