{
"highlevel": {
    "danceability": {
        "all": {
            "danceable": 0.997538566589,
            "not_danceable": 0.00246142409742
        },
        "probability": 0.997538566589,
        "value": "danceable"
    },
    "gender": {
        "all": {
            "female": 0.959032356739,
            "male": 0.0409676507115
        },
        "probability": 0.959032356739,
        "value": "female"
    },
    "genre_electronic": {
        "all": {
            "ambient": 0.0421021990478,
            "dnb": 0.00289882859215,
            "house": 0.485999584198,
            "techno": 0.433621317148,
            "trance": 0.0353780500591
        },
        "probability": 0.485999584198,
        "value": "house"
    },
    "mood_acoustic": {
        "all": {
            "acoustic": 0.039797116071,
            "not_acoustic": 0.960202872753
        },
        "probability": 0.960202872753,
        "value": "not_acoustic"
    },
    "mood_aggressive": {
        "all": {
            "aggressive": 0.0480001233518,
            "not_aggressive": 0.951999902725
        },
        "probability": 0.951999902725,
        "value": "not_aggressive"
    },
    "mood_electronic": {
        "all": {
            "electronic": 0.948973119259,
            "not_electronic": 0.0510268770158
        },
        "probability": 0.948973119259,
        "value": "electronic"
    },
    "mood_happy": {
        "all": {
            "happy": 0.267002791166,
            "not_happy": 0.732997238636
        },
        "probability": 0.732997238636,
        "value": "not_happy"
    },
    "mood_party": {
        "all": {
            "not_party": 0.222116038203,
            "party": 0.777883946896
        },
        "probability": 0.777883946896,
        "value": "party"
    },
    "mood_relaxed": {
        "all": {
            "not_relaxed": 0.0752349048853,
            "relaxed": 0.924765110016
        },
        "probability": 0.924765110016,
        "value": "relaxed"
    },
    "mood_sad": {
        "all": {
            "not_sad": 0.888316333294,
            "sad": 0.111683674157
        },
        "probability": 0.888316333294,
        "value": "not_sad"
    },
    "moods_mirex": {
        "all": {
            "Cluster1": 0.072551690042,
            "Cluster2": 0.130936145782,
            "Cluster3": 0.0303801000118,
            "Cluster4": 0.727099657059,
            "Cluster5": 0.0390324369073
        },
        "probability": 0.727099657059,
        "value": "Cluster4"
    },
    "timbre": {
        "all": {
            "bright": 0.519138395786,
            "dark": 0.480861574411
        },
        "probability": 0.519138395786,
        "value": "bright"
    },
    "tonal_atonal": {
        "all": {
            "atonal": 0.999996721745,
            "tonal": 3.29033377966e-06
        },
        "probability": 0.999996721745,
        "value": "atonal"
    },
    "voice_instrumental": {
        "all": {
            "instrumental": 0.00563280330971,
            "voice": 0.994367182255
        },
        "probability": 0.994367182255,
        "value": "voice"
    }
},
"lowlevel": {
    "average_loudness": 0.960934698582,
    "barkbands_crest": {
        "dmean": 3.18229460716,
        "dmean2": 4.87805652618,
        "dvar": 14.9836740494,
        "dvar2": 29.8888320923,
        "max": 26.5035629272,
        "mean": 18.254825592,
        "median": 21.5741786957,
        "min": 2.66389417648,
        "stdev": 7.02589273453,
        "var": 49.3631668091
    },
    "barkbands_flatness_db": {
        "dmean": 0.0572989843786,
        "dmean2": 0.0750377327204,
        "dvar": 0.0027544691693,
        "dvar2": 0.00557076698169,
        "max": 0.787194490433,
        "mean": 0.304509043694,
        "median": 0.294701933861,
        "min": 0.0382987037301,
        "stdev": 0.137890979648,
        "var": 0.0190139207989
    },
    "barkbands_kurtosis": {
        "dmean": 50.8442192078,
        "dmean2": 75.3510284424,
        "dvar": 8081.75048828,
        "dvar2": 18569.5175781,
        "max": 1181.88647461,
        "mean": 93.0294647217,
        "median": 29.7187957764,
        "min": -1.88424026966,
        "stdev": 143.067810059,
        "var": 20468.3984375
    },
    "barkbands_skewness": {
        "dmean": 2.05684447289,
        "dmean2": 2.88569903374,
        "dvar": 4.70109128952,
        "dvar2": 10.0533685684,
        "max": 30.0616283417,
        "mean": 5.95869636536,
        "median": 4.53928661346,
        "min": -3.45635032654,
        "stdev": 5.02271461487,
        "var": 25.2276630402
    },
    "barkbands_spread": {
        "dmean": 6.93381977081,
        "dmean2": 10.8987426758,
        "dvar": 147.382614136,
        "dvar2": 321.638885498,
        "max": 104.065216064,
        "mean": 12.2300024033,
        "median": 3.87645483017,
        "min": 0.073170915246,
        "stdev": 18.7679748535,
        "var": 352.236846924
    },
    "dissonance": {
        "dmean": 0.0293437838554,
        "dmean2": 0.0499640256166,
        "dvar": 0.00098642334342,
        "dvar2": 0.00273212837055,
        "max": 0.500000178814,
        "mean": 0.455965578556,
        "median": 0.466470748186,
        "min": 0.148140013218,
        "stdev": 0.0378694050014,
        "var": 0.00143409194425
    },
    "dynamic_complexity": 3.71808433533,
    "erbbands_crest": {
        "dmean": 2.89506697655,
        "dmean2": 4.64281320572,
        "dvar": 6.85680294037,
        "dvar2": 16.2549934387,
        "max": 28.3254909515,
        "mean": 9.53419208527,
        "median": 8.57439613342,
        "min": 2.14192938805,
        "stdev": 4.56816291809,
        "var": 20.8681144714
    },
    "erbbands_flatness_db": {
        "dmean": 0.0309873316437,
        "dmean2": 0.0464255064726,
        "dvar": 0.00114620139357,
        "dvar2": 0.0023240656592,
        "max": 0.434354603291,
        "mean": 0.180405408144,
        "median": 0.1681971699,
        "min": 0.0601305961609,
        "stdev": 0.0707732066512,
        "var": 0.00500884698704
    },
    "erbbands_kurtosis": {
        "dmean": 1.91578388214,
        "dmean2": 3.03895711899,
        "dvar": 14.5184612274,
        "dvar2": 34.8590087891,
        "max": 178.557449341,
        "mean": 1.23795759678,
        "median": -0.151211023331,
        "min": -1.83353722095,
        "stdev": 5.27264881134,
        "var": 27.800825119
    },
    "erbbands_skewness": {
        "dmean": 0.634218752384,
        "dmean2": 0.993744790554,
        "dvar": 0.415709376335,
        "dvar2": 0.978674709797,
        "max": 10.0836992264,
        "mean": 0.679367601871,
        "median": 0.583170831203,
        "min": -3.10223126411,
        "stdev": 1.11248314381,
        "var": 1.23761880398
    },
    "erbbands_spread": {
        "dmean": 18.0233592987,
        "dmean2": 28.3147163391,
        "dvar": 478.228729248,
        "dvar2": 1047.09960938,
        "max": 177.496444702,
        "mean": 54.1399002075,
        "median": 42.1407012939,
        "min": 0.980304121971,
        "stdev": 37.1610412598,
        "var": 1380.94311523
    },
    "hfc": {
        "dmean": 7.17132902145,
        "dmean2": 12.5381546021,
        "dvar": 183.329910278,
        "dvar2": 511.977386475,
        "max": 135.427627563,
        "mean": 12.1326131821,
        "median": 10.607626915,
        "min": 1.20191592935e-16,
        "stdev": 12.4198541641,
        "var": 154.2527771
    },
    "loudness_ebu128": {
        "integrated": -11.0523872375,
        "loudness_range": 4.00361347198,
        "momentary": {
            "dmean": 0.495745897293,
            "dmean2": 0.674986183643,
            "dvar": 0.303481370211,
            "dvar2": 0.230489313602,
            "max": -8.39202594757,
            "mean": -12.1858520508,
            "median": -10.8921928406,
            "min": -90.6650314331,
            "stdev": 4.49935054779,
            "var": 20.2441558838
        },
        "short_term": {
            "dmean": 0.160466939211,
            "dmean2": 0.176871031523,
            "dvar": 0.0175865944475,
            "dvar2": 0.0173504594713,
            "max": -9.70110988617,
            "mean": -11.8806409836,
            "median": -10.820728302,
            "min": -31.81158638,
            "stdev": 3.26286554337,
            "var": 10.6462917328
        }
    },
    "melbands_crest": {
        "dmean": 3.63207221031,
        "dmean2": 5.05264091492,
        "dvar": 16.6564178467,
        "dvar2": 34.6311187744,
        "max": 35.6324806213,
        "mean": 24.6096839905,
        "median": 25.8848590851,
        "min": 1.68138170242,
        "stdev": 9.60817432404,
        "var": 92.3170089722
    },
    "melbands_flatness_db": {
        "dmean": 0.0699467286468,
        "dmean2": 0.0907800942659,
        "dvar": 0.00428682612255,
        "dvar2": 0.00872084591538,
        "max": 0.944385528564,
        "mean": 0.394336074591,
        "median": 0.385436505079,
        "min": 0.00644161831588,
        "stdev": 0.171870201826,
        "var": 0.0295393653214
    },
    "melbands_kurtosis": {
        "dmean": 87.1305389404,
        "dmean2": 119.543083191,
        "dvar": 19441.6894531,
        "dvar2": 41140.25,
        "max": 2107.00732422,
        "mean": 175.198684692,
        "median": 71.4514770508,
        "min": -1.74643027782,
        "stdev": 255.982269287,
        "var": 65526.921875
    },
    "melbands_skewness": {
        "dmean": 2.53084635735,
        "dmean2": 3.42298841476,
        "dvar": 7.3025803566,
        "dvar2": 15.6551246643,
        "max": 36.0142745972,
        "mean": 8.00728702545,
        "median": 6.22604894638,
        "min": -2.30950951576,
        "stdev": 6.12887620926,
        "var": 37.5631256104
    },
    "melbands_spread": {
        "dmean": 7.80191850662,
        "dmean2": 12.4828414917,
        "dvar": 324.554321289,
        "dvar2": 759.157409668,
        "max": 195.586929321,
        "mean": 10.9202356339,
        "median": 2.62548685074,
        "min": 0.105272859335,
        "stdev": 21.8496799469,
        "var": 477.408538818
    },
    "pitch_salience": {
        "dmean": 0.10485355556,
        "dmean2": 0.14410763979,
        "dvar": 0.0121921859682,
        "dvar2": 0.0265151448548,
        "max": 0.877214312553,
        "mean": 0.323215663433,
        "median": 0.251810759306,
        "min": 0.0160300452262,
        "stdev": 0.226794064045,
        "var": 0.0514355488122
    },
    "silence_rate_20dB": {
        "dmean": 0,
        "dmean2": 0,
        "dvar": 0,
        "dvar2": 0,
        "max": 1,
        "mean": 1,
        "median": 1,
        "min": 1,
        "stdev": 0,
        "var": 0
    },
    "silence_rate_30dB": {
        "dmean": 0.0908886417747,
        "dmean2": 0.181787505746,
        "dvar": 0.0826332494617,
        "dvar2": 0.151090398431,
        "max": 1,
        "mean": 0.578201472759,
        "median": 1,
        "min": 0,
        "stdev": 0.4938390553,
        "var": 0.243877023458
    },
    "silence_rate_60dB": {
        "dmean": 0.0568053983152,
        "dmean2": 0.113617189229,
        "dvar": 0.053584035486,
        "dvar2": 0.124899469316,
        "max": 1,
        "mean": 0.0981384590268,
        "median": 0,
        "min": 0,
        "stdev": 0.29751804471,
        "var": 0.0885169878602
    },
    "spectral_centroid": {
        "dmean": 375.167205811,
        "dmean2": 619.509277344,
        "dvar": 305084.75,
        "dvar2": 719865.9375,
        "max": 10970.7548828,
        "mean": 815.959899902,
        "median": 510.582580566,
        "min": 54.4637985229,
        "stdev": 781.889221191,
        "var": 611350.75
    },
    "spectral_complexity": {
        "dmean": 2.67649054527,
        "dmean2": 4.21969747543,
        "dvar": 9.11748409271,
        "dvar2": 22.4209041595,
        "max": 42,
        "mean": 7.429728508,
        "median": 7,
        "min": 0,
        "stdev": 4.51866769791,
        "var": 20.4183597565
    },
    "spectral_decrease": {
        "dmean": 7.26033277942e-09,
        "dmean2": 8.85206041801e-09,
        "dvar": 7.49232868803e-17,
        "dvar2": 1.58330402821e-16,
        "max": 1.7052875301e-18,
        "mean": -2.47730334024e-08,
        "median": -1.4425471484e-08,
        "min": -7.45770663002e-08,
        "stdev": 2.40132038698e-08,
        "var": 5.76633931288e-16
    },
    "spectral_energy": {
        "dmean": 0.027780584991,
        "dmean2": 0.0340990498662,
        "dvar": 0.00110051583033,
        "dvar2": 0.00236578960903,
        "max": 0.283306896687,
        "mean": 0.0945999473333,
        "median": 0.0556384511292,
        "min": 1.07139688346e-20,
        "stdev": 0.0910153612494,
        "var": 0.00828379578888
    },
    "spectral_energyband_high": {
        "dmean": 0.000558368104976,
        "dmean2": 0.00102011137642,
        "dvar": 1.91625235857e-06,
        "dvar2": 5.4237243603e-06,
        "max": 0.0137841776013,
        "mean": 0.000559606298339,
        "median": 3.98214651796e-05,
        "min": 7.71309328157e-21,
        "stdev": 0.00120064930525,
        "var": 1.44155887938e-06
    },
    "spectral_energyband_low": {
        "dmean": 0.0237540863454,
        "dmean2": 0.0223360527307,
        "dvar": 0.000630057358649,
        "dvar2": 0.000600972678512,
        "max": 0.279562294483,
        "mean": 0.0864676460624,
        "median": 0.0412619262934,
        "min": 5.17599849581e-23,
        "stdev": 0.0904794856906,
        "var": 0.00818653777242
    },
    "spectral_energyband_middle_high": {
        "dmean": 0.000401730416343,
        "dmean2": 0.000670241890475,
        "dvar": 5.76943136821e-07,
        "dvar2": 1.50965638568e-06,
        "max": 0.0107140429318,
        "mean": 0.000604749133345,
        "median": 0.000337350589689,
        "min": 1.46863332819e-21,
        "stdev": 0.000833957805298,
        "var": 6.95485653068e-07
    },
    "spectral_energyband_middle_low": {
        "dmean": 0.011451151222,
        "dmean2": 0.0209565870464,
        "dvar": 0.00102720514406,
        "dvar2": 0.00293401977979,
        "max": 0.198904722929,
        "mean": 0.00901395082474,
        "median": 0.00236969767138,
        "min": 1.93115964254e-22,
        "stdev": 0.024967154488,
        "var": 0.000623358821031
    },
    "spectral_entropy": {
        "dmean": 0.429427117109,
        "dmean2": 0.656899333,
        "dvar": 0.234804317355,
        "dvar2": 0.493974804878,
        "max": 9.80465126038,
        "mean": 7.09604549408,
        "median": 7.13411998749,
        "min": 3.93229818344,
        "stdev": 0.912793397903,
        "var": 0.833191812038
    },
    "spectral_flux": {
        "dmean": 0.046783067286,
        "dmean2": 0.0639309957623,
        "dvar": 0.00380963436328,
        "dvar2": 0.0061010858044,
        "max": 0.45048853755,
        "mean": 0.10616722703,
        "median": 0.0715897530317,
        "min": 6.84979573062e-11,
        "stdev": 0.0965272858739,
        "var": 0.00931751728058
    },
    "spectral_kurtosis": {
        "dmean": 8.62571334839,
        "dmean2": 13.8657398224,
        "dvar": 183.390655518,
        "dvar2": 444.998291016,
        "max": 248.006103516,
        "mean": 14.8995065689,
        "median": 5.52802848816,
        "min": -1.24921119213,
        "stdev": 21.9495773315,
        "var": 481.783935547
    },
    "spectral_rms": {
        "dmean": 0.00165785185527,
        "dmean2": 0.00210426119156,
        "dvar": 3.6109317989e-06,
        "dvar2": 8.00373436505e-06,
        "max": 0.0166251920164,
        "mean": 0.00805715378374,
        "median": 0.00736759230494,
        "min": 3.23305618388e-12,
        "stdev": 0.00523204915226,
        "var": 2.73743389698e-05
    },
    "spectral_rolloff": {
        "dmean": 618.690185547,
        "dmean2": 1078.12512207,
        "dvar": 2757495.75,
        "dvar2": 6338470,
        "max": 18927.6855469,
        "mean": 868.001159668,
        "median": 107.666015625,
        "min": 64.599609375,
        "stdev": 2013.16088867,
        "var": 4052817
    },
    "spectral_skewness": {
        "dmean": 0.75509172678,
        "dmean2": 1.18562161922,
        "dvar": 0.78657245636,
        "dvar2": 1.83740139008,
        "max": 12.8372716904,
        "mean": 2.39021110535,
        "median": 1.9996894598,
        "min": -0.00483998237178,
        "stdev": 1.72041869164,
        "var": 2.95984053612
    },
    "spectral_spread": {
        "dmean": 1121962.75,
        "dmean2": 1705711.625,
        "dvar": 2.15094329344e+12,
        "dvar2": 3.76727116186e+12,
        "max": 42180028,
        "mean": 4884873,
        "median": 4261570,
        "min": 332523.90625,
        "stdev": 3062064,
        "var": 9.37623552e+12
    },
    "spectral_strongpeak": {
        "dmean": 0.190026164055,
        "dmean2": 0.259448200464,
        "dvar": 0.107080288231,
        "dvar2": 0.283132106066,
        "max": 5.07375335693,
        "mean": 0.646651208401,
        "median": 0.599761366844,
        "min": 1.42928791025e-09,
        "stdev": 0.456508249044,
        "var": 0.208399772644
    },
    "zerocrossingrate": {
        "dmean": 0.0133803067729,
        "dmean2": 0.0158213675022,
        "dvar": 0.000433253473602,
        "dvar2": 0.000538091058843,
        "max": 0.6787109375,
        "mean": 0.0340620465577,
        "median": 0.01513671875,
        "min": 0.001953125,
        "stdev": 0.0511232428253,
        "var": 0.0026135861408
    },
    "barkbands": {
        "dmean": [0.00169191462919, 0.0218002162874, 0.00532154692337, 0.00566132506356, 0.00480882171541, 0.00047693241504, 0.000544665264897, 0.000531428668182, 0.000286589405732, 0.00014992315846, 6.6845517722e-05, 6.30713693681e-05, 5.42550551472e-05, 8.30325006973e-05, 3.22628293361e-05, 3.00814408547e-05, 3.11468647851e-05, 1.67186117324e-05, 2.13583552977e-05, 7.10282110958e-05, 4.77550565847e-05, 0.00011714782886, 0.000134045534651, 0.000120053475257, 0.000108719839773, 6.51631717119e-06, 6.15668014348e-08],
        "dmean2": [0.00139694544487, 0.0186575148255, 0.00961707811803, 0.0107521638274, 0.00879604835063, 0.00074558367487, 0.000938837649301, 0.000874768418726, 0.000521213805769, 0.000267367926426, 0.000109401546069, 0.000109864136903, 8.96870697034e-05, 0.000141645592521, 5.59048457944e-05, 4.75204869872e-05, 5.4356543842e-05, 2.88121118501e-05, 3.57119679393e-05, 0.000129910884425, 8.61154112499e-05, 0.000211460574064, 0.000248249270953, 0.000211208825931, 0.000201048896997, 1.17955514725e-05, 1.13091026321e-07],
        "dvar": [5.41045938007e-06, 0.000671373098157, 0.000173412336153, 0.000266576767899, 0.000203487870749, 7.48577406284e-07, 9.09618336209e-07, 2.42955297836e-06, 5.98145618369e-07, 1.31942513804e-07, 3.96108710277e-08, 2.7182277762e-08, 2.33218226953e-08, 2.17244622291e-08, 4.40298730808e-09, 1.07898037172e-08, 3.1918334642e-09, 1.17716170145e-09, 1.59656676768e-09, 2.87443864266e-08, 1.36301290254e-08, 8.40504839061e-08, 9.95616318278e-08, 7.60813350098e-08, 7.59773612913e-08, 3.48030992914e-10, 1.29713988574e-13],
        "dvar2": [4.16589818997e-06, 0.000521005888004, 0.000486778357299, 0.00078471051529, 0.000580773397814, 1.87745786207e-06, 2.46532044912e-06, 5.92941751165e-06, 1.69246402493e-06, 3.71899687934e-07, 8.95841267834e-08, 6.80811496068e-08, 5.82737413879e-08, 5.68867051243e-08, 1.1825432189e-08, 2.2565146196e-08, 8.6746743122e-09, 3.05415892576e-09, 3.98848243321e-09, 8.08280660181e-08, 3.6923722746e-08, 2.37154907268e-07, 2.8675421504e-07, 2.07741607028e-07, 2.17585593987e-07, 9.7452745873e-10, 3.75325123628e-13],
        "max": [0.0232005231082, 0.25769457221, 0.093739464879, 0.108603775501, 0.0983022078872, 0.00758327404037, 0.0101488819346, 0.0563125051558, 0.00875661149621, 0.00675756298006, 0.00738959480077, 0.0050048311241, 0.00575494626537, 0.00332300155424, 0.000980171258561, 0.00272326706909, 0.000874288845807, 0.000910550414119, 0.000843725691084, 0.00204852060415, 0.00187590683345, 0.00284747080877, 0.00323951966129, 0.00289786304347, 0.00325688463636, 0.000310303090373, 1.20628328659e-05],
        "mean": [0.00487320870161, 0.075911745429, 0.0036734957248, 0.00377903715707, 0.00340467272326, 0.00051692861598, 0.000519506051205, 0.000501260801684, 0.000212073893636, 0.000135603258968, 8.40998327476e-05, 7.02446559444e-05, 7.10305757821e-05, 0.00010241891141, 3.5766253859e-05, 3.83985898225e-05, 3.37445453624e-05, 2.29765155382e-05, 2.59933312918e-05, 6.21515282546e-05, 4.2029110773e-05, 0.000102086742118, 0.000138459028676, 0.000139377574669, 9.8320262623e-05, 4.4981143219e-06, 4.07338802688e-08],
        "median": [0.000492509570904, 0.027824215591, 0.000479714246467, 0.000500744616147, 0.000485399563331, 0.000222713875701, 0.000201455986826, 9.9132739706e-05, 5.04317686136e-05, 4.90612655994e-05, 3.68457076547e-05, 2.26262163778e-05, 3.14809622068e-05, 5.00815731357e-05, 1.33481307785e-05, 7.89891146269e-06, 1.23686695588e-05, 8.5701185526e-06, 8.01695296104e-06, 6.91261857355e-06, 4.36565051132e-06, 6.18048443357e-06, 6.92014418746e-06, 7.73328793002e-06, 3.04965283249e-06, 8.18751857423e-08, 2.57864507525e-09],
        "min": [2.04915849804e-24, 1.03847463943e-23, 9.07654443419e-24, 1.59639698797e-23, 2.29647869805e-23, 3.25894722036e-23, 8.76228985968e-24, 4.49892044304e-23, 3.52284864551e-23, 3.97067393736e-23, 5.41790868774e-23, 8.32091492569e-23, 4.83015808843e-23, 6.76913969705e-23, 1.57354753718e-22, 1.75048146516e-22, 1.48101907549e-22, 2.13450665311e-22, 1.85627478075e-22, 2.28230384578e-22, 3.62778046188e-22, 6.586341314e-22, 6.29075955043e-22, 7.60698293226e-22, 1.04512301399e-21, 1.69057380292e-21, 2.17119603107e-21],
        "stdev": [0.00657251896337, 0.0855791419744, 0.0103226806968, 0.0122488215566, 0.0110608944669, 0.000845766509883, 0.000867865164764, 0.00157953053713, 0.000604536558967, 0.000299030711176, 0.000244642782491, 0.000193112398847, 0.000168942016899, 0.000159381335834, 6.58377612126e-05, 0.000126876198919, 5.85639972996e-05, 4.6439399739e-05, 4.96585707879e-05, 0.000147648490383, 0.00010707169713, 0.000241810135776, 0.000288640352665, 0.000273195211776, 0.000234625011217, 1.48758390424e-05, 2.6998014846e-07],
        "var": [4.31980042777e-05, 0.00732378894463, 0.00010655773076, 0.000150033622049, 0.000122343393741, 7.1532099355e-07, 7.53189965508e-07, 2.49491677096e-06, 3.65464444485e-07, 8.94193732393e-08, 5.9850094658e-08, 3.72923985026e-08, 2.85414056833e-08, 2.54024108415e-08, 4.33461089244e-09, 1.6097571276e-08, 3.42974160183e-09, 2.1566179953e-09, 2.4659736475e-09, 2.18000764107e-08, 1.14643485816e-08, 5.84721391306e-08, 8.33132602907e-08, 7.46356292325e-08, 5.50488969964e-08, 2.2129058308e-10, 7.28892789767e-14]
    },
    "erbbands": {
        "dmean": [1.13376629353, 3.26794910431, 5.36869716644, 13.1760282516, 20.3036727905, 13.5388774872, 5.4091963768, 4.23680496216, 7.20889186859, 11.3669691086, 7.46671009064, 7.09379291534, 6.52409982681, 2.77484631538, 2.72417521477, 2.75546312332, 2.52391505241, 4.34075880051, 2.07742881775, 1.6258854866, 1.4623554945, 1.5166207552, 1.05969548225, 0.806728541851, 1.50422084332, 3.38706231117, 2.13905096054, 2.77359390259, 4.41698598862, 2.83850765228, 4.95629882812, 2.72933006287, 2.07162070274, 1.50195991993, 0.583198487759, 0.0704019218683, 0.00671108812094, 0.000447495054686, 3.25822948071e-05, 3.17236845149e-05],
        "dmean2": [0.902419686317, 3.83572888374, 8.99157238007, 24.3921451569, 38.3816566467, 24.5002861023, 8.5903377533, 6.90110063553, 12.3660078049, 18.4238739014, 12.944770813, 12.9615793228, 11.7502727509, 4.75611829758, 4.46552085876, 4.75113582611, 4.17873382568, 7.35781526566, 3.61277294159, 2.66792416573, 2.37140607834, 2.6535615921, 1.83488297462, 1.39413654804, 2.484572649, 6.26419830322, 3.87676334381, 5.07113218307, 8.02667331696, 5.07547473907, 9.21895503998, 4.88427829742, 3.6574037075, 2.75823402405, 1.0862030983, 0.128664299846, 0.012202356942, 0.000817370018922, 5.37628293387e-05, 4.07440202252e-05],
        "dvar": [2.04614758492, 21.4035682678, 151.480651855, 1180.31079102, 4093.74926758, 1487.88830566, 116.82875061, 69.306350708, 173.701568604, 873.661987305, 364.198394775, 361.770568848, 322.037689209, 29.9794826508, 79.6841278076, 54.4046974182, 56.812915802, 61.4049072266, 17.315612793, 14.2123575211, 14.1934165955, 7.79230165482, 4.32863664627, 2.67862415314, 7.88365268707, 72.3492050171, 26.6194667816, 50.2116928101, 127.325614929, 44.3265800476, 147.561752319, 40.7505378723, 22.4294528961, 13.9436073303, 2.42727899551, 0.0360899269581, 0.000430467975093, 3.33604202751e-06, 6.29950269726e-09, 1.40098932455e-09],
        "dvar2": [1.18271803856, 27.6912078857, 409.784698486, 3405.63793945, 11868.7373047, 4205.43457031, 282.806091309, 182.050491333, 473.011810303, 2137.23754883, 954.932434082, 1026.64477539, 915.036804199, 78.306602478, 180.914306641, 135.985992432, 140.53717041, 159.12008667, 47.6971664429, 32.1651649475, 31.6725101471, 21.392999649, 11.0646495819, 7.07720804214, 19.3355312347, 205.955627441, 71.173866272, 141.021942139, 362.189361572, 122.266174316, 425.269927979, 114.704177856, 61.3606376648, 39.6866340637, 6.93294811249, 0.101573459804, 0.00121030898299, 9.46368618315e-06, 1.82100325929e-08, 3.20980575452e-09],
        "max": [13.8028173447, 38.8177833557, 85.2715377808, 227.600204468, 418.901245117, 349.66973877, 163.563095093, 68.6287460327, 98.4984970093, 1098.52331543, 449.285766602, 168.533935547, 357.594573975, 125.695388794, 311.768890381, 255.924209595, 311.638397217, 183.260467529, 58.2580451965, 77.0028839111, 92.2215805054, 46.6271629333, 49.5887260437, 48.6898498535, 56.8626174927, 91.2861938477, 87.9237289429, 78.5677185059, 113.426544189, 86.5130310059, 123.951095581, 71.7311248779, 56.7344665527, 41.278263092, 19.7438163757, 2.8288359642, 0.358427971601, 0.0439634993672, 0.00184345827438, 0.000307668407913],
        "mean": [3.69861125946, 10.9235668182, 5.34624814987, 9.5538520813, 12.9368839264, 10.1932210922, 6.15082073212, 4.38635921478, 7.20355272293, 11.3884735107, 6.59770917892, 5.28243207932, 5.38633346558, 2.98873329163, 3.39164328575, 3.27171087265, 3.44611144066, 5.6256608963, 2.34735631943, 2.10858464241, 1.88725280762, 1.7360779047, 1.46048247814, 0.996046543121, 2.08631396294, 2.68785333633, 1.84394907951, 2.21544718742, 3.75696969032, 2.69928741455, 4.93977499008, 2.97960519791, 2.49360084534, 1.44970142841, 0.450612545013, 0.0507680773735, 0.00464966287836, 0.000308404356474, 6.05966670264e-05, 0.000105596183857],
        "median": [0.926180541515, 5.80191373825, 2.28054618835, 1.85095000267, 1.0388251543, 1.8505603075, 2.07158017159, 1.81726419926, 3.00344252586, 3.27325224876, 1.79442191124, 1.32974588871, 1.66828298569, 1.24951505661, 1.31596469879, 1.14872574806, 1.58527946472, 2.87652492523, 1.13094651699, 0.748010635376, 0.537744402885, 0.67699110508, 0.56648170948, 0.335578769445, 0.524672627449, 0.305087208748, 0.188785806298, 0.174553528428, 0.225464805961, 0.177036046982, 0.214607313275, 0.152191981673, 0.116946965456, 0.0502947606146, 0.0148271536455, 0.00204359996133, 0.000181758980034, 1.70923376572e-05, 5.19192835782e-05, 6.69752989779e-05],
        "min": [1.74645373071e-22, 3.11487461236e-21, 1.53609168429e-20, 5.09935618824e-20, 6.92921185823e-20, 6.73316100577e-20, 1.05139341058e-19, 2.54016335219e-19, 5.29455336446e-20, 6.21953328567e-19, 7.89783725361e-19, 9.33806881848e-19, 1.0575569272e-18, 1.86366893935e-18, 2.52915166538e-18, 4.55247452797e-18, 2.04742711243e-18, 3.20600647047e-18, 6.78061785678e-18, 8.63978734719e-18, 9.38750402702e-18, 9.32694448001e-18, 1.28931781811e-17, 9.26887970973e-18, 9.47559462635e-18, 1.05107110741e-17, 1.42036225229e-17, 1.4392404991e-17, 1.78898305e-17, 2.41305392992e-17, 1.98219655923e-17, 1.47823875626e-17, 1.33390004071e-17, 1.12569702617e-17, 7.84123380128e-18, 5.51080669459e-18, 3.19190345461e-18, 1.21276589201e-18, 2.98760137214e-19, 3.35236268987e-20],
        "stdev": [4.54963874817, 11.6909542084, 10.7428750992, 26.543182373, 48.2690658569, 30.4685134888, 11.3433246613, 7.6456823349, 11.8518161774, 30.2370929718, 17.3420162201, 14.7999210358, 14.1343278885, 5.58748674393, 11.0473299026, 8.86965560913, 8.39626121521, 8.60959911346, 3.78336262703, 4.60478258133, 4.51223659515, 2.96323204041, 2.88514399529, 1.85019481182, 3.96127080917, 6.88506221771, 5.03317165375, 5.80143213272, 9.23043346405, 5.913002491, 10.7011518478, 6.07719898224, 4.84732198715, 3.28251075745, 1.23630607128, 0.151409000158, 0.0163171961904, 0.00140466657467, 7.15769638191e-05, 9.76634182734e-05],
        "var": [20.699213028, 136.678421021, 115.409370422, 704.540527344, 2329.90258789, 928.330322266, 128.671020508, 58.4564552307, 140.465545654, 914.281738281, 300.745513916, 219.03767395, 199.77923584, 31.2200069427, 122.043502808, 78.6707839966, 70.4972076416, 74.1251983643, 14.313832283, 21.2040214539, 20.3602771759, 8.78074455261, 8.32405567169, 3.42322087288, 15.6916656494, 47.404083252, 25.332818985, 33.6566123962, 85.2009048462, 34.963596344, 114.514648438, 36.932346344, 23.4965286255, 10.7748765945, 1.52845275402, 0.0229246839881, 0.000266250892309, 1.97308804673e-06, 5.12326181479e-09, 9.53814272009e-09]
    },
    "gfcc": {
        "mean": [-95.8711547852, 135.148956299, -79.0440673828, 40.5616950989, -44.4294548035, 27.3937358856, -25.7980556488, 7.51011896133, -7.26722812653, 3.10141301155, 4.33637285233, -9.71276950836, -0.244605064392],
        "cov": [[10358.2783203, -3776.01391602, 249.427505493, 2087.78930664, -2084.83837891, 1434.95324707, -916.137756348, 445.636627197, -201.514862061, 56.2117538452, -181.979537964, 8.56211471558, -5.39492511749], [-3776.01391602, 3769.10668945, 89.6359329224, -1297.37634277, 1636.4732666, -1207.40905762, 752.403808594, -361.950592041, 313.125366211, -135.566543579, 136.330856323, -120.807014465, 63.5892791748], [249.427505493, 89.6359329224, 1299.13305664, 260.006164551, 302.973876953, 280.081848145, 304.75479126, 115.693374634, 203.377487183, 92.7707901001, 215.920333862, -13.1536445618, 108.154693604], [2087.78930664, -1297.37634277, 260.006164551, 888.341918945, -465.705413818, 541.291625977, -128.753570557, 174.301254272, 54.2296180725, 48.9542388916, 87.8012695312, 13.4357709885, 58.5059204102], [-2084.83837891, 1636.4732666, 302.973876953, -465.705413818, 1270.39880371, -406.821136475, 598.191467285, -76.6675567627, 302.022583008, 44.2788238525, 167.498153687, 30.1774425507, 105.74256897], [1434.95324707, -1207.40905762, 280.081848145, 541.291625977, -406.821136475, 657.345581055, -118.177841187, 166.227645874, 17.035030365, 75.3972396851, 94.9549865723, 43.5283317566, 40.7310600281], [-916.137756348, 752.403808594, 304.75479126, -128.753570557, 598.191467285, -118.177841187, 471.938934326, 13.8802080154, 199.511779785, 50.8112335205, 152.805618286, 17.5018997192, 82.2292098999], [445.636627197, -361.950592041, 115.693374634, 174.301254272, -76.6675567627, 166.227645874, 13.8802080154, 154.653533936, 61.119972229, 61.5188751221, 59.5800285339, 49.4655952454, 19.651927948], [-201.514862061, 313.125366211, 203.377487183, 54.2296180725, 302.022583008, 17.035030365, 199.511779785, 61.119972229, 284.817871094, 74.5193252563, 176.910491943, 24.9699230194, 80.5539703369], [56.2117538452, -135.566543579, 92.7707901001, 48.9542388916, 44.2788238525, 75.3972396851, 50.8112335205, 61.5188751221, 74.5193252563, 134.291122437, 68.9183883667, 48.3800086975, 19.7602996826], [-181.979537964, 136.330856323, 215.920333862, 87.8012695312, 167.498153687, 94.9549865723, 152.805618286, 59.5800285339, 176.910491943, 68.9183883667, 243.752304077, 45.9417686462, 70.1881713867], [8.56211471558, -120.807014465, -13.1536445618, 13.4357709885, 30.1774425507, 43.5283317566, 17.5018997192, 49.4655952454, 24.9699230194, 48.3800086975, 45.9417686462, 109.944869995, 32.6640663147], [-5.39492511749, 63.5892791748, 108.154693604, 58.5059204102, 105.74256897, 40.7310600281, 82.2292098999, 19.651927948, 80.5539703369, 19.7602996826, 70.1881713867, 32.6640663147, 99.2987518311]],
        "icov": [[0.000278276391327, -0.00035096751526, -6.49882167636e-07, -0.000710208958481, 0.000330254348228, -0.000392991001718, 0.000229187731748, -0.000295603909763, -3.45559092239e-05, -0.000259745400399, 0.000658628647216, -0.000330041220877, 5.99991180934e-05], [-0.00035096751526, 0.00342152011581, -0.000399014446884, 0.00282697984949, -0.00154304248281, 0.00331159145571, -0.00112555571832, 0.00183041882701, -0.00133417639881, 0.00247201789171, -0.00276359566487, 0.00248759868555, -0.000861040491145], [-6.49882167636e-07, -0.000399014446884, 0.00128460023552, -0.000368209206499, -0.000154936293256, -0.000925683940295, -0.000368421344319, -0.000648767512757, 0.000509805802722, -0.00059113005409, -0.000174267872353, 0.000856780563481, -0.000403146783356], [-0.000710208958481, 0.00282697984949, -0.000368209206499, 0.00583018781617, -0.000822312780656, 0.00128062081058, -0.00116798374802, 0.000702120363712, -0.00164293055423, 0.00249652983621, -0.00279578659683, 0.00299429544248, -0.00187715969514], [0.000330254348228, -0.00154304248281, -0.000154936293256, -0.000822312780656, 0.00398971885443, -0.000884277920704, -0.00224359193817, 0.000482278177515, -0.00144517875742, -0.00092431565281, 0.00215802760795, -0.00246352888644, 0.000177202105988], [-0.000392991001718, 0.00331159145571, -0.000925683940295, 0.00128062081058, -0.000884277920704, 0.00736142043024, -0.000743982323911, 0.00035003235098, -0.000380944868084, 0.00158736133017, -0.00382753647864, 0.00209789536893, -0.00141090585385], [0.000229187731748, -0.00112555571832, -0.000368421344319, -0.00116798374802, -0.00224359193817, -0.000743982323911, 0.00718850595877, -0.00228337128647, 0.000642693368718, -0.00121731730178, -0.000476772693219, 0.00055575883016, -0.00110880017746], [-0.000295603909763, 0.00183041882701, -0.000648767512757, 0.000702120363712, 0.000482278177515, 0.00035003235098, -0.00228337128647, 0.0141425151378, -0.00373438955285, -0.000424611673225, -0.000521137146279, -0.00382406963035, 0.00227973237634], [-3.45559092239e-05, -0.00133417639881, 0.000509805802722, -0.00164293055423, -0.00144517875742, -0.000380944868084, 0.000642693368718, -0.00373438955285, 0.0107533400878, -0.00330985873006, -0.00398944644257, 0.00246301922016, -0.00288776564412], [-0.000259745400399, 0.00247201789171, -0.00059113005409, 0.00249652983621, -0.00092431565281, 0.00158736133017, -0.00121731730178, -0.000424611673225, -0.00330985873006, 0.0132553083822, -0.002436183393, -0.00212936545722, 0.00147074402776], [0.000658628647216, -0.00276359566487, -0.000174267872353, -0.00279578659683, 0.00215802760795, -0.00382753647864, -0.000476772693219, -0.000521137146279, -0.00398944644257, -0.002436183393, 0.0121826427057, -0.00466306088492, 5.6386252254e-05], [-0.000330041220877, 0.00248759868555, 0.000856780563481, 0.00299429544248, -0.00246352888644, 0.00209789536893, 0.00055575883016, -0.00382406963035, 0.00246301922016, -0.00212936545722, -0.00466306088492, 0.0172359645367, -0.00619692541659], [5.99991180934e-05, -0.000861040491145, -0.000403146783356, -0.00187715969514, 0.000177202105988, -0.00141090585385, -0.00110880017746, 0.00227973237634, -0.00288776564412, 0.00147074402776, 5.6386252254e-05, -0.00619692541659, 0.0170760061592]]
    },
    "melbands": {
        "dmean": [0.00764071242884, 0.00243140826933, 0.00243147998117, 0.00121783697978, 0.000253077567322, 9.41743564908e-05, 0.000110201741336, 0.000129410735099, 5.42890993529e-05, 4.44804354629e-05, 3.12272713927e-05, 1.07595515146e-05, 8.79605158843e-06, 7.07907565811e-06, 7.1987251431e-06, 5.23689277543e-06, 8.83423581399e-06, 3.56883765562e-06, 2.45746696237e-06, 2.55235795521e-06, 1.61247533015e-06, 1.66770462329e-06, 1.31453782615e-06, 7.75876458192e-07, 6.58402314002e-07, 7.50364904434e-07, 1.52706115841e-06, 2.6430827802e-06, 1.41367331707e-06, 1.0774402881e-06, 1.94710332835e-06, 3.04197465084e-06, 1.56520479777e-06, 1.36033565923e-06, 3.06837978314e-06, 2.1303540052e-06, 1.56716885158e-06, 1.42919736845e-06, 1.33500316224e-06, 1.34313893341e-06],
        "dmean2": [0.00608626846224, 0.00342580233701, 0.00451035844162, 0.00225736969151, 0.000415055954363, 0.000151623229613, 0.000188804187928, 0.000209180041566, 9.53596681939e-05, 8.13848746475e-05, 5.61441011087e-05, 1.85471635632e-05, 1.44460900628e-05, 1.20617260109e-05, 1.22427309179e-05, 8.76255126059e-06, 1.50234027387e-05, 6.23380083198e-06, 4.23820529249e-06, 3.97912572225e-06, 2.6855084343e-06, 2.93089806291e-06, 2.26496922551e-06, 1.35167294957e-06, 1.14243459848e-06, 1.24450718886e-06, 2.54815404332e-06, 4.95709309689e-06, 2.57848773799e-06, 1.92285165213e-06, 3.60020521839e-06, 5.55976748728e-06, 2.75321417575e-06, 2.42327337219e-06, 5.67748838876e-06, 3.87854879591e-06, 2.7667165341e-06, 2.50890707321e-06, 2.39907944888e-06, 2.47964112532e-06],
        "dvar": [8.47550400067e-05, 1.71298743226e-05, 4.46933954663e-05, 1.40836355058e-05, 3.13368843763e-07, 3.22470832259e-08, 3.86521570306e-08, 1.28864755311e-07, 1.87432114274e-08, 1.45798866313e-08, 7.47688932989e-09, 4.65805338745e-10, 8.46080816519e-10, 3.39883787781e-10, 3.75614428449e-10, 2.08895359344e-10, 2.55743703992e-10, 5.03314889766e-11, 2.33831166235e-11, 8.68157282174e-11, 1.15775488155e-11, 9.73180303704e-12, 7.06270849096e-12, 2.39246057861e-12, 1.89735705446e-12, 2.15472670088e-12, 7.76274097086e-12, 4.81265374774e-11, 1.19891744102e-11, 6.9515344002e-12, 2.61201511809e-11, 6.2454631744e-11, 1.25165615719e-11, 9.86896415284e-12, 5.84277140558e-11, 2.06345808496e-11, 1.3647737454e-11, 1.05604969214e-11, 8.73949957542e-12, 1.17183415749e-11],
        "dvar2": [5.68234536331e-05, 3.92659712816e-05, 0.000128087049234, 4.03856502089e-05, 8.15567887003e-07, 8.42629148678e-08, 1.05518296323e-07, 3.14123212775e-07, 5.04122112943e-08, 4.1370576298e-08, 2.12418331813e-08, 1.22962118265e-09, 1.91162174978e-09, 7.97030219601e-10, 9.67991131695e-10, 5.17049902893e-10, 6.65540789146e-10, 1.38536751515e-10, 6.21054249694e-11, 1.77966419379e-10, 2.81426045662e-11, 2.67574920554e-11, 1.88083784658e-11, 6.27801977071e-12, 5.01038880524e-12, 5.32488636518e-12, 2.0203701559e-11, 1.36862451927e-10, 3.20147623689e-11, 1.79261171879e-11, 7.36416483349e-11, 1.77749120978e-10, 3.44453007783e-11, 2.68860576164e-11, 1.67557148711e-10, 6.00249919214e-11, 3.78009810953e-11, 2.88006094668e-11, 2.41812594254e-11, 3.34355668152e-11],
        "max": [0.0916207358241, 0.0333540700376, 0.0436368212104, 0.0241127535701, 0.00874891970307, 0.00152222113684, 0.00149197527207, 0.0135652311146, 0.002519126283, 0.00127700623125, 0.00177144771442, 0.000474626140203, 0.00111304561142, 0.000525957322679, 0.000536255538464, 0.000633420655504, 0.000406226725318, 9.51324909693e-05, 8.81564265001e-05, 0.000255027669482, 6.44049723633e-05, 3.79748998967e-05, 7.24566198187e-05, 3.35933327733e-05, 4.49765757367e-05, 3.03082852042e-05, 4.69286096632e-05, 6.81582532707e-05, 6.7035703978e-05, 5.66307862755e-05, 5.79440857109e-05, 8.37048719404e-05, 4.93816951348e-05, 4.12552108173e-05, 7.81933995313e-05, 4.91282044095e-05, 4.22432567575e-05, 3.78257864213e-05, 3.83592050639e-05, 3.59873884008e-05],
        "mean": [0.0258159227669, 0.00605592830107, 0.00174076808617, 0.000817335676402, 0.00027066768962, 9.90483677015e-05, 0.00011022543913, 0.000129116277094, 4.64285403723e-05, 3.25560540659e-05, 2.57713982137e-05, 1.12671150418e-05, 1.10440350909e-05, 8.33665308164e-06, 8.60397994984e-06, 7.01328417563e-06, 1.11761728476e-05, 3.78039771931e-06, 2.84447810373e-06, 3.24217671732e-06, 1.96618384507e-06, 1.79192011274e-06, 1.68970757386e-06, 1.00998988728e-06, 7.59978775022e-07, 9.46023760662e-07, 2.05629930861e-06, 1.82263318038e-06, 1.17274203149e-06, 9.83566565083e-07, 1.44801572333e-06, 2.45139085564e-06, 1.55348675435e-06, 1.25196015688e-06, 3.08631001644e-06, 2.22802736971e-06, 1.6434353256e-06, 1.65032088262e-06, 1.65923108852e-06, 1.1358725942e-06],
