{
"highlevel": {
    "danceability": {
        "all": {
            "danceable": 0.99995136261,
            "not_danceable": 4.86126809847e-05
        },
        "probability": 0.99995136261,
        "value": "danceable"
    },
    "gender": {
        "all": {
            "female": 0.967303156853,
            "male": 0.0326968692243
        },
        "probability": 0.967303156853,
        "value": "female"
    },
    "genre_electronic": {
        "all": {
            "ambient": 0.159407407045,
            "dnb": 0.0238090027124,
            "house": 0.408653885126,
            "techno": 0.25202909112,
            "trance": 0.15610063076
        },
        "probability": 0.408653885126,
        "value": "house"
    },
    "mood_acoustic": {
        "all": {
            "acoustic": 0.00501734018326,
            "not_acoustic": 0.994982659817
        },
        "probability": 0.994982659817,
        "value": "not_acoustic"
    },
    "mood_aggressive": {
        "all": {
            "aggressive": 0.0326009690762,
            "not_aggressive": 0.967399060726
        },
        "probability": 0.967399060726,
        "value": "not_aggressive"
    },
    "mood_electronic": {
        "all": {
            "electronic": 0.793702483177,
            "not_electronic": 0.206297516823
        },
        "probability": 0.793702483177,
        "value": "electronic"
    },
    "mood_happy": {
        "all": {
            "happy": 0.269777357578,
            "not_happy": 0.730222642422
        },
        "probability": 0.730222642422,
        "value": "not_happy"
    },
    "mood_party": {
        "all": {
            "not_party": 0.0926124826074,
            "party": 0.907387495041
        },
        "probability": 0.907387495041,
        "value": "party"
    },
    "mood_relaxed": {
        "all": {
            "not_relaxed": 0.77709954977,
            "relaxed": 0.222900465131
        },
        "probability": 0.77709954977,
        "value": "not_relaxed"
    },
    "mood_sad": {
        "all": {
            "not_sad": 0.873180568218,
            "sad": 0.126819431782
        },
        "probability": 0.873180568218,
        "value": "not_sad"
    },
    "moods_mirex": {
        "all": {
            "Cluster1": 0.0446667410433,
            "Cluster2": 0.262921750546,
            "Cluster3": 0.0476040653884,
            "Cluster4": 0.565025806427,
            "Cluster5": 0.0797816514969
        },
        "probability": 0.565025806427,
        "value": "Cluster4"
    },
    "timbre": {
        "all": {
            "bright": 0.688774168491,
            "dark": 0.311225831509
        },
        "probability": 0.688774168491,
        "value": "bright"
    },
    "tonal_atonal": {
        "all": {
            "atonal": 0.990591883659,
            "tonal": 0.00940810609609
        },
        "probability": 0.990591883659,
        "value": "atonal"
    },
    "voice_instrumental": {
        "all": {
            "instrumental": 0.673932313919,
            "voice": 0.326067686081
        },
        "probability": 0.673932313919,
        "value": "instrumental"
    }
},
"lowlevel": {
    "average_loudness": 0.913461148739,
    "barkbands_crest": {
        "dmean": 3.21505069733,
        "dmean2": 5.02606105804,
        "dvar": 9.15123653412,
        "dvar2": 20.2958450317,
        "max": 26.9151744843,
        "mean": 13.6613473892,
        "median": 13.3533029556,
        "min": 2.14826726913,
        "stdev": 5.38911533356,
        "var": 29.0425624847
    },
    "barkbands_flatness_db": {
        "dmean": 0.0487005785108,
        "dmean2": 0.0686256289482,
        "dvar": 0.00246975687332,
        "dvar2": 0.0049063959159,
        "max": 0.565249562263,
        "mean": 0.175285860896,
        "median": 0.155673190951,
        "min": 0.0154700195417,
        "stdev": 0.0958799421787,
        "var": 0.00919296313077
    },
    "barkbands_kurtosis": {
        "dmean": 28.3854808807,
        "dmean2": 44.070438385,
        "dvar": 7317.47314453,
        "dvar2": 17208.2558594,
        "max": 7205.36523438,
        "mean": 36.6556816101,
        "median": 10.4668626785,
        "min": -1.92581868172,
        "stdev": 96.5682907104,
        "var": 9325.43457031
    },
    "barkbands_skewness": {
        "dmean": 1.63561475277,
        "dmean2": 2.45910382271,
        "dvar": 4.32553339005,
        "dvar2": 10.4061870575,
        "max": 78.5322113037,
        "mean": 3.63695669174,
        "median": 2.96346449852,
        "min": -2.7219786644,
        "stdev": 3.35649180412,
        "var": 11.2660369873
    },
    "barkbands_spread": {
        "dmean": 10.030251503,
        "dmean2": 15.6535310745,
        "dvar": 174.421188354,
        "dvar2": 383.900543213,
        "max": 120.728385925,
        "mean": 19.8653068542,
        "median": 14.1924657822,
        "min": 0.0601574033499,
        "stdev": 18.4896297455,
        "var": 341.866394043
    },
    "dissonance": {
        "dmean": 0.0205374546349,
        "dmean2": 0.0337466411293,
        "dvar": 0.000456598703749,
        "dvar2": 0.00117529160343,
        "max": 0.500000119209,
        "mean": 0.463924825191,
        "median": 0.47184163332,
        "min": 0,
        "stdev": 0.0305199269205,
        "var": 0.000931465940084
    },
    "dynamic_complexity": 3.27959704399,
    "erbbands_crest": {
        "dmean": 3.6368162632,
        "dmean2": 5.70338058472,
        "dvar": 14.1032085419,
        "dvar2": 30.9585323334,
        "max": 32.2766914368,
        "mean": 10.6115541458,
        "median": 8.81125736237,
        "min": 2.14907288551,
        "stdev": 6.20792961121,
        "var": 38.5383911133
    },
    "erbbands_flatness_db": {
        "dmean": 0.0244356319308,
        "dmean2": 0.0360252447426,
        "dvar": 0.000660461897496,
        "dvar2": 0.00130673812237,
        "max": 0.447127491236,
        "mean": 0.123600319028,
        "median": 0.105089426041,
        "min": 0.0363738462329,
        "stdev": 0.0573324821889,
        "var": 0.00328701362014
    },
    "erbbands_kurtosis": {
        "dmean": 3.39418268204,
        "dmean2": 5.247651577,
        "dvar": 113.377410889,
        "dvar2": 239.747940063,
        "max": 195.786437988,
        "mean": 2.80232071877,
        "median": 0.236442327499,
        "min": -1.89033472538,
        "stdev": 11.4508724213,
        "var": 131.1224823
    },
    "erbbands_skewness": {
        "dmean": 0.70923525095,
        "dmean2": 1.03506934643,
        "dvar": 0.882681310177,
        "dvar2": 1.74722397327,
        "max": 12.9046430588,
        "mean": 0.83542650938,
        "median": 0.570749104023,
        "min": -3.58357572556,
        "stdev": 1.46364378929,
        "var": 2.14225316048
    },
    "erbbands_spread": {
        "dmean": 18.248041153,
        "dmean2": 28.0310134888,
        "dvar": 414.161132812,
        "dvar2": 929.863769531,
        "max": 216.970016479,
        "mean": 54.3457794189,
        "median": 49.8026504517,
        "min": 1.14516580105,
        "stdev": 31.6318492889,
        "var": 1000.57385254
    },
    "hfc": {
        "dmean": 19.8352203369,
        "dmean2": 31.0645332336,
        "dvar": 1092.00598145,
        "dvar2": 2712.12719727,
        "max": 329.747161865,
        "mean": 25.4391498566,
        "median": 12.8476715088,
        "min": 1.10040697156e-16,
        "stdev": 34.7169914246,
        "var": 1205.26953125
    },
    "loudness_ebu128": {
        "integrated": -9.74677753448,
        "loudness_range": 4.78811740875,
        "momentary": {
            "dmean": 0.791644871235,
            "dmean2": 1.03975689411,
            "dvar": 4.75571012497,
            "dvar2": 4.67975378036,
            "max": -5.12804841995,
            "mean": -11.3649501801,
            "median": -9.93988704681,
            "min": -300.691009521,
            "stdev": 14.1733875275,
            "var": 200.884918213
        },
        "short_term": {
            "dmean": 0.0964455232024,
            "dmean2": 0.0862978771329,
            "dvar": 0.0139723261818,
            "dvar2": 0.00995658244938,
            "max": -6.76048564911,
            "mean": -10.327876091,
            "median": -9.62835693359,
            "min": -25.8849411011,
            "stdev": 2.3661236763,
            "var": 5.59854125977
        }
    },
    "melbands_crest": {
        "dmean": 4.71615219116,
        "dmean2": 7.31300830841,
        "dvar": 21.4702396393,
        "dvar2": 49.1756401062,
        "max": 39.8182106018,
        "mean": 22.2178440094,
        "median": 21.6224746704,
        "min": 1.6425948143,
        "stdev": 8.85015487671,
        "var": 78.3252410889
    },
    "melbands_flatness_db": {
        "dmean": 0.0583185814321,
        "dmean2": 0.0810098201036,
        "dvar": 0.0034980722703,
        "dvar2": 0.00698015233502,
        "max": 0.703024208546,
        "mean": 0.265319019556,
        "median": 0.250441282988,
        "min": 0.00343693397008,
        "stdev": 0.119213707745,
        "var": 0.0142119079828
    },
    "melbands_kurtosis": {
        "dmean": 90.5873031616,
        "dmean2": 144.319885254,
        "dvar": 57928.875,
        "dvar2": 146294.484375,
        "max": 4151.24316406,
        "mean": 119.992210388,
        "median": 29.7625923157,
        "min": -1.87081301212,
        "stdev": 289.465911865,
        "var": 83790.5078125
    },
    "melbands_skewness": {
        "dmean": 2.57772779465,
        "dmean2": 3.97905516624,
        "dvar": 12.6061553955,
        "dvar2": 30.3716850281,
        "max": 52.2323188782,
        "mean": 6.08495616913,
        "median": 4.43691825867,
        "min": -2.20944523811,
        "stdev": 5.78934001923,
        "var": 33.5164604187
    },
    "melbands_spread": {
        "dmean": 9.26332950592,
        "dmean2": 14.3920965195,
        "dvar": 275.947662354,
        "dvar2": 576.49609375,
        "max": 237.964019775,
        "mean": 17.3474407196,
        "median": 8.68299198151,
        "min": 0.0722796097398,
        "stdev": 24.4710235596,
        "var": 598.830993652
    },
    "pitch_salience": {
        "dmean": 0.108898974955,
        "dmean2": 0.168459936976,
        "dvar": 0.011799688451,
        "dvar2": 0.026584694162,
        "max": 0.987739384174,
        "mean": 0.426221609116,
        "median": 0.443332821131,
        "min": 0.0171326436102,
        "stdev": 0.187881961465,
        "var": 0.035299628973
    },
    "silence_rate_20dB": {
        "dmean": 0,
        "dmean2": 0,
        "dvar": 0,
        "dvar2": 0,
        "max": 1,
        "mean": 1,
        "median": 1,
        "min": 1,
        "stdev": 0,
        "var": 0
    },
    "silence_rate_30dB": {
        "dmean": 0.106946721673,
        "dmean2": 0.213903740048,
        "dvar": 0.0955177471042,
        "dvar2": 0.203204154968,
        "max": 1,
        "mean": 0.850233614445,
        "median": 1,
        "min": 0,
        "stdev": 0.356857120991,
        "var": 0.127347007394
    },
    "silence_rate_60dB": {
        "dmean": 0.0512573458254,
        "dmean2": 0.102471455932,
        "dvar": 0.0486268363893,
        "dvar2": 0.11229981482,
        "max": 1,
        "mean": 0.0898887217045,
        "median": 0,
        "min": 0,
        "stdev": 0.285992026329,
        "var": 0.0817914456129
    },
    "spectral_centroid": {
        "dmean": 393.56817627,
        "dmean2": 592.234863281,
        "dvar": 218285.125,
        "dvar2": 446443.21875,
        "max": 11813.1240234,
        "mean": 1196.62097168,
        "median": 952.83996582,
        "min": 110.035217285,
        "stdev": 990.758361816,
        "var": 981602.1875
    },
    "spectral_complexity": {
        "dmean": 6.39011478424,
        "dmean2": 9.39735984802,
        "dvar": 59.0701179504,
        "dvar2": 106.934127808,
        "max": 66,
        "mean": 13.7572135925,
        "median": 10,
        "min": 0,
        "stdev": 12.3413028717,
        "var": 152.307754517
    },
    "spectral_decrease": {
        "dmean": 6.59816556947e-09,
        "dmean2": 9.93885684863e-09,
        "dvar": 6.99269637793e-17,
        "dvar2": 1.80211884357e-16,
        "max": 2.22497967947e-28,
        "mean": -1.31930804059e-08,
        "median": -9.59311208248e-09,
        "min": -6.23345997042e-08,
        "stdev": 1.27196519983e-08,
        "var": 1.61789539794e-16
    },
    "spectral_energy": {
        "dmean": 0.0261616297066,
        "dmean2": 0.0394470766187,
        "dvar": 0.00104718958028,
        "dvar2": 0.00268825539388,
        "max": 0.239112570882,
        "mean": 0.0521010123193,
        "median": 0.0386615023017,
        "min": 9.80117260526e-21,
        "stdev": 0.0491709373891,
        "var": 0.00241778092459
    },
    "spectral_energyband_high": {
        "dmean": 0.00155417155474,
        "dmean2": 0.00249179336242,
        "dvar": 1.10817927634e-05,
        "dvar2": 2.82683031401e-05,
        "max": 0.0327718444169,
        "mean": 0.00156339083333,
        "median": 0.000530966906808,
        "min": 6.81503605366e-21,
        "stdev": 0.00312504847534,
        "var": 9.76592764346e-06
    },
    "spectral_energyband_low": {
        "dmean": 0.0185871850699,
        "dmean2": 0.0281394720078,
        "dvar": 0.000783504627179,
        "dvar2": 0.00207136152312,
        "max": 0.218179523945,
        "mean": 0.0339227728546,
        "median": 0.0139860501513,
        "min": 1.3992666431e-23,
        "stdev": 0.0417478792369,
        "var": 0.00174288533162
    },
    "spectral_energyband_middle_high": {
        "dmean": 0.00291338772513,
        "dmean2": 0.00461416039616,
        "dvar": 4.84181909997e-05,
        "dvar2": 0.000116498893476,
        "max": 0.147496759892,
        "mean": 0.0043861232698,
        "median": 0.00105723319575,
        "min": 1.31791459863e-21,
        "stdev": 0.0098321903497,
        "var": 9.66719599091e-05
    },
    "spectral_energyband_middle_low": {
        "dmean": 0.0103519130498,
        "dmean2": 0.0164235271513,
        "dvar": 0.000298189290334,
        "dvar2": 0.000776706438046,
        "max": 0.160244360566,
        "mean": 0.0134840458632,
        "median": 0.00544953951612,
        "min": 1.35166961597e-22,
        "stdev": 0.0187772233039,
        "var": 0.000352584116627
    },
    "spectral_entropy": {
        "dmean": 0.332345962524,
        "dmean2": 0.481440931559,
        "dvar": 0.148010864854,
        "dvar2": 0.302779436111,
        "max": 9.81928443909,
        "mean": 7.69027900696,
        "median": 7.76777362823,
        "min": 4.46098709106,
        "stdev": 0.6520139575,
        "var": 0.425122231245
    },
    "spectral_flux": {
        "dmean": 0.0528918765485,
        "dmean2": 0.0821564272046,
        "dvar": 0.00345894787461,
        "dvar2": 0.00712871784344,
        "max": 0.415308326483,
        "mean": 0.113566756248,
        "median": 0.0893902182579,
        "min": 6.34781532893e-11,
        "stdev": 0.0816499218345,
        "var": 0.00666670966893
    },
    "spectral_kurtosis": {
        "dmean": 1.46706783772,
        "dmean2": 2.24972176552,
        "dvar": 2.87853169441,
        "dvar2": 6.72864723206,
        "max": 45.0977401733,
        "mean": 3.40811467171,
        "median": 3.04409646988,
        "min": -1.24757099152,
        "stdev": 2.55477905273,
        "var": 6.52689647675
    },
    "spectral_rms": {
        "dmean": 0.0017759106122,
        "dmean2": 0.00256029842421,
        "dvar": 3.38026279678e-06,
        "dvar2": 8.25850202091e-06,
        "max": 0.0152735244483,
        "mean": 0.00620512664318,
        "median": 0.00614154199138,
        "min": 3.0922677613e-12,
        "stdev": 0.00351094617508,
        "var": 1.23267427625e-05
    },
    "spectral_rolloff": {
        "dmean": 820.692626953,
        "dmean2": 1368.40258789,
        "dvar": 3256270.5,
        "dvar2": 7298739.5,
        "max": 19552.1484375,
        "mean": 1301.63537598,
        "median": 344.53125,
        "min": 21.533203125,
        "stdev": 2391.73901367,
        "var": 5720415.5
    },
    "spectral_skewness": {
        "dmean": 0.275828868151,
        "dmean2": 0.413706064224,
        "dvar": 0.0823608860373,
        "dvar2": 0.176658466458,
        "max": 5.19448900223,
        "mean": 1.53691887856,
        "median": 1.52883005142,
        "min": -0.0742499530315,
        "stdev": 0.464258849621,
        "var": 0.215536266565
    },
    "spectral_spread": {
        "dmean": 1323255,
        "dmean2": 2033093,
        "dvar": 1.92592871424e+12,
        "dvar2": 4.59716742349e+12,
        "max": 42271384,
        "mean": 7215689,
        "median": 7091309.5,
        "min": 1502094.125,
        "stdev": 3057343.75,
        "var": 9.34735039693e+12
    },
    "spectral_strongpeak": {
        "dmean": 0.37530195713,
        "dmean2": 0.610120713711,
        "dvar": 0.550756335258,
        "dvar2": 1.38706994057,
        "max": 11.752530098,
        "mean": 0.66209435463,
        "median": 0.414141327143,
        "min": 0,
        "stdev": 0.920943260193,
        "var": 0.848136484623
    },
    "zerocrossingrate": {
        "dmean": 0.0189826563001,
        "dmean2": 0.0232901014388,
        "dvar": 0.000533563026693,
        "dvar2": 0.000655930838548,
        "max": 0.52880859375,
        "mean": 0.0587240830064,
        "median": 0.044921875,
        "min": 0,
        "stdev": 0.0540560260415,
        "var": 0.00292205414735
    },
    "barkbands": {
        "dmean": [0.00346378562972, 0.0127714267001, 0.00445349887013, 0.00520455371588, 0.00384949590079, 0.00107528350782, 0.000639625708573, 0.000354006915586, 0.000556499231607, 0.00041343527846, 0.000393474532757, 0.00114915950689, 0.000398561707698, 0.000264291767962, 0.000248634780291, 0.000213366598473, 0.000157425893121, 0.000180523013114, 0.000183317752089, 0.00014300593466, 0.000194570922758, 0.000253405160038, 0.000253767473623, 0.00024372797634, 0.000332440482453, 0.000232429098105, 5.52657838853e-05],
        "dmean2": [0.00502453651279, 0.0181950647384, 0.00827387906611, 0.008908377029, 0.00613080104813, 0.00157811678946, 0.00110225379467, 0.000584347348195, 0.000911374401767, 0.000696660252288, 0.000652525341138, 0.0019234220963, 0.000637409684714, 0.000404926628107, 0.000395902054152, 0.000341158680385, 0.000256655563135, 0.000307729176711, 0.000301486172248, 0.000219785957597, 0.000308520771796, 0.000412225082982, 0.000421666481998, 0.000393443828216, 0.000561972090509, 0.00038085388951, 8.9073793788e-05],
        "dvar": [3.70307534467e-05, 0.000440825766418, 0.000196069013327, 0.000117925934319, 5.67663992115e-05, 5.04098170495e-06, 2.22298081098e-06, 4.94376536153e-07, 1.47966636632e-06, 1.0607244576e-06, 2.03410036193e-06, 3.3545664337e-05, 1.74380772933e-06, 3.40570323942e-07, 5.04482727592e-07, 2.36725767877e-07, 1.18098462565e-07, 1.71728572695e-07, 2.22387299686e-07, 8.5504112235e-08, 1.43587413959e-07, 3.97085955228e-07, 3.59423580676e-07, 2.68205411658e-07, 5.73618137878e-07, 2.59639648448e-07, 1.10581011015e-08],
        "dvar2": [9.15514974622e-05, 0.00112750579137, 0.000552540645003, 0.000329082133248, 0.000143056677189, 9.83614427241e-06, 5.98592396273e-06, 1.17351123663e-06, 3.75345143766e-06, 2.7805560876e-06, 5.23188145962e-06, 8.84629625943e-05, 3.65961727766e-06, 6.91865807312e-07, 1.20055722164e-06, 5.64580943774e-07, 2.96890476648e-07, 4.56078936395e-07, 5.96528309416e-07, 1.94891526917e-07, 3.45467071838e-07, 1.03475861124e-06, 9.57818429015e-07, 7.0394986551e-07, 1.55409452418e-06, 6.8475100079e-07, 2.73181584021e-08],
        "max": [0.0737542882562, 0.189750805497, 0.093530729413, 0.0998983979225, 0.064674012363, 0.0528421588242, 0.0177293289453, 0.018345983699, 0.0193639453501, 0.0206101145595, 0.0376652255654, 0.139874875546, 0.0319040194154, 0.0107476590201, 0.0137678394094, 0.0116731170565, 0.0123834889382, 0.0100861331448, 0.00969624146819, 0.0124979503453, 0.00799751561135, 0.0068800393492, 0.00720601528883, 0.00442185346037, 0.00596418278292, 0.0049837725237, 0.00155971862841],
        "mean": [0.00561677152291, 0.0242188870907, 0.00291689787991, 0.00500106299296, 0.00435870653018, 0.00222813501023, 0.000728262646589, 0.000378919823561, 0.000617055222392, 0.000445505516836, 0.000425745121902, 0.00151259335689, 0.00051749747945, 0.000337913254043, 0.000310835399432, 0.000257323932601, 0.000191527913557, 0.000191770042875, 0.000199655565666, 0.000180556846317, 0.000202925919439, 0.000241031884798, 0.000234733277466, 0.000252219440881, 0.000269674696028, 0.000205655800528, 5.90320232732e-05],
        "median": [0.000664652674459, 0.00763490190729, 0.00030215526931, 0.000807442353107, 0.000748047663365, 0.00035528378794, 9.92886634776e-05, 9.18810546864e-05, 0.000136031871079, 9.37546428759e-05, 8.22814035928e-05, 7.12303444743e-05, 0.000130408297991, 7.92540813563e-05, 5.6798067817e-05, 6.7861903517e-05, 5.22639820701e-05, 5.13181985298e-05, 3.79320772481e-05, 4.50474690297e-05, 4.21251024818e-05, 5.23396483914e-05, 6.27006156719e-05, 8.12566286186e-05, 6.88018408255e-05, 5.5730342865e-05, 1.80551742233e-05],
        "min": [7.94285310021e-25, 5.16125657876e-25, 1.05079733703e-24, 1.12521837622e-24, 1.02724757103e-23, 5.3214261081e-24, 1.27139347365e-23, 4.00952596803e-24, 1.50768027062e-23, 1.98767641458e-23, 2.70425399505e-23, 2.86162227931e-23, 2.967481733e-23, 2.99280574578e-23, 5.72404919675e-23, 5.36363695073e-23, 6.27190236692e-23, 8.97997728866e-23, 1.21153762695e-22, 1.35282980948e-22, 2.83685917819e-22, 2.9225259384e-22, 4.05241254891e-22, 6.2812422276e-22, 8.51639289096e-22, 1.21445926482e-21, 1.98229067816e-21],
        "stdev": [0.00879719853401, 0.032380271703, 0.0107842143625, 0.00981320533901, 0.00809145346284, 0.00452173734084, 0.00161308574025, 0.000872763455845, 0.00133252365049, 0.00116351759061, 0.00144100515172, 0.00717495568097, 0.00163065514062, 0.000815836363472, 0.000830810400657, 0.000563873560168, 0.000388978311094, 0.000396054936573, 0.000452666630736, 0.000339754798915, 0.000396532646846, 0.000579471408855, 0.000528491975274, 0.000485644675791, 0.000638930359855, 0.000451139232609, 0.000107418381958],
        "var": [7.73907086113e-05, 0.00104848202318, 0.000116299284855, 9.62990015978e-05, 6.54716131976e-05, 2.0446108465e-05, 2.60204546976e-06, 7.61716080433e-07, 1.77561935288e-06, 1.35377331389e-06, 2.07649577533e-06, 5.14799867233e-05, 2.65903622676e-06, 6.65588970605e-07, 6.90245940405e-07, 3.17953407603e-07, 1.51304135443e-07, 1.56859513822e-07, 2.04907067314e-07, 1.15433323344e-07, 1.57238147835e-07, 3.35787092354e-07, 2.79303776551e-07, 2.35850748709e-07, 4.08232040172e-07, 2.03526596465e-07, 1.15387095434e-08]
    },
    "erbbands": {
        "dmean": [0.728832006454, 1.65863823891, 4.16532611847, 11.4820051193, 19.8486843109, 8.45685482025, 6.91018438339, 9.6374797821, 10.0870323181, 7.66073465347, 8.07333946228, 13.2992534637, 13.6893339157, 13.3068351746, 21.5753002167, 43.8322029114, 19.0094165802, 12.5317735672, 12.7500772476, 12.5865507126, 11.2339410782, 8.63576316833, 9.4638004303, 10.4196872711, 7.5804681778, 6.92294073105, 7.52883148193, 7.76316070557, 9.47191333771, 7.88731384277, 7.17341804504, 4.26845216751, 4.83448076248, 3.65021538734, 2.4664978981, 1.24202084541, 0.386908710003, 0.0766264423728, 0.00902560725808, 0.000501221569721],
        "dmean2": [0.999191999435, 2.54997229576, 7.64035558701, 20.0935173035, 31.1501293182, 13.9497413635, 11.0649118423, 14.1180610657, 17.0969085693, 12.5727596283, 13.6429080963, 21.459356308, 23.0954494476, 22.5175380707, 34.7452850342, 73.4492721558, 30.4934997559, 19.3074378967, 19.8336811066, 20.3850364685, 18.0285205841, 14.133313179, 16.1314144135, 17.6231212616, 12.0421571732, 10.6687059402, 11.6112632751, 12.4480161667, 15.4289121628, 12.9390668869, 11.9590330124, 6.66466712952, 8.0728931427, 6.13264513016, 4.23627948761, 2.11558818817, 0.620371341705, 0.121537618339, 0.0144513761625, 0.00079930346692],
        "dvar": [1.41134500504, 9.23985958099, 155.018280029, 714.626342773, 1406.90515137, 322.280548096, 233.979629517, 479.19418335, 727.518676758, 243.007034302, 284.469970703, 845.975402832, 1234.17895508, 779.632324219, 9721.95996094, 55182.8554688, 4190.99609375, 566.630615234, 1128.32873535, 1150.53991699, 723.254882812, 339.200469971, 458.408081055, 1254.42919922, 232.235931396, 201.861694336, 237.680389404, 240.483108521, 557.795166016, 356.879394531, 297.317871094, 76.2529296875, 112.886871338, 68.7854156494, 34.0450019836, 8.95635223389, 0.611560821533, 0.019811199978, 0.000293821765808, 8.49797345381e-07],
        "dvar2": [3.33998990059, 25.123960495, 433.276580811, 2001.63684082, 3418.15673828, 854.386352539, 550.411621094, 918.374328613, 1921.08190918, 602.98638916, 728.254394531, 1998.13696289, 3197.86108398, 2131.42089844, 18706.6425781, 153364.96875, 8866.3828125, 1157.99975586, 2525.0222168, 2719.92700195, 1823.75927734, 861.442810059, 1210.22692871, 3494.38867188, 565.732177734, 462.459075928, 541.971069336, 603.886047363, 1451.16955566, 935.261352539, 797.841186523, 191.880477905, 302.256866455, 185.147644043, 93.4295349121, 24.3737277985, 1.57536756992, 0.0481132678688, 0.000725311983842, 2.00470799427e-06],
        "max": [10.4658632278, 39.5414428711, 83.2114105225, 210.354629517, 441.53729248, 188.633987427, 425.045562744, 585.969604492, 417.275543213, 328.200958252, 264.389221191, 568.214111328, 641.337158203, 653.383605957, 3008.56030273, 6328.47314453, 1820.64929199, 393.105560303, 808.462646484, 590.526062012, 749.635986328, 707.242370605, 595.668579102, 570.079345703, 533.295410156, 521.763183594, 401.212921143, 282.516448975, 259.949310303, 228.460739136, 209.503952026, 126.502082825, 86.2119140625, 63.5834960938, 45.926815033, 24.8831520081, 8.48924446106, 1.8593660593, 0.260752558708, 0.0142422942445],
        "mean": [1.34829890728, 2.85851430893, 3.1945297718, 9.78874492645, 23.0451641083, 8.72904872894, 11.8470830917, 18.5085964203, 12.7110939026, 9.3182516098, 8.36467170715, 14.8062267303, 15.3116254807, 14.7440233231, 28.6573410034, 58.8890609741, 26.4168548584, 17.1155948639, 17.6614551544, 15.4927968979, 13.610877037, 10.8099870682, 10.3384027481, 10.8578329086, 9.27254867554, 8.61078262329, 8.1382598877, 7.9547867775, 9.03749370575, 7.57436609268, 6.5320687294, 4.6265335083, 4.66925621033, 3.07403159142, 1.93386733532, 0.976895868778, 0.362611442804, 0.0798427090049, 0.00965746492147, 0.000631292175967],
        "median": [0.296039015055, 1.14167129993, 0.673961102962, 1.66167628765, 2.78257083893, 1.96534895897, 1.99069881439, 2.92123222351, 2.06093668938, 2.15510869026, 2.38346505165, 3.28008985519, 3.60981249809, 3.61632299423, 3.85824513435, 3.30390524864, 6.38695287704, 5.11177587509, 3.89652609825, 3.53404998779, 3.36722660065, 3.17443013191, 3.00237989426, 2.10427808762, 1.97443819046, 2.17769861221, 1.7249161005, 1.6271532774, 1.96055448055, 1.82467699051, 1.7151696682, 1.66760849953, 1.26757609844, 0.813451528549, 0.465484857559, 0.21302472055, 0.10629824549, 0.0253961253911, 0.00295573612675, 0.00026882920065],
        "min": [3.15731669222e-23, 4.7415321532e-22, 1.81868158275e-21, 8.641799813e-21, 1.53991432501e-20, 1.68440872242e-20, 4.36943618297e-20, 3.29425325184e-20, 7.22554672774e-20, 1.15149137661e-19, 2.01135712634e-19, 3.50654889756e-19, 2.73998356331e-19, 8.65098882025e-19, 1.23265648382e-18, 1.30626945788e-18, 1.63169833748e-18, 1.7609277306e-18, 2.20372640469e-18, 3.51906165868e-18, 3.28577129014e-18, 4.6781625541e-18, 4.61903940622e-18, 7.49770238416e-18, 8.49867529777e-18, 6.43516407192e-18, 9.30717238183e-18, 1.14455020941e-17, 1.07334815664e-17, 9.74049921752e-18, 1.08208872602e-17, 1.22845089079e-17, 1.05855601662e-17, 7.81041139729e-18, 5.91282598487e-18, 4.10335681438e-18, 2.2930681147e-18, 1.05183997179e-18, 2.57482661425e-19, 2.88509708601e-20],
        "stdev": [1.86838340759, 4.27779531479, 9.83879375458, 22.1227264404, 43.6903839111, 17.0048446655, 28.0325546265, 39.5534515381, 31.0704612732, 19.4247589111, 17.2338352203, 33.1077728271, 38.4563560486, 31.6398220062, 137.662078857, 279.120788574, 84.2708053589, 33.2581329346, 42.9052734375, 38.7417144775, 30.6089744568, 20.6297855377, 20.7428855896, 30.1255970001, 17.8593063354, 16.4189529419, 16.542137146, 15.7938575745, 21.8479137421, 17.1280498505, 15.0541677475, 8.67682647705, 9.52541160583, 7.09859752655, 4.81439828873, 2.48435735703, 0.725358068943, 0.14348679781, 0.017538741231, 0.001021064003],
        "var": [3.49085664749, 18.2995319366, 96.801864624, 489.415039062, 1908.84973145, 289.164764404, 785.824157715, 1564.47558594, 965.373596191, 377.321258545, 297.005096436, 1096.12463379, 1478.89123535, 1001.07830811, 18950.8496094, 77908.421875, 7101.56835938, 1106.10351562, 1840.86242676, 1500.92041016, 936.909301758, 425.588043213, 430.267303467, 907.551635742, 318.954803467, 269.582000732, 273.642303467, 249.445922852, 477.331329346, 293.370117188, 226.627975464, 75.287322998, 90.7334747314, 50.3900871277, 23.1784324646, 6.17203187943, 0.526144325733, 0.0205884613097, 0.000307607464492, 1.04257162548e-06]
    },
    "gfcc": {
        "mean": [-16.3654727936, 52.1098365784, -70.335144043, 29.5963077545, -41.5015106201, 21.2253742218, -31.0696544647, 5.95769071579, -21.4623126984, 4.31714773178, -13.0999298096, 3.13721776009, -10.4089841843],
        "cov": [[15342.9160156, -761.383728027, -881.901367188, -413.845123291, -190.400009155, 401.340454102, 48.8099060059, 243.304824829, -43.8895225525, 173.217453003, -80.8828659058, 250.30140686, -25.0091648102], [-761.383728027, 1391.8013916, -137.147232056, -66.6203308105, 45.4816894531, -150.632614136, -5.01389360428, -95.3725814819, 64.3933563232, -43.3577041626, 119.346191406, -3.3894340992, 66.9160842896], [-881.901367188, -137.147232056, 2202.84448242, 502.758789062, 284.174835205, 252.23916626, 9.12923145294, 211.065124512, 9.44218540192, 85.3590011597, -126.771873474, -19.4556827545, -13.7144203186], [-413.845123291, -66.6203308105, 502.758789062, 434.667175293, 171.630477905, 118.924171448, 36.2964172363, 36.3304824829, -3.77773213387, 1.92801511288, -25.0855808258, -17.3575057983, -26.5903053284], [-190.400009155, 45.4816894531, 284.174835205, 171.630477905, 408.004333496, 252.21774292, 157.230697632, 83.2965393066, 58.8977966309, 21.5901470184, 20.2793750763, 9.55634117126, 16.4097042084], [401.340454102, -150.632614136, 252.23916626, 118.924171448, 252.21774292, 410.713806152, 212.894958496, 158.851760864, 80.7043914795, 62.8729782104, -1.5020775795, 12.4266729355, -5.04918003082], [48.8099060059, -5.01389360428, 9.12923145294, 36.2964172363, 157.230697632, 212.894958496, 283.495849609, 151.118896484, 124.175308228, 56.5036125183, 35.5299835205, 18.5309963226, 13.4589176178], [243.304824829, -95.3725814819, 211.065124512, 36.3304824829, 83.2965393066, 158.851760864, 151.118896484, 255.553909302, 151.730270386, 117.852836609, 33.4386558533, 42.3339996338, 30.0422725677], [-43.8895225525, 64.3933563232, 9.44218540192, -3.77773213387, 58.8977966309, 80.7043914795, 124.175308228, 151.730270386, 227.413375854, 155.989837646, 105.918609619, 55.8950576782, 57.1840934753], [173.217453003, -43.3577041626, 85.3590011597, 1.92801511288, 21.5901470184, 62.8729782104, 56.5036125183, 117.852836609, 155.989837646, 203.27671814, 113.815368652, 76.7551727295, 49.3013572693], [-80.8828659058, 119.346191406, -126.771873474, -25.0855808258, 20.2793750763, -1.5020775795, 35.5299835205, 33.4386558533, 105.918609619, 113.815368652, 188.648117065, 103.819648743, 60.5289955139], [250.30140686, -3.3894340992, -19.4556827545, -17.3575057983, 9.55634117126, 12.4266729355, 18.5309963226, 42.3339996338, 55.8950576782, 76.7551727295, 103.819648743, 141.224365234, 86.2356262207], [-25.0091648102, 66.9160842896, -13.7144203186, -26.5903053284, 16.4097042084, -5.04918003082, 13.4589176178, 30.0422725677, 57.1840934753, 49.3013572693, 60.5289955139, 86.2356262207, 130.141708374]],
        "icov": [[8.54143800098e-05, -1.3264352674e-05, 6.51181326248e-05, 4.57478272438e-05, 3.86411702493e-05, -0.000154891851707, 8.94798286026e-05, -0.000102935890027, 0.000123037316371, -0.000176213914528, 0.000274850171991, -0.000366069260053, 0.000170497383806], [-1.3264352674e-05, 0.00100526493043, -0.000151400614413, 0.000193865140318, -0.000277837156318, 0.000449489947641, -0.000162138676387, 0.000459965405753, -0.000812401704025, 0.0010712237563, -0.00124918390065, 0.000959471217357, -0.000636337616015], [6.51181326248e-05, -0.000151400614413, 0.000880224572029, -0.000724357785657, -0.000281157641439, -0.000220645175432, 0.00065344030736, -0.000908202142455, 0.000644680811092, -0.000988777843304, 0.00115815096069, -0.000474460073747, 7.11247848812e-05], [4.57478272438e-05, 0.000193865140318, -0.000724357785657, 0.00364123145118, -0.00104880065192, -0.000129225620185, 3.05101475533e-05, 0.000426239683293, -0.000191722487216, 0.00038356136065, -0.000396383926272, -0.000104896687844, 0.000795231957454], [3.86411702493e-05, -0.000277837156318, -0.000281157641439, -0.00104880065192, 0.00511464942247, -0.00271282391623, -0.000950447923969, 0.000694834452588, -0.000375435018213, 0.00114156655036, -0.00108566356357, 0.000505036907271, -0.00100310216658], [-0.000154891851707, 0.000449489947641, -0.000220645175432, -0.000129225620185, -0.00271282391623, 0.00662943674251, -0.00317426305264, -0.00107159139588, 0.00109354127198, -0.00123637355864, 0.000515574763995, 0.000106083098217, 0.000542158319149], [8.94798286026e-05, -0.000162138676387, 0.00065344030736, 3.05101475533e-05, -0.000950447923969, -0.00317426305264, 0.00883903633803, -0.00286659738049, -0.00314656738192, 0.00239427085035, -0.000196893175598, -0.000393404625356, 0.000747805926949], [-0.000102935890027, 0.000459965405753, -0.000908202142455, 0.000426239683293, 0.000694834452588, -0.00107159139588, -0.00286659738049, 0.0106888487935, -0.00542652094737, -0.00108258088585, 0.00224561523646, -0.00180893950164, 0.000383657519706], [0.000123037316371, -0.000812401704025, 0.000644680811092, -0.000191722487216, -0.000375435018213, 0.00109354127198, -0.00314656738192, -0.00542652094737, 0.0169517118484, -0.00908004213125, -0.00255827349611, 0.00389432837255, -0.00326144555584], [-0.000176213914528, 0.0010712237563, -0.000988777843304, 0.00038356136065, 0.00114156655036, -0.00123637355864, 0.00239427085035, -0.00108258088585, -0.00908004213125, 0.016692135483, -0.00650284811854, -0.000571502605453, 0.000269373151241], [0.000274850171991, -0.00124918390065, 0.00115815096069, -0.000396383926272, -0.00108566356357, 0.000515574763995, -0.000196893175598, 0.00224561523646, -0.00255827349611, -0.00650284811854, 0.0170766189694, -0.0111096436158, 0.00340183963999], [-0.000366069260053, 0.000959471217357, -0.000474460073747, -0.000104896687844, 0.000505036907271, 0.000106083098217, -0.000393404625356, -0.00180893950164, 0.00389432837255, -0.000571502605453, -0.0111096436158, 0.021940883249, -0.0111026335508], [0.000170497383806, -0.000636337616015, 7.11247848812e-05, 0.000795231957454, -0.00100310216658, 0.000542158319149, 0.000747805926949, 0.000383657519706, -0.00326144555584, 0.000269373151241, 0.00340183963999, -0.0111026335508, 0.0153012322262]]
    },
    "melbands": {
        "dmean": [0.00474737863988, 0.00195691478439, 0.00228470237926, 0.000979816075414, 0.000246489158599, 0.000214499494177, 0.000148505263496, 8.01378046162e-05, 6.69260844006e-05, 8.75293408171e-05, 6.79147487972e-05, 5.33974161954e-05, 5.66966045881e-05, 0.000123497724417, 8.74850447872e-05, 3.14314820571e-05, 2.41086145252e-05, 2.13868606806e-05, 1.99328533199e-05, 1.55430043378e-05, 1.35536593007e-05, 9.2064456112e-06, 8.88099839358e-06, 8.69624818733e-06, 8.88665363163e-06, 5.86591249885e-06, 4.93700053994e-06, 4.71503972221e-06, 4.42991267846e-06, 5.21596439285e-06, 4.42541249868e-06, 5.50113782083e-06, 5.03550336362e-06, 4.26795668318e-06, 4.34486128142e-06, 3.44467957802e-06, 2.28052272178e-06, 3.26208646584e-06, 3.47450350091e-06, 3.02911439576e-06],
        "dmean2": [0.00658694654703, 0.00339601561427, 0.00381698226556, 0.00155970768537, 0.000397848052671, 0.000315657875035, 0.000251745892456, 0.000130223241285, 0.000113449306809, 0.000141721684486, 0.000114980633953, 9.10794842639e-05, 9.28289082367e-05, 0.000205957243452, 0.000142990742461, 5.02504044562e-05, 3.73160510208e-05, 3.36030134349e-05, 3.23357926391e-05, 2.48293672485e-05, 2.21252394113e-05, 1.50264177137e-05, 1.51038029799e-05, 1.49162751768e-05, 1.51758904394e-05, 9.36789365369e-06, 7.83281575423e-06, 7.32445369067e-06, 6.80067205394e-06, 8.30435601529e-06, 7.2077891673e-06, 9.00576924323e-06, 8.39273343445e-06, 6.95825292496e-06, 7.26857570044e-06, 5.7088518588e-06, 3.4957868138e-06, 5.4987317526e-06, 5.80907817493e-06, 5.14646126248e-06],
        "dvar": [5.95164165134e-05, 2.24944651563e-05, 2.1203803044e-05, 3.53518566953e-06, 2.60613120417e-07, 2.21910951836e-07, 1.38867775945e-07, 2.59622066068e-08, 2.14397459786e-08, 3.79243694226e-08, 3.23483746456e-08, 1.31496236122e-08, 5.44995586438e-08, 4.51597458095e-07, 2.42082705881e-07, 3.29064064886e-09, 2.35687780403e-09, 3.27330318406e-09, 3.20213011662e-09, 1.47216616675e-09, 1.1652898646e-09, 3.75665470953e-10, 5.29885302303e-10, 4.72985928202e-10, 1.04321917771e-09, 1.54814411291e-10, 1.00084954213e-10, 9.87091797189e-11, 8.58728713138e-11, 1.15152352931e-10, 8.25913643032e-11, 1.92482169092e-10, 1.73072764453e-10, 9.41211691918e-11, 1.10588531388e-10, 6.21075413321e-11, 2.07755652959e-11, 5.26886832775e-11, 5.70406499811e-11, 5.08566730395e-11],
        "dvar2": [0.000146354796016, 6.17475161562e-05, 5.71728669456e-05, 8.87580426934e-06, 6.37651112356e-07, 4.40573984406e-07, 3.65701595229e-07, 6.25400105037e-08, 5.50512062603e-08, 9.03682462194e-08, 8.40778042743e-08, 3.66295651588e-08, 1.03316885713e-07, 1.15957368507e-06, 5.59879026696e-07, 7.49897033359e-09, 4.85422813057e-09, 6.89484336291e-09, 7.79697284514e-09, 3.32715766049e-09, 3.04628011705e-09, 9.37639632603e-10, 1.43514455875e-09, 1.27911292669e-09, 2.92608914876e-09, 3.81140452532e-10, 2.45198306104e-10, 2.25322038805e-10, 1.99790115007e-10, 2.77084188927e-10, 2.10616732388e-10, 4.97771768249e-10, 4.68920902108e-10, 2.44569475782e-10, 2.97027041851e-10, 1.66776037425e-10, 5.00195856956e-11, 1.4132213455e-10, 1.52965529132e-10, 1.37877737005e-10],
        "max": [0.0664724782109, 0.0389955304563, 0.0383846350014, 0.0177646167576, 0.011432217434, 0.0114244138822, 0.0055538858287, 0.00411737430841, 0.0020804493688, 0.00380312441848, 0.0031649924349, 0.00254598353058, 0.00672961678356, 0.0176769755781, 0.0141302691773, 0.00123902317137, 0.000798127846792, 0.00139726046473, 0.00105656310916, 0.000722250784747, 0.000889736169484, 0.000666644831654, 0.000793779676314, 0.00049772777129, 0.000537194253411, 0.000420049589593, 0.000403040554374, 0.000332059105858, 0.000284330686554, 0.000174720698851, 0.000156666734256, 0.000145244950545, 0.000142558055813, 0.000134843605338, 0.000123666817672, 0.000107373052742, 6.80248413119e-05, 6.16187680862e-05, 6.30681679468e-05, 5.70533120481e-05],
        "mean": [0.00907004252076, 0.00219643604942, 0.00225809914991, 0.0011025472777, 0.000385044695577, 0.000420475727879, 0.000184596894542, 9.61890764302e-05, 6.75354895066e-05, 9.77040836005e-05, 7.44595527067e-05, 5.68471441511e-05, 7.13695771992e-05, 0.000165377670783, 0.000112402572995, 4.16921284341e-05, 3.06226211251e-05, 2.89672479994e-05, 2.37301446759e-05, 1.8554070266e-05, 1.54972858581e-05, 1.13539026643e-05, 9.74861177383e-06, 8.90833143785e-06, 8.856464774e-06, 6.97342557032e-06, 6.08270920566e-06, 5.67730467083e-06, 4.75906063002e-06, 5.22685832038e-06, 4.44246006737e-06, 5.18116985404e-06, 4.60263754576e-06, 4.06871868108e-06, 3.84477925763e-06, 3.26797567141e-06, 2.58636441686e-06, 3.1232332276e-06, 3.13121881845e-06, 2.48417313742e-06],
