{
"highlevel": {
    "danceability": {
        "all": {
            "danceable": 0.963263273239,
            "not_danceable": 0.0367367118597
        },
        "probability": 0.963263273239,
        "value": "danceable"
    },
    "gender": {
        "all": {
            "female": 0.951209664345,
            "male": 0.0487903505564
        },
        "probability": 0.951209664345,
        "value": "female"
    },
    "genre_electronic": {
        "all": {
            "ambient": 0.0941180884838,
            "dnb": 0.00954100769013,
            "house": 0.705118000507,
            "techno": 0.0459835603833,
            "trance": 0.14523935318
        },
        "probability": 0.705118000507,
        "value": "house"
    },
    "mood_acoustic": {
        "all": {
            "acoustic": 0.0186037179083,
            "not_acoustic": 0.981396257877
        },
        "probability": 0.981396257877,
        "value": "not_acoustic"
    },
    "mood_aggressive": {
        "all": {
            "aggressive": 0.711279630661,
            "not_aggressive": 0.288720369339
        },
        "probability": 0.711279630661,
        "value": "aggressive"
    },
    "mood_electronic": {
        "all": {
            "electronic": 0.947873473167,
            "not_electronic": 0.0521265491843
        },
        "probability": 0.947873473167,
        "value": "electronic"
    },
    "mood_happy": {
        "all": {
            "happy": 0.328824579716,
            "not_happy": 0.671175420284
        },
        "probability": 0.671175420284,
        "value": "not_happy"
    },
    "mood_party": {
        "all": {
            "not_party": 0.0438599698246,
            "party": 0.956140041351
        },
        "probability": 0.956140041351,
        "value": "party"
    },
    "mood_relaxed": {
        "all": {
            "not_relaxed": 0.362848460674,
            "relaxed": 0.637151539326
        },
        "probability": 0.637151539326,
        "value": "relaxed"
    },
    "mood_sad": {
        "all": {
            "not_sad": 0.880518913269,
            "sad": 0.11948107928
        },
        "probability": 0.880518913269,
        "value": "not_sad"
    },
    "moods_mirex": {
        "all": {
            "Cluster1": 0.122868068516,
            "Cluster2": 0.173916339874,
            "Cluster3": 0.103210747242,
            "Cluster4": 0.260715812445,
            "Cluster5": 0.339289039373
        },
        "probability": 0.339289039373,
        "value": "Cluster5"
    },
    "timbre": {
        "all": {
            "bright": 0.0248292796314,
            "dark": 0.975170731544
        },
        "probability": 0.975170731544,
        "value": "dark"
    },
    "tonal_atonal": {
        "all": {
            "atonal": 0.994287788868,
            "tonal": 0.00571220787242
        },
        "probability": 0.994287788868,
        "value": "atonal"
    },
    "voice_instrumental": {
        "all": {
            "instrumental": 0.943353056908,
            "voice": 0.0566469542682
        },
        "probability": 0.943353056908,
        "value": "instrumental"
    }
},
"lowlevel": {
    "average_loudness": 0.976766467094,
    "barkbands_crest": {
        "dmean": 3.08048224449,
        "dmean2": 4.59984302521,
        "dvar": 9.59286308289,
        "dvar2": 17.7588233948,
        "max": 26.4316139221,
        "mean": 12.9777021408,
        "median": 11.719587326,
        "min": 2.04635667801,
        "stdev": 6.44697284698,
        "var": 41.563457489
    },
    "barkbands_flatness_db": {
        "dmean": 0.0421142578125,
        "dmean2": 0.0601558163762,
        "dvar": 0.00260433577932,
        "dvar2": 0.0045572030358,
        "max": 0.682368338108,
        "mean": 0.182125508785,
        "median": 0.162678688765,
        "min": 0.00910709425807,
        "stdev": 0.108189374208,
        "var": 0.0117049412802
    },
    "barkbands_kurtosis": {
        "dmean": 20.5729522705,
        "dmean2": 28.4574546814,
        "dvar": 3565.49511719,
        "dvar2": 5686.71875,
        "max": 1747.11645508,
        "mean": 30.5542945862,
        "median": 6.28685569763,
        "min": -1.96444392204,
        "stdev": 90.9688491821,
        "var": 8275.33105469
    },
    "barkbands_skewness": {
        "dmean": 1.33806777,
        "dmean2": 1.85367190838,
        "dvar": 3.35375714302,
        "dvar2": 5.70737552643,
        "max": 36.5733757019,
        "mean": 3.11349225044,
        "median": 2.31068229675,
        "min": -4.79881954193,
        "stdev": 3.42962837219,
        "var": 11.7623510361
    },
    "barkbands_spread": {
        "dmean": 9.6707868576,
        "dmean2": 15.1105661392,
        "dvar": 217.516723633,
        "dvar2": 454.483032227,
        "max": 122.788787842,
        "mean": 21.1478786469,
        "median": 14.6522140503,
        "min": 0.0512091517448,
        "stdev": 21.7961044312,
        "var": 475.07019043
    },
    "dissonance": {
        "dmean": 0.0210783220828,
        "dmean2": 0.0350977145135,
        "dvar": 0.000694737653248,
        "dvar2": 0.00175089004915,
        "max": 0.500000238419,
        "mean": 0.47015786171,
        "median": 0.481967777014,
        "min": 0.184210181236,
        "stdev": 0.0327974706888,
        "var": 0.00107567419764
    },
    "dynamic_complexity": 4.28574943542,
    "erbbands_crest": {
        "dmean": 2.57950949669,
        "dmean2": 4.12478065491,
        "dvar": 8.23409938812,
        "dvar2": 17.9624099731,
        "max": 32.3583450317,
        "mean": 7.93185997009,
        "median": 6.38638591766,
        "min": 2.15102005005,
        "stdev": 4.5638012886,
        "var": 20.8282833099
    },
    "erbbands_flatness_db": {
        "dmean": 0.0237493608147,
        "dmean2": 0.0356669872999,
        "dvar": 0.000813477789052,
        "dvar2": 0.00154076551553,
        "max": 0.448134869337,
        "mean": 0.137552693486,
        "median": 0.121356844902,
        "min": 0.0425887070596,
        "stdev": 0.0541092790663,
        "var": 0.00292781414464
    },
    "erbbands_kurtosis": {
        "dmean": 2.39181613922,
        "dmean2": 3.79794836044,
        "dvar": 29.0572605133,
        "dvar2": 60.4737663269,
        "max": 164.427505493,
        "mean": 2.26693987846,
        "median": 0.0727705955505,
        "min": -1.85813176632,
        "stdev": 8.06482505798,
        "var": 65.0413970947
    },
    "erbbands_skewness": {
        "dmean": 0.63307005167,
        "dmean2": 0.94034332037,
        "dvar": 0.620247721672,
        "dvar2": 1.26327931881,
        "max": 10.0598917007,
        "mean": 0.49540784955,
        "median": 0.384428799152,
        "min": -4.26036691666,
        "stdev": 1.27669024467,
        "var": 1.62993788719
    },
    "erbbands_spread": {
        "dmean": 16.252412796,
        "dmean2": 24.9123954773,
        "dvar": 364.788299561,
        "dvar2": 781.857727051,
        "max": 178.274459839,
        "mean": 50.757396698,
        "median": 44.3264160156,
        "min": 0.475744098425,
        "stdev": 30.8052482605,
        "var": 948.963378906
    },
    "hfc": {
        "dmean": 8.42191791534,
        "dmean2": 12.408575058,
        "dvar": 157.383178711,
        "dvar2": 315.488616943,
        "max": 174.945007324,
        "mean": 13.9081630707,
        "median": 7.68036270142,
        "min": 1.10860704458e-16,
        "stdev": 16.6961841583,
        "var": 278.762573242
    },
    "loudness_ebu128": {
        "integrated": -11.0454673767,
        "loudness_range": 1.98145484924,
        "momentary": {
            "dmean": 1.02162539959,
            "dmean2": 1.65801882744,
            "dvar": 1.56549429893,
            "dvar2": 3.49947404861,
            "max": -8.14607048035,
            "mean": -12.0563554764,
            "median": -11.0430707932,
            "min": -93.5571517944,
            "stdev": 6.34441232681,
            "var": 40.2515678406
        },
        "short_term": {
            "dmean": 0.127817481756,
            "dmean2": 0.179101258516,
            "dvar": 0.022403396666,
            "dvar2": 0.0252521056682,
            "max": -9.55947303772,
            "mean": -11.5195903778,
            "median": -11.0300235748,
            "min": -66.7301101685,
            "stdev": 4.06653404236,
            "var": 16.536699295
        }
    },
    "melbands_crest": {
        "dmean": 3.65500807762,
        "dmean2": 5.4061050415,
        "dvar": 13.2257642746,
        "dvar2": 24.6759128571,
        "max": 35.4924278259,
        "mean": 18.2944774628,
        "median": 17.6010665894,
        "min": 1.87037193775,
        "stdev": 8.38979244232,
        "var": 70.3886108398
    },
    "melbands_flatness_db": {
        "dmean": 0.0520155318081,
        "dmean2": 0.0735377445817,
        "dvar": 0.00387910334393,
        "dvar2": 0.00682978890836,
        "max": 0.829078555107,
        "mean": 0.261966556311,
        "median": 0.248395323753,
        "min": 0.00467282067984,
        "stdev": 0.137716457248,
        "var": 0.0189658235759
    },
    "melbands_kurtosis": {
        "dmean": 34.8411254883,
        "dmean2": 51.802192688,
        "dvar": 5192.78222656,
        "dvar2": 11216.2900391,
        "max": 1324.30883789,
        "mean": 60.1555290222,
        "median": 19.0717926025,
        "min": -1.80104148388,
        "stdev": 109.141746521,
        "var": 11911.9208984
    },
    "melbands_skewness": {
        "dmean": 1.57935655117,
        "dmean2": 2.28285551071,
        "dvar": 3.77637505531,
        "dvar2": 8.0555562973,
        "max": 27.9649791718,
        "mean": 4.71283340454,
        "median": 3.52980065346,
        "min": -3.49250197411,
        "stdev": 3.69998717308,
        "var": 13.689904213
    },
    "melbands_spread": {
        "dmean": 11.0411491394,
        "dmean2": 16.8330821991,
        "dvar": 389.51675415,
        "dvar2": 818.747680664,
        "max": 245.992416382,
        "mean": 21.6275482178,
        "median": 10.3099422455,
        "min": 0.117911249399,
        "stdev": 31.8933544159,
        "var": 1017.18603516
    },
    "pitch_salience": {
        "dmean": 0.097087495029,
        "dmean2": 0.149081990123,
        "dvar": 0.00870818644762,
        "dvar2": 0.0179624073207,
        "max": 0.981317520142,
        "mean": 0.504603385925,
        "median": 0.531960368156,
        "min": 0.0264125205576,
        "stdev": 0.179980799556,
        "var": 0.0323930904269
    },
    "silence_rate_20dB": {
        "dmean": 0,
        "dmean2": 0,
        "dvar": 0,
        "dvar2": 0,
        "max": 1,
        "mean": 1,
        "median": 1,
        "min": 1,
        "stdev": 0,
        "var": 0
    },
    "silence_rate_30dB": {
        "dmean": 0.0922700539231,
        "dmean2": 0.184550851583,
        "dvar": 0.083755299449,
        "dvar2": 0.158207148314,
        "max": 1,
        "mean": 0.89026093483,
        "median": 1,
        "min": 0,
        "stdev": 0.312583684921,
        "var": 0.097708567977
    },
    "silence_rate_60dB": {
        "dmean": 0.0531251803041,
        "dmean2": 0.106256552041,
        "dvar": 0.0502931401134,
        "dvar2": 0.104966856539,
        "max": 1,
        "mean": 0.110554516315,
        "median": 0,
        "min": 0,
        "stdev": 0.313568919897,
        "var": 0.0983254760504
    },
    "spectral_centroid": {
        "dmean": 422.262268066,
        "dmean2": 651.468017578,
        "dvar": 359877.4375,
        "dvar2": 751418.1875,
        "max": 11451.6630859,
        "mean": 1240.06970215,
        "median": 1031.2442627,
        "min": 74.0401992798,
        "stdev": 979.847290039,
        "var": 960100.6875
    },
    "spectral_complexity": {
        "dmean": 4.61839580536,
        "dmean2": 6.36560630798,
        "dvar": 46.4190826416,
        "dvar2": 71.1251220703,
        "max": 61,
        "mean": 13.3289842606,
        "median": 9,
        "min": 0,
        "stdev": 12.199555397,
        "var": 148.829147339
    },
    "spectral_decrease": {
        "dmean": 4.9082578002e-09,
        "dmean2": 6.77342804067e-09,
        "dvar": 6.17741922526e-17,
        "dvar2": 1.15057223316e-16,
        "max": 1.78015076985e-28,
        "mean": -9.58803170192e-09,
        "median": -4.88467133408e-09,
        "min": -6.35499972645e-08,
        "stdev": 1.17664340493e-08,
        "var": 1.38448964597e-16
    },
    "spectral_energy": {
        "dmean": 0.0190902743489,
        "dmean2": 0.0263852123171,
        "dvar": 0.00091764330864,
        "dvar2": 0.00171294377651,
        "max": 0.244972810149,
        "mean": 0.0374489277601,
        "median": 0.0193384103477,
        "min": 1.04900743072e-20,
        "stdev": 0.0451664589345,
        "var": 0.00204000901431
    },
    "spectral_energyband_high": {
        "dmean": 0.000525268900674,
        "dmean2": 0.000814047001768,
        "dvar": 7.98340408892e-07,
        "dvar2": 1.88974820503e-06,
        "max": 0.0169595759362,
        "mean": 0.00071838288568,
        "median": 0.000344643864082,
        "min": 7.48802664574e-21,
        "stdev": 0.00103662197944,
        "var": 1.07458504317e-06
    },
    "spectral_energyband_low": {
        "dmean": 0.0151944048703,
        "dmean2": 0.0204336363822,
        "dvar": 0.000662821810693,
        "dvar2": 0.00110439024866,
        "max": 0.234364375472,
        "mean": 0.0275479350239,
        "median": 0.0104028200731,
        "min": 1.85671745793e-23,
        "stdev": 0.0398742482066,
        "var": 0.0015899555292
    },
    "spectral_energyband_middle_high": {
        "dmean": 0.00159567245282,
        "dmean2": 0.00225863629021,
        "dvar": 8.81707182998e-06,
        "dvar2": 1.36231656143e-05,
        "max": 0.0442692823708,
        "mean": 0.0026742159389,
        "median": 0.000911571318284,
        "min": 1.33911130377e-21,
        "stdev": 0.00454004434869,
        "var": 2.06120039365e-05
    },
    "spectral_energyband_middle_low": {
        "dmean": 0.00912827067077,
        "dmean2": 0.0160558838397,
        "dvar": 0.000472282874398,
        "dvar2": 0.00131203478668,
        "max": 0.178328752518,
        "mean": 0.00925530400127,
        "median": 0.00455625681207,
        "min": 1.39557029333e-22,
        "stdev": 0.017869533971,
        "var": 0.000319320271956
    },
    "spectral_entropy": {
        "dmean": 0.313355445862,
        "dmean2": 0.472558379173,
        "dvar": 0.186553671956,
        "dvar2": 0.336066424847,
        "max": 9.81783485413,
        "mean": 7.58751964569,
        "median": 7.79596328735,
        "min": 4.01289176941,
        "stdev": 0.767324090004,
        "var": 0.588786244392
    },
    "spectral_flux": {
        "dmean": 0.0468289703131,
        "dmean2": 0.068065918982,
        "dvar": 0.00384981720708,
        "dvar2": 0.00653814245015,
        "max": 0.456457912922,
        "mean": 0.0979105234146,
        "median": 0.0657968148589,
        "min": 6.58549395571e-11,
        "stdev": 0.0908297300339,
        "var": 0.00825004000217
    },
    "spectral_kurtosis": {
        "dmean": 2.66946840286,
        "dmean2": 4.20977640152,
        "dvar": 30.0476989746,
        "dvar2": 63.3633728027,
        "max": 97.333480835,
        "mean": 5.01589822769,
        "median": 2.72814941406,
        "min": -1.31495773792,
        "stdev": 8.62706565857,
        "var": 74.4262619019
    },
    "spectral_rms": {
        "dmean": 0.00142392131966,
        "dmean2": 0.0019509983249,
        "dvar": 3.41296185979e-06,
        "dvar2": 6.09059770795e-06,
        "max": 0.0154595561326,
        "mean": 0.00508301565424,
        "median": 0.00434358604252,
        "min": 3.1990965866e-12,
        "stdev": 0.00327084981836,
        "var": 1.0698458027e-05
    },
    "spectral_rolloff": {
        "dmean": 887.954956055,
        "dmean2": 1510.85839844,
        "dvar": 3393244.75,
        "dvar2": 7470303,
        "max": 19293.75,
        "mean": 1640.4173584,
        "median": 387.59765625,
        "min": 64.599609375,
        "stdev": 2682.06518555,
        "var": 7193474
    },
    "spectral_skewness": {
        "dmean": 0.395413249731,
        "dmean2": 0.601552546024,
        "dvar": 0.315629333258,
        "dvar2": 0.601101517677,
        "max": 8.74908161163,
        "mean": 1.63557803631,
        "median": 1.41868042946,
        "min": -0.203081831336,
        "stdev": 1.0088301897,
        "var": 1.01773846149
    },
    "spectral_spread": {
        "dmean": 1108485.25,
        "dmean2": 1616251.875,
        "dvar": 2.34514625331e+12,
        "dvar2": 4.38014758093e+12,
        "max": 51389416,
        "mean": 5919057.5,
        "median": 5517373,
        "min": 820401.125,
        "stdev": 2542201.25,
        "var": 6.46278755123e+12
    },
    "spectral_strongpeak": {
        "dmean": 0.249290466309,
        "dmean2": 0.393412321806,
        "dvar": 0.196989938617,
        "dvar2": 0.486521273851,
        "max": 10.8020601273,
        "mean": 0.476507544518,
        "median": 0.316965401173,
        "min": 4.9048692885e-10,
        "stdev": 0.581837415695,
        "var": 0.338534802198
    },
    "zerocrossingrate": {
        "dmean": 0.0185476336628,
        "dmean2": 0.0217580404133,
        "dvar": 0.000628013978712,
        "dvar2": 0.000690757588018,
        "max": 0.66796875,
        "mean": 0.0665701553226,
        "median": 0.04541015625,
        "min": 0.001953125,
        "stdev": 0.0710166469216,
        "var": 0.00504336412996
    },
    "barkbands": {
        "dmean": [0.000346545100911, 0.0121949007735, 0.00557116046548, 0.00576537102461, 0.00240649213083, 0.000602459709626, 0.000541602435987, 0.000392961752368, 0.000345230801031, 0.000228201446589, 0.000317632919177, 0.00027431853232, 0.000188076883205, 0.000224049974349, 0.00021279847715, 0.000213997423998, 0.000165935052792, 0.00015742778487, 9.14952615858e-05, 7.39971947041e-05, 0.000114679940452, 9.56138610491e-05, 8.83619650267e-05, 0.000106686144136, 8.73396274983e-05, 3.5894659959e-05, 1.86404827218e-06],
        "dmean2": [0.000418903597165, 0.0166533458978, 0.00978289544582, 0.0104510691017, 0.00433461321518, 0.00099145330023, 0.000916296907235, 0.000646094908006, 0.000558697851375, 0.000360190140782, 0.000530506309588, 0.00043809734052, 0.00027663767105, 0.000341116159689, 0.000305576657411, 0.00030443907599, 0.000235234445427, 0.000251569697866, 0.000149995190441, 0.000114039612527, 0.000174335102201, 0.000150587686221, 0.000145562240505, 0.000180509843631, 0.000150456093252, 6.1699647631e-05, 3.17731587529e-06],
        "dvar": [3.45381238276e-07, 0.000533663958777, 0.000218211571337, 0.000258127605775, 3.44122418028e-05, 9.72351244855e-07, 1.10801090614e-06, 7.52752384869e-07, 9.45603119362e-07, 4.5310221708e-07, 5.05344814883e-07, 4.36657842329e-07, 2.20199680712e-07, 3.47142560031e-07, 3.16388053534e-07, 3.46020073039e-07, 1.79512298359e-07, 1.4590300168e-07, 4.66153231571e-08, 2.77526197578e-08, 6.31865617606e-08, 3.53344162818e-08, 2.05741965686e-08, 4.04028099865e-08, 2.72928222245e-08, 6.01867844452e-09, 1.52544903792e-11],
        "dvar2": [6.1168702814e-07, 0.00101886130869, 0.000600582570769, 0.000721027899999, 9.9130164017e-05, 2.55494205703e-06, 2.99991961583e-06, 1.90196556105e-06, 2.50592370321e-06, 9.86588588603e-07, 1.24116036204e-06, 1.02693013559e-06, 4.8363847327e-07, 6.93461004175e-07, 6.89680803134e-07, 7.22869458514e-07, 3.70456490373e-07, 3.32070271725e-07, 1.16267386829e-07, 5.96514340145e-08, 1.51701897266e-07, 8.48113472784e-08, 4.95503265086e-08, 1.05484964763e-07, 7.01458873209e-08, 1.51204364585e-08, 3.60378220321e-11],
        "max": [0.00665237940848, 0.225511908531, 0.11341817677, 0.135686486959, 0.0496638901532, 0.010071166791, 0.0184059143066, 0.0207458492368, 0.0404267273843, 0.0299958344549, 0.0149783361703, 0.0169862657785, 0.0227171536535, 0.0221007801592, 0.0102088982239, 0.00808162614703, 0.00624837493524, 0.00633374042809, 0.00296578113921, 0.00642465194687, 0.00732395146042, 0.00386242032982, 0.00274810078554, 0.00326815620065, 0.00398355443031, 0.00307280709967, 0.00019047583919],
        "mean": [0.000669609056786, 0.0193516183645, 0.00480805430561, 0.00428208708763, 0.00256084045395, 0.000754600856453, 0.000630500144325, 0.000528486387338, 0.000441916723503, 0.000319835817209, 0.00037359612179, 0.000365655578207, 0.000252602534601, 0.000316236022627, 0.000263012538198, 0.000246825191425, 0.000191181025002, 0.000191212457139, 0.000124050799059, 0.000120337761473, 0.000156976602739, 0.000119411990454, 0.000123723002616, 0.000123062549392, 9.56221847446e-05, 3.59416553692e-05, 2.0189775114e-06],
        "median": [0.000162535958225, 0.00608924077824, 0.00132172810845, 0.00093210209161, 0.00132614432368, 0.000359654281056, 0.000221468828386, 0.000176629167981, 0.00010392654076, 5.64891706745e-05, 8.69408249855e-05, 7.20728421584e-05, 5.55339865969e-05, 4.91811515531e-05, 3.31048577209e-05, 2.75643142231e-05, 2.19170797209e-05, 2.51238761848e-05, 2.72776287602e-05, 3.72894501197e-05, 4.73897052871e-05, 3.99749624194e-05, 6.44989340799e-05, 5.49337819393e-05, 3.88738553738e-05, 1.27713938127e-05, 6.9425266247e-07],
        "min": [1.67191436632e-24, 9.06485588216e-24, 1.55156485915e-24, 1.96381755316e-24, 7.77677539712e-24, 1.03519708014e-23, 1.4679579686e-23, 2.28428574836e-23, 3.06874717631e-23, 2.55740785309e-23, 3.01831466755e-23, 4.86025502523e-23, 3.4925538624e-23, 6.42891345496e-23, 7.31256767309e-23, 5.59506602113e-23, 1.15143829044e-22, 1.34938772537e-22, 1.88564564997e-22, 2.62904191376e-22, 2.94998132713e-22, 3.41938562504e-22, 4.78414831256e-22, 6.80073124128e-22, 1.07984289027e-21, 1.55073060009e-21, 1.93234863894e-21],
        "stdev": [0.00101539737079, 0.0320119671524, 0.0121780261397, 0.0127460826188, 0.00468282448128, 0.00105088530108, 0.00107746035792, 0.00109913363121, 0.00125747162383, 0.00108905951492, 0.00081768038217, 0.000829911674373, 0.000579594750889, 0.000787398195826, 0.000663299229927, 0.000679820892401, 0.000498794310261, 0.0004532742023, 0.000252626166912, 0.000224395436817, 0.000295024365187, 0.000209623685805, 0.000164279277669, 0.000193472544197, 0.000162332697073, 7.79256952228e-05, 4.12072222389e-06],
        "var": [1.03103184301e-06, 0.00102476612665, 0.000148304316099, 0.000162462631124, 2.19288431254e-05, 1.10435996703e-06, 1.1609208741e-06, 1.20809477266e-06, 1.58123486926e-06, 1.18605055377e-06, 6.68601160214e-07, 6.88753345912e-07, 3.35930053552e-07, 6.19995887519e-07, 4.39965845089e-07, 4.62156464209e-07, 2.48795743119e-07, 2.05457496349e-07, 6.38199750824e-08, 5.03533144069e-08, 8.70393819241e-08, 4.39420873022e-08, 2.69876796466e-08, 3.74316257989e-08, 2.63519055466e-08, 6.07241412709e-09, 1.69803528877e-11]
    },
    "erbbands": {
        "dmean": [0.384726673365, 2.86575293541, 5.96672439575, 14.879108429, 13.5024938583, 6.38308286667, 4.52179765701, 5.19376182556, 6.70902490616, 9.85106372833, 7.81799554825, 6.46577835083, 8.10463619232, 7.44913053513, 13.1822509766, 9.95491600037, 8.26650905609, 10.5453691483, 12.4238977432, 11.3170061111, 11.1741762161, 9.3807592392, 9.02269554138, 6.43984365463, 3.79975605011, 3.27812290192, 3.65193295479, 5.18693494797, 3.51479959488, 3.32938766479, 2.23395013809, 2.12846374512, 1.80790805817, 1.11528456211, 0.572252929211, 0.224108934402, 0.0408405326307, 0.00552494358271, 0.000332036492182, 3.07091322611e-05],
        "dmean2": [0.508528530598, 4.01249790192, 10.0170326233, 26.3414173126, 24.8340110779, 11.2184906006, 7.43481445312, 8.54007148743, 10.9583444595, 17.2575836182, 12.3908691406, 10.4316177368, 13.2176704407, 12.021727562, 21.703119278, 15.5514173508, 11.8996524811, 16.9531326294, 17.198469162, 16.1186523438, 14.6241664886, 13.4749326706, 14.7397499084, 10.1315164566, 6.02240610123, 5.00894069672, 5.39805030823, 8.22718429565, 5.43043088913, 5.34445571899, 3.57735729218, 3.59015393257, 3.09120941162, 1.92350363731, 0.986464858055, 0.382188469172, 0.0693018585443, 0.00934576336294, 0.000550289289095, 4.50238076155e-05],
        "dvar": [0.468200296164, 32.4370994568, 228.853927612, 1535.56469727, 1413.73486328, 197.781509399, 52.2236633301, 79.6616821289, 121.233940125, 675.206420898, 384.125183105, 376.969543457, 421.831359863, 227.06262207, 850.032226562, 488.198242188, 395.422332764, 738.242675781, 942.077941895, 950.327270508, 825.213500977, 573.073059082, 481.499481201, 216.175872803, 93.0821380615, 53.3210296631, 55.2478599548, 144.299530029, 44.394153595, 34.7746009827, 12.963801384, 14.1999340057, 12.6643457413, 4.52721357346, 1.30076420307, 0.214020609856, 0.00766059570014, 0.000199139249162, 4.93796335377e-07, 2.25024532341e-09],
        "dvar2": [0.778246998787, 64.9813690186, 601.801635742, 4239.59228516, 4038.91699219, 565.137145996, 140.412734985, 208.487564087, 300.612945557, 1903.59887695, 960.194152832, 992.192138672, 1016.41882324, 517.864135742, 2091.53344727, 1110.43188477, 826.91015625, 1660.875, 1839.50585938, 2081.1496582, 1510.54199219, 1194.55603027, 1153.35595703, 462.636444092, 239.156738281, 109.213615417, 117.639122009, 367.251861572, 102.181266785, 84.0676116943, 30.9888916016, 36.0074310303, 33.654838562, 11.8576688766, 3.342212677, 0.539407134056, 0.018733503297, 0.00044261169387, 1.10341602522e-06, 4.69795047309e-09],
        "max": [5.61115455627, 53.0145339966, 121.312965393, 311.782562256, 331.994659424, 127.667373657, 73.1564407349, 102.773406982, 235.541427612, 675.646911621, 620.986083984, 885.44317627, 722.304992676, 617.247436523, 589.399902344, 538.782836914, 977.763977051, 1047.40588379, 768.634155273, 459.652893066, 468.589538574, 343.301208496, 291.004974365, 223.697341919, 251.522140503, 307.029602051, 353.455871582, 184.514984131, 115.241065979, 147.357299805, 67.5276260376, 58.5997581482, 59.4069519043, 36.8017311096, 32.6345825195, 16.1186122894, 3.76143074036, 0.906515300274, 0.0409597232938, 0.00244249170646],
        "mean": [0.706309199333, 3.71711087227, 5.38887500763, 12.0532951355, 11.1073570251, 7.27324199677, 6.25111150742, 6.45756816864, 8.66417217255, 10.2576494217, 12.1283912659, 8.60807132721, 10.2823638916, 10.2651910782, 16.4762897491, 13.8851490021, 11.6271944046, 14.6021623611, 15.3877401352, 13.6746063232, 13.913066864, 10.8597154617, 10.6711273193, 8.48941612244, 5.6535243988, 5.3183350563, 5.67976093292, 6.41700029373, 4.47124433517, 4.05661153793, 3.2257335186, 2.6113049984, 2.03579258919, 1.20169496536, 0.616262495518, 0.234383881092, 0.0443069711328, 0.00578328827396, 0.000390150758903, 5.54948419449e-05],
        "median": [0.190730750561, 1.11061441898, 1.5488550663, 2.96208739281, 4.01333904266, 3.78636360168, 3.37075138092, 2.85223865509, 3.00811481476, 3.87433505058, 4.0439209938, 2.27553200722, 2.40050506592, 3.4284825325, 4.22516107559, 3.26520109177, 2.77785301208, 2.58266496658, 2.1925444603, 1.67698669434, 1.62174320221, 1.47678458691, 1.40775477886, 1.29256737232, 1.88264012337, 1.54414725304, 1.82314968109, 1.73682010174, 1.46030676365, 1.62523126602, 1.72450995445, 1.2917419672, 0.904758095741, 0.517575919628, 0.221981078386, 0.0873840898275, 0.0172775052488, 0.00205004075542, 0.000136241695145, 3.43725914718e-05],
        "min": [1.28692205858e-22, 2.53498162303e-21, 2.88302856903e-21, 4.47362701282e-21, 2.48614480696e-20, 1.97312755262e-20, 5.12710874403e-20, 1.52996476396e-19, 1.73163191429e-19, 4.4679395645e-19, 6.35616542829e-19, 8.09573556227e-19, 7.20584483652e-19, 1.24157504178e-18, 1.96081757999e-18, 2.00366905123e-18, 2.23002702586e-18, 3.39819547514e-18, 3.65350166928e-18, 4.91260166971e-18, 5.3962061974e-18, 9.58897544574e-18, 7.40577283961e-18, 7.68620857396e-18, 1.0376667283e-17, 1.05094041287e-17, 1.17572474418e-17, 1.24882468015e-17, 1.11388927108e-17, 1.39496565682e-17, 1.37735010121e-17, 1.27972607988e-17, 1.15386633106e-17, 7.8449619043e-18, 7.17745031103e-18, 4.78776522603e-18, 2.63681211724e-18, 1.01255778489e-18, 2.66688173517e-19, 2.92528190791e-20],
        "stdev": [1.09124159813, 7.01106548309, 13.2653131485, 32.1316375732, 28.9034576416, 11.878698349, 8.18105697632, 9.48054027557, 13.8162651062, 22.7910175323, 27.0098266602, 25.8115692139, 28.5786266327, 21.7608547211, 33.9669876099, 28.4073638916, 25.4854221344, 34.2582778931, 38.4248580933, 35.621257782, 36.5022010803, 28.0265350342, 25.3632850647, 18.6915092468, 10.76263237, 10.0305652618, 9.99192523956, 12.8976583481, 7.77123117447, 6.43735408783, 4.28154945374, 3.88302445412, 3.26838350296, 1.98732733727, 1.14173471928, 0.470757514238, 0.0929692834616, 0.0154636055231, 0.000799019122496, 6.16863253526e-05],
        "var": [1.19080817699, 49.155040741, 175.968521118, 1032.4420166, 835.409851074, 141.103485107, 66.9296951294, 89.880645752, 190.889190674, 519.430480957, 729.530761719, 666.237121582, 816.737854004, 473.534759521, 1153.75634766, 806.97833252, 649.506774902, 1173.62963867, 1476.46984863, 1268.87402344, 1332.4107666, 785.486633301, 643.296264648, 349.372528076, 115.834259033, 100.612236023, 99.8385772705, 166.349578857, 60.392036438, 41.4395294189, 18.3316650391, 15.0778779984, 10.6823310852, 3.94947004318, 1.3035582304, 0.221612647176, 0.00864328723401, 0.000239123110077, 6.38431572497e-07, 3.80520237542e-09]
    },
    "gfcc": {
        "mean": [-49.7673034668, 82.3994827271, -81.384727478, 44.2720909119, -53.3729743958, 27.9998092651, -32.1791687012, 10.2316322327, -20.63920784, 3.83260560036, -11.2091474533, -0.460249304771, -8.34088420868],
        "cov": [[15058.5800781, -398.900848389, -1398.2388916, 225.624603271, -484.950714111, 13.579706192, -642.36340332, -102.559181213, -477.153717041, 188.395355225, -336.787322998, 119.119171143, -313.539093018], [-398.900848389, 3195.81103516, 361.339447021, 125.047317505, 670.528625488, -132.017333984, 286.831115723, -195.706741333, 279.225372314, -280.090698242, 354.876098633, -168.933380127, 269.495819092], [-1398.2388916, 361.339447021, 1685.9510498, 561.196411133, 163.875106812, 25.5440216064, 31.0917739868, -19.966835022, 47.3706016541, -24.7092647552, 77.2735443115, 5.26811075211, 62.4551467896], [225.624603271, 125.047317505, 561.196411133, 752.08001709, 363.040008545, 42.5490913391, 69.086769104, -39.3574333191, 50.1512680054, -14.4349298477, 20.3628463745, -8.20832824707, 46.5028572083], [-484.950714111, 670.528625488, 163.875106812, 363.040008545, 601.815429688, 104.199462891, 167.064331055, -16.8746776581, 135.66204834, -65.7015075684, 85.3098449707, -45.815952301, 87.4526443481], [13.579706192, -132.017333984, 25.5440216064, 42.5490913391, 104.199462891, 211.022094727, 90.2207489014, 61.9137077332, 26.3183116913, 20.5156230927, 0.499844074249, 7.96641921997, -14.8124074936], [-642.36340332, 286.831115723, 31.0917739868, 69.086769104, 167.064331055, 90.2207489014, 242.368927002, 45.0541954041, 97.4189910889, -23.8557090759, 64.3057937622, -28.5085391998, 43.5505943298], [-102.559181213, -195.706741333, -19.966835022, -39.3574333191, -16.8746776581, 61.9137077332, 45.0541954041, 125.868438721, 47.2857780457, 44.99634552, -10.5816755295, 0.979268431664, -9.29731941223], [-477.153717041, 279.225372314, 47.3706016541, 50.1512680054, 135.66204834, 26.3183116913, 97.4189910889, 47.2857780457, 150.946182251, 13.7916631699, 60.9461288452, -25.0293140411, 45.2479019165], [188.395355225, -280.090698242, -24.7092647552, -14.4349298477, -65.7015075684, 20.5156230927, -23.8557090759, 44.99634552, 13.7916631699, 105.667129517, -5.86626815796, 25.859380722, -19.9265766144], [-336.787322998, 354.876098633, 77.2735443115, 20.3628463745, 85.3098449707, 0.499844074249, 64.3057937622, -10.5816755295, 60.9461288452, -5.86626815796, 119.368591309, 3.63071799278, 47.0986061096], [119.119171143, -168.933380127, 5.26811075211, -8.20832824707, -45.815952301, 7.96641921997, -28.5085391998, 0.979268431664, -25.0293140411, 25.859380722, 3.63071799278, 73.6091461182, -2.18869614601], [-313.539093018, 269.495819092, 62.4551467896, 46.5028572083, 87.4526443481, -14.8124074936, 43.5505943298, -9.29731941223, 45.2479019165, -19.9265766144, 47.0986061096, -2.18869614601, 86.8611907959]],
        "icov": [[0.000150272957399, -0.000286754220724, 0.000246792129474, -0.000432181026554, 0.000300443847664, -0.000331538263708, 0.000379948731279, -0.000293732737191, 0.00044798606541, -0.000468207290396, 0.000360584293958, -0.000283415312879, 0.000361643586075], [-0.000286754220724, 0.00164065149147, -0.000651447393466, 0.00134871818591, -0.00127938971855, 0.00115567806643, -0.000798585009761, 0.00164266116917, -0.00167997344397, 0.00233357283287, -0.00250016408972, 0.00186137366109, -0.001504598069], [0.000246792129474, -0.000651447393466, 0.00131938257255, -0.00165276869666, 0.00108091649599, -0.000919150479604, 0.000969859887846, -0.000924332533032, 0.000734093016945, -0.000483155716211, 0.000134715606691, -0.000587304180954, 0.000436878326582], [-0.000432181026554, 0.00134871818591, -0.00165276869666, 0.00435482431203, -0.00314169446938, 0.00176604581065, -0.00167618121486, 0.00227978080511, -0.00124757539015, 0.000573858385906, -0.000402962701628, 0.000927448796574, -0.00131554633845], [0.000300443847664, -0.00127938971855, 0.00108091649599, -0.00314169446938, 0.00544287916273, -0.00320057338104, 0.000820102519356, -0.000205577802262, -0.00114694528747, 0.000411247398006, 0.000886152207386, -0.000382646889193, -0.000298545433907], [-0.000331538263708, 0.00115567806643, -0.000919150479604, 0.00176604581065, -0.00320057338104, 0.00903225969523, -0.00381453242153, -0.00179687282071, 0.000537686166354, 0.000218919303734, -0.000804685929324, -0.000778290384915, 0.00160273350775], [0.000379948731279, -0.000798585009761, 0.000969859887846, -0.00167618121486, 0.000820102519356, -0.00381453242153, 0.00911950413138, -0.0027933800593, -0.00134380441159, 0.00151447125245, -0.00179095100611, 0.000880151404999, -0.000257589126704], [-0.000293732737191, 0.00164266116917, -0.000924332533032, 0.00227978080511, -0.000205577802262, -0.00179687282071, -0.0027933800593, 0.0159665737301, -0.00692092534155, -0.00186728162225, 0.00147497700527, 0.00152951257769, -0.00128693715669], [0.00044798606541, -0.00167997344397, 0.000734093016945, -0.00124757539015, -0.00114694528747, 0.000537686166354, -0.00134380441159, -0.00692092534155, 0.0174694024026, -0.00665031326935, -0.001831819769, 0.00235179904848, -0.00142443494406], [-0.000468207290396, 0.00233357283287, -0.000483155716211, 0.000573858385906, 0.000411247398006, 0.000218919303734, 0.00151447125245, -0.00186728162225, -0.00665031326935, 0.0188170559704, -0.00505322404206, -0.00155952526256, 0.000255810882663], [0.000360584293958, -0.00250016408972, 0.000134715606691, -0.000402962701628, 0.000886152207386, -0.000804685929324, -0.00179095100611, 0.00147497700527, -0.001831819769, -0.00505322404206, 0.0186546016484, -0.00625623296946, -0.001273817732], [-0.000283415312879, 0.00186137366109, -0.000587304180954, 0.000927448796574, -0.000382646889193, -0.000778290384915, 0.000880151404999, 0.00152951257769, 0.00235179904848, -0.00155952526256, -0.00625623296946, 0.0201477669179, -0.00458031287417], [0.000361643586075, -0.001504598069, 0.000436878326582, -0.00131554633845, -0.000298545433907, 0.00160273350775, -0.000257589126704, -0.00128693715669, -0.00142443494406, 0.000255810882663, -0.001273817732, -0.00458031287417, 0.0198176652193]]
    },
    "melbands": {
        "dmean": [0.00340245314874, 0.00299674924463, 0.00242724851705, 0.00065927306423, 0.000168890823261, 0.000116414877994, 0.000101280478702, 0.000104757491499, 6.19902857579e-05, 4.24693935202e-05, 4.20377582486e-05, 3.01288546325e-05, 4.56695197499e-05, 3.70550442312e-05, 2.03584222618e-05, 1.93621235667e-05, 2.02011979127e-05, 2.2354270186e-05, 1.48183289639e-05, 1.68412716448e-05, 1.25164651763e-05, 9.61671230471e-06, 8.93123615242e-06, 7.26358894099e-06, 5.26533813172e-06, 3.1109154861e-06, 2.66853635367e-06, 2.19545108848e-06, 2.31438616538e-06, 2.9909206205e-06, 2.97029578178e-06, 1.99805026568e-06, 1.99986948246e-06, 1.94646599994e-06, 1.32691013732e-06, 1.15339901186e-06, 1.45129433804e-06, 1.35093364406e-06, 1.14567046694e-06, 8.82698486748e-07],
        "dmean2": [0.0046039801091, 0.00437697814777, 0.0043157255277, 0.00119591702241, 0.000279414263787, 0.000190720660612, 0.000167390040588, 0.000181733543286, 9.75979419309e-05, 6.89245498506e-05, 6.83005273459e-05, 4.82343639305e-05, 7.57027519285e-05, 5.8977639128e-05, 3.07682494167e-05, 2.86908398266e-05, 3.31662013195e-05, 3.14688841172e-05, 2.15677155211e-05, 2.59092739725e-05, 1.59953397088e-05, 1.38690602398e-05, 1.37536517286e-05, 1.19267833725e-05, 8.28425891086e-06, 4.97371092933e-06, 4.36140589954e-06, 3.39233565683e-06, 3.39709708896e-06, 4.88061368742e-06, 4.74606213174e-06, 3.20555022881e-06, 3.21084212374e-06, 3.19573564411e-06, 2.12201234717e-06, 1.87923899375e-06, 2.48854530582e-06, 2.28241242439e-06, 2.01660532184e-06, 1.5125255004e-06],
        "dvar": [3.97943003918e-05, 3.94419112126e-05, 4.1685787437e-05, 2.87010038846e-06, 7.85430884775e-08, 3.84251670482e-08, 2.83520691369e-08, 7.08364211732e-08, 3.03098417476e-08, 1.39062725779e-08, 1.17451106618e-08, 4.73309746951e-09, 1.15424114711e-08, 9.33308097473e-09, 2.19471907315e-09, 2.56890153594e-09, 2.97728131038e-09, 3.25518390021e-09, 1.66911040544e-09, 2.60455612633e-09, 9.87870341085e-10, 6.15177409014e-10, 5.08065312044e-10, 3.18811893552e-10, 1.41752998228e-10, 5.88822809955e-11, 4.31872280993e-11, 2.39425701487e-11, 2.27111888323e-11, 4.80953228632e-11, 4.42148574697e-11, 1.47212884244e-11, 1.7523607565e-11, 1.17990088186e-11, 4.7975889754e-12, 3.56747964503e-12, 7.03868690763e-12, 6.97185104787e-12, 4.7273148937e-12, 2.88088346581e-12],
        "dvar2": [7.32102053007e-05, 8.66758418852e-05, 0.000115712049592, 8.22015954327e-06, 2.16725737801e-07, 1.00258084501e-07, 7.22531652286e-08, 1.97774795652e-07, 7.76868631647e-08, 3.61990544206e-08, 2.79019012339e-08, 1.04591100225e-08, 2.78898628636e-08, 2.23901448493e-08, 4.98493868406e-09, 5.49262946237e-09, 7.04907909821e-09, 6.59767973588e-09, 3.79951492491e-09, 6.16815576393e-09, 1.70348013473e-09, 1.30794686193e-09, 1.09978881557e-09, 8.01558597274e-10, 2.9908783783e-10, 1.45823020326e-10, 1.15446541216e-10, 4.7723359986e-11, 4.64303283321e-11, 1.28467694815e-10, 1.08724661219e-10, 3.52249306113e-11, 4.1244740262e-11, 2.93958538067e-11, 1.12383106293e-11, 8.87746733763e-12, 1.81471278976e-11, 1.84704265771e-11, 1.27056282162e-11, 7.52652974667e-12],
        "max": [0.0598352886736, 0.0512450113893, 0.0530603155494, 0.0144071150571, 0.00266374857165, 0.00243185716681, 0.0030779640656, 0.00684906402603, 0.00585042592138, 0.00476770335808, 0.00355632533319, 0.00324011850171, 0.00247767963447, 0.00259229610674, 0.00250460486859, 0.00194427731913, 0.00212986464612, 0.0017164950259, 0.000883066793904, 0.000686464831233, 0.000569343450479, 0.000365567946574, 0.000278110383078, 0.000253323698416, 0.000180679431651, 0.000121813092846, 0.000277441926301, 0.000199425354367, 0.000185589349712, 0.000233554368606, 9.07597204787e-05, 7.27296064724e-05, 0.000100550547359, 7.29542734916e-05, 4.61976960651e-05, 4.18487688876e-05, 4.62535062979e-05, 5.47910531168e-05, 3.34732103511e-05, 3.09331953758e-05],
        "mean": [0.00577877787873, 0.00353256310336, 0.00199677492492, 0.000635771837551, 0.000234635095694, 0.000147828133777, 0.000126897866721, 0.000114622991532, 9.60304096225e-05, 5.30237193743e-05, 5.34059108759e-05, 4.18410490965e-05, 5.52457640879e-05, 4.66063393105e-05, 2.73739460681e-05, 2.67146278929e-05, 2.65386388492e-05, 2.63158708549e-05, 1.83686097444e-05, 1.76084631676e-05, 1.60248109751e-05, 1.09155253085e-05, 1.03705497168e-05, 8.52433004184e-06, 6.81541678205e-06, 4.27592749475e-06, 3.93696336687e-06, 3.38851600645e-06, 3.47053151017e-06, 3.90420746044e-06, 3.57473140866e-06, 2.50641187449e-06, 2.28014960157e-06, 2.31617696045e-06, 1.84713121598e-06, 1.68149233559e-06, 1.59835747127e-06, 1.46860827499e-06, 1.25211181512e-06, 9.25565700527e-07],
