{
"highlevel": {
    "danceability": {
        "all": {
            "danceable": 0.99990862608,
            "not_danceable": 9.14027768886e-05
        },
        "probability": 0.99990862608,
        "value": "danceable"
    },
    "gender": {
        "all": {
            "female": 0.995722413063,
            "male": 0.00427758740261
        },
        "probability": 0.995722413063,
        "value": "female"
    },
    "genre_electronic": {
        "all": {
            "ambient": 0.234015017748,
            "dnb": 0.0571455471218,
            "house": 0.511437952518,
            "techno": 0.0420533306897,
            "trance": 0.155348151922
        },
        "probability": 0.511437952518,
        "value": "house"
    },
    "mood_acoustic": {
        "all": {
            "acoustic": 0.0233318991959,
            "not_acoustic": 0.976668119431
        },
        "probability": 0.976668119431,
        "value": "not_acoustic"
    },
    "mood_aggressive": {
        "all": {
            "aggressive": 0.824179708958,
            "not_aggressive": 0.175820305943
        },
        "probability": 0.824179708958,
        "value": "aggressive"
    },
    "mood_electronic": {
        "all": {
            "electronic": 0.655218780041,
            "not_electronic": 0.344781219959
        },
        "probability": 0.655218780041,
        "value": "electronic"
    },
    "mood_happy": {
        "all": {
            "happy": 0.766214132309,
            "not_happy": 0.23378585279
        },
        "probability": 0.766214132309,
        "value": "happy"
    },
    "mood_party": {
        "all": {
            "not_party": 0.311075747013,
            "party": 0.688924252987
        },
        "probability": 0.688924252987,
        "value": "party"
    },
    "mood_relaxed": {
        "all": {
            "not_relaxed": 0.339224904776,
            "relaxed": 0.660775125027
        },
        "probability": 0.660775125027,
        "value": "relaxed"
    },
    "mood_sad": {
        "all": {
            "not_sad": 0.348836690187,
            "sad": 0.65116328001
        },
        "probability": 0.65116328001,
        "value": "sad"
    },
    "moods_mirex": {
        "all": {
            "Cluster1": 0.080991640687,
            "Cluster2": 0.361193180084,
            "Cluster3": 0.269172221422,
            "Cluster4": 0.267262369394,
            "Cluster5": 0.0213806200773
        },
        "probability": 0.361193180084,
        "value": "Cluster2"
    },
    "timbre": {
        "all": {
            "bright": 0.0798036381602,
            "dark": 0.920196354389
        },
        "probability": 0.920196354389,
        "value": "dark"
    },
    "tonal_atonal": {
        "all": {
            "atonal": 0.866475343704,
            "tonal": 0.133524626493
        },
        "probability": 0.866475343704,
        "value": "atonal"
    },
    "voice_instrumental": {
        "all": {
            "instrumental": 0.321810394526,
            "voice": 0.678189635277
        },
        "probability": 0.678189635277,
        "value": "voice"
    }
},
"lowlevel": {
    "average_loudness": 0.799096167088,
    "barkbands_crest": {
        "dmean": 2.39587807655,
        "dmean2": 3.56601142883,
        "dvar": 7.2100892067,
        "dvar2": 15.5809011459,
        "max": 26.6601295471,
        "mean": 13.8307638168,
        "median": 13.1140966415,
        "min": 2.50197958946,
        "stdev": 5.06476974487,
        "var": 25.6518936157
    },
    "barkbands_flatness_db": {
        "dmean": 0.0209749042988,
        "dmean2": 0.0293942838907,
        "dvar": 0.000683923892211,
        "dvar2": 0.00132944679353,
        "max": 0.542543709278,
        "mean": 0.181443586946,
        "median": 0.171355575323,
        "min": 0.0282692145556,
        "stdev": 0.0824734196067,
        "var": 0.00680186552927
    },
    "barkbands_kurtosis": {
        "dmean": 6.24223995209,
        "dmean2": 8.78903579712,
        "dvar": 2247.07104492,
        "dvar2": 3950.48803711,
        "max": 2055.66308594,
        "mean": 9.1429567337,
        "median": 3.02502250671,
        "min": -1.75695192814,
        "stdev": 57.0756416321,
        "var": 3257.62890625
    },
    "barkbands_skewness": {
        "dmean": 0.580526649952,
        "dmean2": 0.813065648079,
        "dvar": 1.24032688141,
        "dvar2": 2.0807158947,
        "max": 39.8806800842,
        "mean": 1.86852729321,
        "median": 1.64556467533,
        "min": -2.11032819748,
        "stdev": 1.92365336418,
        "var": 3.70044231415
    },
    "barkbands_spread": {
        "dmean": 4.72703886032,
        "dmean2": 6.65000772476,
        "dvar": 38.6177062988,
        "dvar2": 78.6634521484,
        "max": 87.5747070312,
        "mean": 20.6728286743,
        "median": 16.2954978943,
        "min": 0.10722001642,
        "stdev": 16.2158432007,
        "var": 262.953582764
    },
    "dissonance": {
        "dmean": 0.0254083424807,
        "dmean2": 0.0429230630398,
        "dvar": 0.000770450569689,
        "dvar2": 0.00204475224018,
        "max": 0.499928116798,
        "mean": 0.448234975338,
        "median": 0.462810397148,
        "min": 0.136806830764,
        "stdev": 0.0467905700207,
        "var": 0.00218935729936
    },
    "dynamic_complexity": 4.644135952,
    "erbbands_crest": {
        "dmean": 2.80305480957,
        "dmean2": 4.37111902237,
        "dvar": 7.34190702438,
        "dvar2": 17.7133560181,
        "max": 32.1904182434,
        "mean": 11.6672821045,
        "median": 10.5597057343,
        "min": 2.23930668831,
        "stdev": 5.61672973633,
        "var": 31.5476531982
    },
    "erbbands_flatness_db": {
        "dmean": 0.0158174764365,
        "dmean2": 0.0225680880249,
        "dvar": 0.000301747990306,
        "dvar2": 0.000560875807423,
        "max": 0.460419207811,
        "mean": 0.182345300913,
        "median": 0.158031269908,
        "min": 0.0472391881049,
        "stdev": 0.0935426428914,
        "var": 0.00875022541732
    },
    "erbbands_kurtosis": {
        "dmean": 1.49810481071,
        "dmean2": 2.27279400826,
        "dvar": 14.4014472961,
        "dvar2": 28.4199810028,
        "max": 104.201675415,
        "mean": 2.20357847214,
        "median": 0.471009254456,
        "min": -1.82685232162,
        "stdev": 8.00249385834,
        "var": 64.0399017334
    },
    "erbbands_skewness": {
        "dmean": 0.354301542044,
        "dmean2": 0.531095564365,
        "dvar": 0.13746149838,
        "dvar2": 0.301037698984,
        "max": 5.09383583069,
        "mean": 0.505160748959,
        "median": 0.427198678255,
        "min": -3.49502253532,
        "stdev": 0.868301391602,
        "var": 0.7539473176
    },
    "erbbands_spread": {
        "dmean": 7.48367166519,
        "dmean2": 10.4848871231,
        "dvar": 104.799858093,
        "dvar2": 190.557754517,
        "max": 180.302520752,
        "mean": 34.7000083923,
        "median": 28.1387729645,
        "min": 1.42150759697,
        "stdev": 25.5732326508,
        "var": 653.990234375
    },
    "hfc": {
        "dmean": 6.78633975983,
        "dmean2": 9.59963989258,
        "dvar": 133.221542358,
        "dvar2": 295.293426514,
        "max": 156.787887573,
        "mean": 28.8671970367,
        "median": 19.5475559235,
        "min": 6.53549818708e-08,
        "stdev": 27.4646472931,
        "var": 754.306884766
    },
    "loudness_ebu128": {
        "integrated": -6.26070213318,
        "loudness_range": 10.1760597229,
        "momentary": {
            "dmean": 0.465236514807,
            "dmean2": 0.474497079849,
            "dvar": 0.400992572308,
            "dvar2": 0.577573359013,
            "max": -2.59698462486,
            "mean": -9.55717849731,
            "median": -7.36985349655,
            "min": -84.0765304565,
            "stdev": 9.71605205536,
            "var": 94.4016647339
        },
        "short_term": {
            "dmean": 0.110134042799,
            "dmean2": 0.0738968923688,
            "dvar": 0.0330694466829,
            "dvar2": 0.00845371559262,
            "max": -3.1242184639,
            "mean": -8.52649784088,
            "median": -7.35556602478,
            "min": -57.0738220215,
            "stdev": 6.61858129501,
            "var": 43.8056182861
        }
    },
    "melbands_crest": {
        "dmean": 2.9756166935,
        "dmean2": 4.51043462753,
        "dvar": 10.5870256424,
        "dvar2": 25.7453460693,
        "max": 35.181854248,
        "mean": 19.5770835876,
        "median": 18.9003715515,
        "min": 3.33749461174,
        "stdev": 7.25110626221,
        "var": 52.5785446167
    },
    "melbands_flatness_db": {
        "dmean": 0.0242767073214,
        "dmean2": 0.0333717763424,
        "dvar": 0.00103570555802,
        "dvar2": 0.00189435272478,
        "max": 0.698285460472,
        "mean": 0.258239448071,
        "median": 0.238970533013,
        "min": 0.0411735214293,
        "stdev": 0.103197336197,
        "var": 0.0106496894732
    },
    "melbands_kurtosis": {
        "dmean": 9.67625236511,
        "dmean2": 13.7244739532,
        "dvar": 934.903930664,
        "dvar2": 1739.51965332,
        "max": 1164.93115234,
        "mean": 18.8860626221,
        "median": 8.46366405487,
        "min": -1.84636735916,
        "stdev": 45.3536186218,
        "var": 2056.95068359
    },
    "melbands_skewness": {
        "dmean": 0.770622193813,
        "dmean2": 1.08476924896,
        "dvar": 1.314863801,
        "dvar2": 2.41249871254,
        "max": 22.9549655914,
        "mean": 2.82612323761,
        "median": 2.45054793358,
        "min": -2.02941989899,
        "stdev": 2.43623924255,
        "var": 5.93526172638
    },
    "melbands_spread": {
        "dmean": 5.0206079483,
        "dmean2": 7.51525831223,
        "dvar": 53.5209579468,
        "dvar2": 116.785987854,
        "max": 101.198158264,
        "mean": 18.144575119,
        "median": 15.2452459335,
        "min": 0.192057058215,
        "stdev": 13.1795043945,
        "var": 173.69934082
    },
    "pitch_salience": {
        "dmean": 0.0617841631174,
        "dmean2": 0.0935845896602,
        "dvar": 0.00543871801347,
        "dvar2": 0.0119920661673,
        "max": 0.896433353424,
        "mean": 0.453892141581,
        "median": 0.47041156888,
        "min": 0.0236393474042,
        "stdev": 0.140131860971,
        "var": 0.0196369402111
    },
    "silence_rate_20dB": {
        "dmean": 0,
        "dmean2": 0,
        "dvar": 0,
        "dvar2": 0,
        "max": 1,
        "mean": 1,
        "median": 1,
        "min": 1,
        "stdev": 0,
        "var": 0
    },
    "silence_rate_30dB": {
        "dmean": 0.0409263968468,
        "dmean2": 0.0818657800555,
        "dvar": 0.0392538271844,
        "dvar2": 0.0834200084209,
        "max": 1,
        "mean": 0.944964289665,
        "median": 1,
        "min": 0,
        "stdev": 0.228052467108,
        "var": 0.0520079247653
    },
    "silence_rate_60dB": {
        "dmean": 0.0193527918309,
        "dmean2": 0.038553070277,
        "dvar": 0.0189776252955,
        "dvar2": 0.0415071807802,
        "max": 1,
        "mean": 0.12053925544,
        "median": 0,
        "min": 0,
        "stdev": 0.325585186481,
        "var": 0.106005713344
    },
    "spectral_centroid": {
        "dmean": 204.990951538,
        "dmean2": 302.923553467,
        "dvar": 63771.9375,
        "dvar2": 137749.515625,
        "max": 3735.47998047,
        "mean": 1354.21130371,
        "median": 1235.90148926,
        "min": 91.1340332031,
        "stdev": 691.735046387,
        "var": 478497.34375
    },
    "spectral_complexity": {
        "dmean": 3.63420057297,
        "dmean2": 5.72060918808,
        "dvar": 21.2904129028,
        "dvar2": 48.9047241211,
        "max": 53,
        "mean": 17.3804912567,
        "median": 14,
        "min": 0,
        "stdev": 11.2757492065,
        "var": 127.142524719
    },
    "spectral_decrease": {
        "dmean": 2.14094386664e-09,
        "dmean2": 2.63520361088e-09,
        "dvar": 1.29185552551e-17,
        "dvar2": 1.93796886623e-17,
        "max": -2.58564624006e-18,
        "mean": -1.03226032167e-08,
        "median": -1.02359249965e-08,
        "min": -4.89057043751e-08,
        "stdev": 8.58810800253e-09,
        "var": 7.37555924055e-17
    },
    "spectral_energy": {
        "dmean": 0.00832966715097,
        "dmean2": 0.0102360127494,
        "dvar": 0.000189211496036,
        "dvar2": 0.000285637390334,
        "max": 0.186241880059,
        "mean": 0.041578233242,
        "median": 0.0409432500601,
        "min": 1.56867262235e-11,
        "stdev": 0.0338418595493,
        "var": 0.00114527146798
    },
    "spectral_energyband_high": {
        "dmean": 0.000510586600285,
        "dmean2": 0.000712333421689,
        "dvar": 9.22115702906e-07,
        "dvar2": 1.86419424608e-06,
        "max": 0.0136977089569,
        "mean": 0.00178061728366,
        "median": 0.000641516875476,
        "min": 5.03611865751e-12,
        "stdev": 0.00231964304112,
        "var": 5.38074391443e-06
    },
    "spectral_energyband_low": {
        "dmean": 0.00546419201419,
        "dmean2": 0.00658439379185,
        "dvar": 0.000184239033842,
        "dvar2": 0.000245346571319,
        "max": 0.184752166271,
        "mean": 0.0232906956226,
        "median": 0.0232876613736,
        "min": 7.52731075171e-14,
        "stdev": 0.0274417214096,
        "var": 0.000753048108891
    },
    "spectral_energyband_middle_high": {
        "dmean": 0.00183571199887,
        "dmean2": 0.00283447117545,
        "dvar": 9.60753277468e-06,
        "dvar2": 2.28912595048e-05,
        "max": 0.0444648601115,
        "mean": 0.00580268260092,
        "median": 0.00401490461081,
        "min": 9.3706414156e-12,
        "stdev": 0.00634859316051,
        "var": 4.03046324209e-05
    },
    "spectral_energyband_middle_low": {
        "dmean": 0.00452500907704,
        "dmean2": 0.00640303036198,
        "dvar": 7.9397301306e-05,
        "dvar2": 0.000177950627403,
        "max": 0.139450788498,
        "mean": 0.0115125877783,
        "median": 0.00582720898092,
        "min": 1.25755666731e-12,
        "stdev": 0.0156142702326,
        "var": 0.000243805421633
    },
    "spectral_entropy": {
        "dmean": 0.144643872976,
        "dmean2": 0.209746629,
        "dvar": 0.034356713295,
        "dvar2": 0.0646785795689,
        "max": 8.86702346802,
        "mean": 7.40715456009,
        "median": 7.70025920868,
        "min": 4.99232816696,
        "stdev": 0.815497994423,
        "var": 0.665036976337
    },
    "spectral_flux": {
        "dmean": 0.026089342311,
        "dmean2": 0.0384611673653,
        "dvar": 0.00128586916253,
        "dvar2": 0.00231484463438,
        "max": 0.406500071287,
        "mean": 0.0768410637975,
        "median": 0.064114972949,
        "min": 8.15225848783e-06,
        "stdev": 0.0603948794305,
        "var": 0.00364754162729
    },
    "spectral_kurtosis": {
        "dmean": 3.05971193314,
        "dmean2": 4.96070766449,
        "dvar": 30.2010250092,
        "dvar2": 76.4806289673,
        "max": 136.169067383,
        "mean": 13.5799245834,
        "median": 3.72423171997,
        "min": -0.496649265289,
        "stdev": 18.7959499359,
        "var": 353.287750244
    },
    "spectral_rms": {
        "dmean": 0.000593704928178,
        "dmean2": 0.000729997293092,
        "dvar": 7.01154021954e-07,
        "dvar2": 1.04505511445e-06,
        "max": 0.0134795913473,
        "mean": 0.00567556777969,
        "median": 0.00632017664611,
        "min": 1.23709838817e-07,
        "stdev": 0.00288997963071,
        "var": 8.35198170535e-06
    },
    "spectral_rolloff": {
        "dmean": 448.848632812,
        "dmean2": 695.355773926,
        "dvar": 760733.0625,
        "dvar2": 1420861.375,
        "max": 13329.0527344,
        "mean": 1323.85791016,
        "median": 861.328125,
        "min": 64.599609375,
        "stdev": 1526.64282227,
        "var": 2330638.25
    },
    "spectral_skewness": {
        "dmean": 0.287985384464,
        "dmean2": 0.450037121773,
        "dvar": 0.163162231445,
        "dvar2": 0.383926987648,
        "max": 9.41738700867,
        "mean": 2.31368422508,
        "median": 1.54617440701,
        "min": 0.30308675766,
        "stdev": 1.58265650272,
        "var": 2.50480151176
    },
    "spectral_spread": {
        "dmean": 479389.1875,
        "dmean2": 671002.6875,
        "dvar": 381919559680,
        "dvar2": 634227064832,
        "max": 19255122,
        "mean": 4968579.5,
        "median": 5236538.5,
        "min": 690699.0625,
        "stdev": 2627878,
        "var": 6.9057422295e+12
    },
    "spectral_strongpeak": {
        "dmean": 0.382342278957,
        "dmean2": 0.636285364628,
        "dvar": 0.64103192091,
        "dvar2": 1.44219660759,
        "max": 8.90981483459,
        "mean": 1.02526545525,
        "median": 0.491092473269,
        "min": 1.88785998034e-05,
        "stdev": 1.23354208469,
        "var": 1.52162599564
    },
    "zerocrossingrate": {
        "dmean": 0.00952404085547,
        "dmean2": 0.0103394314647,
        "dvar": 0.000137413328048,
        "dvar2": 0.000136868518894,
        "max": 0.4296875,
        "mean": 0.0620845928788,
        "median": 0.0537109375,
        "min": 0.001953125,
        "stdev": 0.0423880517483,
        "var": 0.00179674685933
    },
    "barkbands": {
        "dmean": [0.000260065949988, 0.00497767794877, 0.00139941868838, 0.00131814368069, 0.00168715557083, 0.00112356757745, 0.00127011805307, 0.000695441907737, 0.000863667984959, 0.000784840784036, 0.000323560700053, 0.000568232382648, 0.000259861728409, 0.000190668055438, 0.000216523330892, 0.000210701909964, 0.000129591411678, 0.000161517076776, 0.000144784498843, 0.000126622500829, 0.000120230302855, 0.000109285138024, 0.000103312304418, 0.000111813606054, 8.91908130143e-05, 6.6101878474e-05, 3.66828280676e-05],
        "dmean2": [0.00038787824451, 0.00630060164258, 0.00224000681192, 0.00200673355721, 0.00253371498547, 0.00166140054353, 0.00216634664685, 0.00112759787589, 0.00120679242536, 0.00112811126746, 0.000503864721395, 0.000890991534106, 0.000417738658143, 0.000314601929858, 0.000358824530849, 0.000358334073098, 0.000215642969124, 0.000274994672509, 0.000242410998908, 0.000210430967854, 0.000182275107363, 0.000171227118699, 0.000163764576428, 0.000159169838298, 0.00012765469728, 9.04898843146e-05, 4.99695488543e-05],
        "dvar": [2.84824608343e-07, 0.000203665607842, 3.32246454491e-05, 1.8931366867e-05, 2.14389965549e-05, 1.57653357746e-05, 1.60636536748e-05, 6.21850131211e-06, 6.23897403784e-06, 4.11657038057e-06, 5.78914978178e-07, 1.80986751275e-06, 3.54620311782e-07, 2.11677502193e-07, 2.57488210309e-07, 2.59697202409e-07, 5.40751514677e-08, 1.90923032051e-07, 7.02509623807e-08, 6.07063910252e-08, 4.11026555014e-08, 4.61462974499e-08, 3.66641792482e-08, 3.71848791758e-08, 3.12261576596e-08, 2.26037197848e-08, 8.78091999112e-09],
        "dvar2": [5.39646919151e-07, 0.000317781930789, 8.80176230567e-05, 4.25565194746e-05, 5.12733931828e-05, 4.0403996536e-05, 4.40719704784e-05, 1.59635874297e-05, 1.09203738248e-05, 7.90197282186e-06, 1.10068901904e-06, 3.74514729629e-06, 8.41674079766e-07, 5.56121790396e-07, 6.64949482143e-07, 6.99705253737e-07, 1.38349264489e-07, 5.32124033725e-07, 1.89959010299e-07, 1.59490170404e-07, 9.23339982251e-08, 1.08002758736e-07, 8.42169711746e-08, 7.64110055229e-08, 6.19344859842e-08, 4.20021599723e-08, 1.89969302511e-08],
        "max": [0.00836218427867, 0.178990587592, 0.060447871685, 0.0546980686486, 0.0746321901679, 0.0940199047327, 0.0781811699271, 0.104339376092, 0.0598757229745, 0.0376207977533, 0.0144508844241, 0.0426235236228, 0.0152088422328, 0.0112668946385, 0.0104275532067, 0.00809995643795, 0.00408065877855, 0.00713332695886, 0.00380915030837, 0.00382739491761, 0.00372342532501, 0.00281541771255, 0.0023802134674, 0.0034810686484, 0.00300543219782, 0.00238003255799, 0.00150083738845],
        "mean": [0.0014393653255, 0.0193553455174, 0.0017466309946, 0.00172050832771, 0.00312886666507, 0.00180515740067, 0.00161448516883, 0.00113478361163, 0.0020092157647, 0.00185358664021, 0.0005945066805, 0.00116057810374, 0.000451965403045, 0.00029896068736, 0.000352265371475, 0.000282195134787, 0.000210252168472, 0.000241175512201, 0.000263959547738, 0.000254336395301, 0.000294561323244, 0.000244113645749, 0.000269187992672, 0.00033198640449, 0.000266622868367, 0.000167022488313, 8.66038753884e-05],
        "median": [0.000289746414637, 0.0174531731755, 0.000111799708975, 0.00022133962193, 0.000467146426672, 0.00034297676757, 0.0004104594409, 0.000202882947633, 0.000371092610294, 0.000294822471915, 0.000106260471512, 0.000270457705483, 0.000139243784361, 0.00011156808614, 0.000112827896373, 9.40286627156e-05, 8.38862542878e-05, 0.000107551401015, 0.000140053860378, 0.000114495909656, 8.91478048288e-05, 6.77090793033e-05, 8.6593478045e-05, 7.47297817725e-05, 4.12182089349e-05, 3.31298142555e-05, 2.17088800127e-05],
        "min": [3.50883610158e-15, 1.49002887123e-14, 5.85462100417e-15, 8.36019231951e-15, 6.88999503068e-14, 1.70735346976e-13, 1.76445541663e-13, 5.41170637491e-14, 5.80097710319e-13, 3.66953993233e-12, 2.2346651439e-12, 3.50169410612e-13, 1.08767964253e-12, 2.88545988318e-13, 3.6968431788e-13, 2.10884369863e-13, 2.98655089374e-13, 1.05979556186e-13, 2.8334192631e-13, 2.97973451469e-13, 2.96308198247e-13, 4.68915542246e-13, 6.52174169703e-13, 7.12036441093e-13, 4.95266046056e-13, 1.79148644704e-12, 4.07021936771e-13],
        "stdev": [0.00196393439546, 0.024889877066, 0.00541229406372, 0.00512250326574, 0.00629532104358, 0.00519139599055, 0.00433177966624, 0.00339743029326, 0.00547755789012, 0.00479491287842, 0.00150410924107, 0.00243553612381, 0.000894068973139, 0.000551041506696, 0.000846175884362, 0.000542023451999, 0.000302539585391, 0.000420302181737, 0.000344801344909, 0.000346229790011, 0.000395319919335, 0.000345653505065, 0.000360117322998, 0.000476963235997, 0.000434041663539, 0.000290658092126, 0.000159542207257],
        "var": [3.85703833672e-06, 0.00061950593954, 2.92929253192e-05, 2.62400390056e-05, 3.96310642827e-05, 2.69505926553e-05, 1.87643145182e-05, 1.15425327749e-05, 3.00036408589e-05, 2.29911911447e-05, 2.26234465117e-06, 5.93183631281e-06, 7.99359327175e-07, 3.03646771727e-07, 7.16013630608e-07, 2.93789440775e-07, 9.15302038607e-08, 1.76653927042e-07, 1.18887967915e-07, 1.19875068094e-07, 1.56277849328e-07, 1.19476339933e-07, 1.29684480044e-07, 2.27493927696e-07, 1.88392178302e-07, 8.44821315127e-08, 2.54537155797e-08]
    },
    "erbbands": {
        "dmean": [0.167334392667, 1.1712282896, 1.66707062721, 2.96239209175, 5.00790452957, 5.84187173843, 7.76272439957, 10.2571954727, 18.0633220673, 14.8029251099, 14.4628858566, 17.6346855164, 19.8359222412, 22.8222293854, 17.7999801636, 16.3691101074, 11.3998060226, 10.1321821213, 9.94497108459, 10.8667783737, 11.8518199921, 7.0077419281, 8.45165252686, 7.22403049469, 7.25995254517, 6.1181845665, 5.10268974304, 4.67624807358, 3.8792757988, 3.79424190521, 2.84913420677, 2.5072350502, 1.90440714359, 1.16012859344, 0.624321937561, 0.31651994586, 0.121715977788, 0.0338301882148, 0.0062643061392, 0.000393095746404],
        "dmean2": [0.204249799252, 1.41711163521, 2.39601612091, 4.50288200378, 7.74634027481, 8.98087596893, 11.4042282104, 15.4946193695, 30.4414272308, 25.0198764801, 22.87292099, 25.856300354, 26.8044090271, 34.0720977783, 26.6021137238, 25.1317424774, 17.9353942871, 16.1310272217, 16.6302509308, 17.8489151001, 20.2751674652, 11.776058197, 14.4273672104, 12.0569591522, 12.257642746, 10.0717983246, 7.84837245941, 7.11937093735, 6.1120557785, 5.94686508179, 4.51408910751, 3.81927371025, 2.69717264175, 1.64679455757, 0.899669468403, 0.438486814499, 0.170915454626, 0.0466202124953, 0.00873964466155, 0.000545939197764],
        "dvar": [0.147682011127, 13.0369510651, 39.6090583801, 95.0656433105, 253.094619751, 333.974731445, 735.831665039, 1461.51916504, 3181.41137695, 3171.22143555, 1998.24572754, 2493.45068359, 3016.85400391, 3645.3347168, 1098.87573242, 1282.60522461, 739.637634277, 525.169433594, 748.412658691, 568.916992188, 1009.14404297, 162.033050537, 549.320129395, 205.000534058, 193.126190186, 137.288253784, 76.9893035889, 73.4702835083, 64.1569213867, 52.6662330627, 27.7725772858, 18.8953323364, 12.7183561325, 4.67727422714, 1.65422141552, 0.467288136482, 0.0829598680139, 0.0064590126276, 0.000250654411502, 1.02234298538e-06],
        "dvar2": [0.211746096611, 21.3335571289, 91.7922897339, 215.336608887, 590.511474609, 787.585571289, 1811.11169434, 3705.93896484, 8789.29785156, 8678.18847656, 5356.11865234, 5378.84619141, 5289.68457031, 6795.60839844, 2181.70605469, 2761.53515625, 1777.30065918, 1330.73388672, 1845.02575684, 1403.17407227, 2717.83935547, 420.098510742, 1531.66015625, 558.077270508, 528.772155762, 357.261657715, 188.24760437, 164.183746338, 152.482254028, 122.689949036, 65.1740264893, 42.5500869751, 24.9966964722, 9.5383272171, 3.42877435684, 0.854599893093, 0.165614798665, 0.0125024402514, 0.000546157825738, 2.29497641158e-06],
        "max": [5.18704271317, 45.7626113892, 67.9945983887, 111.616714478, 232.832962036, 429.351196289, 759.288391113, 996.679199219, 1287.96398926, 1997.74755859, 1522.50817871, 1271.36169434, 1186.69702148, 1421.21350098, 885.884887695, 939.597229004, 719.544250488, 378.050689697, 554.771789551, 596.139282227, 548.14251709, 178.738418579, 415.384460449, 191.064987183, 191.570999146, 239.831268311, 160.818984985, 204.547027588, 116.530296326, 107.444801331, 58.3818817139, 73.3254089355, 68.0684661865, 36.0980987549, 18.9036941528, 11.7029972076, 4.13482046127, 1.26670944691, 0.24713614583, 0.0156262069941],
        "mean": [0.824267148972, 3.23952007294, 2.60236382484, 4.02891969681, 7.8216381073, 10.1399497986, 13.4332523346, 16.6879920959, 24.3970432281, 20.0689868927, 26.4894924164, 40.2797546387, 47.5880241394, 55.767490387, 40.5609436035, 34.7618217468, 20.9881229401, 17.587644577, 15.5986595154, 18.3803253174, 16.0838661194, 12.0408067703, 13.1669301987, 13.0666599274, 13.2752685547, 12.5952358246, 11.5619506836, 10.7520656586, 8.63181972504, 8.98474216461, 7.33582401276, 6.91410398483, 5.35867166519, 3.42758774757, 1.67890548706, 0.78460508585, 0.290115624666, 0.0819253399968, 0.0141408452764, 0.000962713093031],
        "median": [0.852079093456, 1.82974553108, 0.731542766094, 0.750294148922, 0.934901416302, 1.3853199482, 2.47395372391, 3.67907071114, 6.41137456894, 5.89283561707, 7.68146324158, 8.62285709381, 9.7406835556, 11.630657196, 13.6205768585, 10.833697319, 8.01163482666, 7.18464612961, 6.1925868988, 6.07779884338, 5.84337902069, 5.35328006744, 5.98027038574, 7.0352230072, 6.86485385895, 5.9549665451, 4.00395727158, 2.43747186661, 2.29019880295, 2.82782411575, 2.32172083855, 1.68869149685, 1.07194507122, 0.517924964428, 0.250989258289, 0.133597329259, 0.0549129471183, 0.0164947733283, 0.00339377205819, 0.000279087689705],
        "min": [9.22673179179e-13, 2.20594137575e-12, 1.02512850639e-11, 1.18245011005e-10, 1.31804109293e-10, 2.10188741412e-10, 9.62391166759e-10, 1.48575995951e-09, 2.50062837104e-09, 1.50104351171e-09, 3.46826323216e-09, 1.40887461697e-08, 3.98371824417e-08, 2.02847999731e-07, 5.39230633478e-08, 1.55966741744e-08, 4.92532805652e-08, 1.79925301325e-08, 1.49325938281e-08, 2.57076830934e-08, 7.67128671697e-09, 1.8666527879e-08, 8.02009925138e-09, 8.04552868772e-09, 1.44283625048e-08, 1.36258995198e-08, 1.20899033007e-08, 1.51079255772e-08, 1.89251458949e-08, 1.04925961253e-08, 2.23850733505e-08, 1.63229572081e-08, 1.1037255554e-08, 4.18339984876e-09, 5.24661203372e-09, 5.98061511425e-09, 2.84374657156e-09, 9.0123897234e-10, 5.50551722267e-11, 4.8312751369e-12],
        "stdev": [0.856217265129, 5.65232276917, 6.91907310486, 10.957529068, 20.4910869598, 24.5369987488, 36.1753845215, 48.9936790466, 61.0359115601, 67.5113143921, 59.2382125854, 97.7462615967, 119.82762146, 140.180282593, 67.7589874268, 65.0285110474, 41.292263031, 31.349193573, 38.9006156921, 38.113948822, 31.883190155, 16.2993755341, 22.609539032, 17.3073692322, 17.4917736053, 17.0739555359, 15.0230445862, 15.7053871155, 12.4187879562, 12.3383932114, 9.79009819031, 9.52125453949, 8.27123260498, 5.53470373154, 2.81960320473, 1.35901379585, 0.518707334995, 0.150567770004, 0.026577392593, 0.00168698874768],
        "var": [0.733108043671, 31.9487552643, 47.8735733032, 120.067443848, 419.884643555, 602.064331055, 1308.6583252, 2400.38061523, 3725.38232422, 4557.77783203, 3509.16577148, 9554.33105469, 14358.6591797, 19650.5117188, 4591.28076172, 4228.70751953, 1705.05102539, 982.771911621, 1513.25793457, 1452.67321777, 1016.5378418, 265.669647217, 511.19128418, 299.545013428, 305.962127686, 291.519927979, 225.691864014, 246.659194946, 154.226303101, 152.235946655, 95.8460159302, 90.6542892456, 68.4132843018, 30.6329460144, 7.9501619339, 1.8469183445, 0.269057273865, 0.02267065458, 0.000706357823219, 2.84593102151e-06]
    },
    "gfcc": {
        "mean": [-33.025226593, 66.2639846802, -105.594337463, -8.98278999329, -50.2793159485, 4.66914796829, -24.175863266, 3.86029934883, -18.1043262482, -1.7819839716, -9.33351230621, 7.03234100342, -8.37794589996],
        "cov": [[27467.8457031, -4296.67431641, 3793.83911133, 5619.98095703, 182.828125, 2517.9465332, 890.380371094, 1863.80175781, 547.321716309, 1040.48950195, 103.611633301, 202.319564819, 351.374511719], [-4296.67431641, 3812.93017578, 185.925918579, -1227.86242676, 449.610290527, -596.333618164, 102.569969177, -447.63458252, 361.859802246, -151.390289307, 108.712844849, 53.8028793335, -77.4335861206], [3793.83911133, 185.925918579, 2307.37158203, 1405.14086914, 432.000915527, 1076.87036133, 454.348907471, 537.849487305, 406.471923828, 274.007904053, -2.59020495415, 173.459350586, 111.010101318], [5619.98095703, -1227.86242676, 1405.14086914, 2208.8359375, 373.085449219, 1156.64221191, 405.345703125, 708.221069336, 151.383666992, 343.279418945, 48.7742424011, 9.02216815948, 148.910705566], [182.828125, 449.610290527, 432.000915527, 373.085449219, 606.096740723, 374.65145874, 205.052749634, 164.599853516, 128.575500488, 62.0962219238, 55.1441841125, 26.0766105652, 3.07472229004], [2517.9465332, -596.333618164, 1076.87036133, 1156.64221191, 374.65145874, 1032.39550781, 411.988372803, 542.678710938, 207.971084595, 238.854553223, 29.4012699127, 48.550567627, 121.412498474], [890.380371094, 102.569969177, 454.348907471, 405.345703125, 205.052749634, 411.988372803, 378.563018799, 300.998901367, 178.64553833, 124.641151428, 53.9994926453, -2.59898424149, 70.7493133545], [1863.80175781, -447.63458252, 537.849487305, 708.221069336, 164.599853516, 542.678710938, 300.998901367, 509.59197998, 214.287139893, 182.757492065, 38.0013694763, 14.2830209732, 87.7567825317], [547.321716309, 361.859802246, 406.471923828, 151.383666992, 128.575500488, 207.971084595, 178.64553833, 214.287139893, 334.467132568, 153.184967041, 37.5241889954, 51.1173744202, 33.1959953308], [1040.48950195, -151.390289307, 274.007904053, 343.279418945, 62.0962219238, 238.854553223, 124.641151428, 182.757492065, 153.184967041, 243.045196533, 81.4250335693, 30.1921691895, 49.2265625], [103.611633301, 108.712844849, -2.59020495415, 48.7742424011, 55.1441841125, 29.4012699127, 53.9994926453, 38.0013694763, 37.5241889954, 81.4250335693, 148.245285034, 63.5427246094, 25.9347743988], [202.319564819, 53.8028793335, 173.459350586, 9.02216815948, 26.0766105652, 48.550567627, -2.59898424149, 14.2830209732, 51.1173744202, 30.1921691895, 63.5427246094, 173.738006592, 29.0315208435], [351.374511719, -77.4335861206, 111.010101318, 148.910705566, 3.07472229004, 121.412498474, 70.7493133545, 87.7567825317, 33.1959953308, 49.2265625, 25.9347743988, 29.0315208435, 142.352828979]],
        "icov": [[9.54315109993e-05, 7.13194094715e-05, -7.09143059794e-05, -0.000250888813753, 5.64944930375e-05, 0.000205814940273, -0.000100457415101, 1.44204605022e-05, -0.000114574570034, -3.4948650864e-05, 1.30325070131e-05, -8.97354912013e-05, 3.9993043174e-05], [7.13194094715e-05, 0.00106411089655, -0.000623820582405, 0.000185688695638, -0.000856803962961, 0.00106969557237, -0.000877988524735, 0.00121500750538, -0.00157499313354, 0.000850630167406, -0.00108647078741, 0.000694010697771, -0.000381949124858], [-7.09143059794e-05, -0.000623820582405, 0.0017300802283, -0.000690544140525, 0.000536251172889, -0.00148995872587, -3.38693280355e-05, 0.000344094936736, -0.000386410421925, -0.000151672429638, 0.0015814427752, -0.0016235379735, 0.000458362599602], [-0.000250888813753, 0.000185688695638, -0.000690544140525, 0.00252720993012, -0.000678029435221, -0.000969731539954, 0.000809516815934, -0.00113822228741, 0.00128676521126, -0.000640609941911, -0.000854555808473, 0.00139184528962, -0.000450469524367], [5.64944930375e-05, -0.000856803962961, 0.000536251172889, -0.000678029435221, 0.00345621816814, -0.00190137058962, 6.12121148151e-05, -0.000115326954983, 0.000172802960151, 0.000444220466306, -0.000382505706511, -0.000473954511108, 0.00124570529442], [0.000205814940273, 0.00106969557237, -0.00148995872587, -0.000969731539954, -0.00190137058962, 0.0063361893408, -0.00270659150556, -0.00108218681999, 0.000145334284753, -0.000848418625537, 0.000897378660738, -0.000543981208466, -0.00089363893494], [-0.000100457415101, -0.000877988524735, -3.38693280355e-05, 0.000809516815934, 6.12121148151e-05, -0.00270659150556, 0.00831608846784, -0.00340298051015, -1.17959634736e-05, 0.000385587074561, -0.00229006470181, 0.00247239251621, -0.000995731097646], [1.44204605022e-05, 0.00121500750538, 0.000344094936736, -0.00113822228741, -0.000115326954983, -0.00108218681999, -0.00340298051015, 0.00923862680793, -0.00522503210232, 0.00152699486353, -0.00103421590757, 0.000611848081462, -0.000776917557232], [-0.000114574570034, -0.00157499313354, -0.000386410421925, 0.00128676521126, 0.000172802960151, 0.000145334284753, -1.17959634736e-05, -0.00522503210232, 0.010463854298, -0.00574191799387, 0.00332732195966, -0.00213785166852, 0.000855915190186], [-3.4948650864e-05, 0.000850630167406, -0.000151672429638, -0.000640609941911, 0.000444220466306, -0.000848418625537, 0.000385587074561, 0.00152699486353, -0.00574191799387, 0.0108387749642, -0.00623606517911, 0.00223463005386, -0.000810337602161], [1.30325070131e-05, -0.00108647078741, 0.0015814427752, -0.000854555808473, -0.000382505706511, 0.000897378660738, -0.00229006470181, -0.00103421590757, 0.00332732195966, -0.00623606517911, 0.0142401754856, -0.00648690899834, 0.000165266930708], [-8.97354912013e-05, 0.000694010697771, -0.0016235379735, 0.00139184528962, -0.000473954511108, -0.000543981208466, 0.00247239251621, 0.000611848081462, -0.00213785166852, 0.00223463005386, -0.00648690899834, 0.010338453576, -0.00192346796393], [3.9993043174e-05, -0.000381949124858, 0.000458362599602, -0.000450469524367, 0.00124570529442, -0.00089363893494, -0.000995731097646, -0.000776917557232, 0.000855915190186, -0.000810337602161, 0.000165266930708, -0.00192346796393, 0.00898399204016]]
    },
    "melbands": {
        "dmean": [0.00139661959838, 0.000957536918577, 0.000562460336369, 0.000352427712642, 0.000275722704828, 0.00022677378729, 0.000273093028227, 0.00016365814372, 0.000117063587822, 0.000116516370326, 0.000106294050056, 0.000103136364487, 5.55227707082e-05, 7.54813372623e-05, 2.69122283498e-05, 2.50086213782e-05, 1.83085121535e-05, 1.63825116033e-05, 1.52116263052e-05, 1.37873021231e-05, 1.42424314618e-05, 7.31014642952e-06, 8.17683758214e-06, 8.47935189086e-06, 5.96284371568e-06, 5.86321357332e-06, 5.43597161595e-06, 4.18335866925e-06, 3.47226591657e-06, 3.45258877132e-06, 2.70294071925e-06, 2.38032953348e-06, 2.39633209276e-06, 2.22352559831e-06, 1.79147673407e-06, 1.67153359598e-06, 1.677162345e-06, 1.48953563439e-06, 1.27016664919e-06, 1.02783076272e-06],
        "dmean2": [0.0017570432974, 0.00120438926388, 0.000840545806568, 0.000543736154214, 0.000397948140744, 0.000344509753631, 0.000462317984784, 0.000270717195235, 0.000181487150257, 0.000166521611391, 0.000142857272294, 0.000151738277054, 8.2434307842e-05, 0.000115608978376, 4.17954361183e-05, 4.00112330681e-05, 2.93846896966e-05, 2.73881996691e-05, 2.52401823673e-05, 2.29600482271e-05, 2.44297189056e-05, 1.21847178889e-05, 1.39531539389e-05, 1.43734769154e-05, 9.94886249828e-06, 9.84974940366e-06, 9.26410029933e-06, 6.8264616857e-06, 5.51317498321e-06, 5.27663223693e-06, 4.17080536863e-06, 3.77548121833e-06, 3.86372948924e-06, 3.52363167622e-06, 2.90631987809e-06, 2.61456898443e-06, 2.53825055552e-06, 2.1991909307e-06, 1.82874089205e-06, 1.50502216911e-06],
        "dvar": [1.34697575049e-05, 9.10003018362e-06, 2.85067108052e-06, 1.09472910026e-06, 7.40250470699e-07, 6.58015096633e-07, 7.16058082162e-07, 3.61738813126e-07, 1.1589629878e-07, 1.13106835897e-07, 8.32357613945e-08, 7.45076960129e-08, 1.19780310115e-08, 3.30205587318e-08, 3.43246031598e-09, 3.63777052925e-09, 1.86118109813e-09, 1.93169902296e-09, 1.0097229719e-09, 9.09793407278e-10, 1.60798185878e-09, 1.77080849983e-10, 3.80921821863e-10, 4.99312480251e-10, 1.31814476001e-10, 1.10320343139e-10, 1.1860519511e-10, 6.45993744608e-11, 3.54531438929e-11, 3.66440176813e-11, 2.48023667576e-11, 2.51062538814e-11, 2.10736081363e-11, 1.72712451979e-11, 1.09460938577e-11, 8.72780320238e-12, 8.3161290354e-12, 7.94875276711e-12, 5.80834252223e-12, 3.67240179239e-12],
        "dvar2": [1.89519905689e-05, 1.58113689395e-05, 6.48466675557e-06, 2.65306175606e-06, 1.77334879936e-06, 1.68435190062e-06, 1.98663383344e-06, 9.80117079052e-07, 3.11374805051e-07, 2.19277637825e-07, 1.42959393656e-07, 1.38963358154e-07, 2.27571987921e-08, 6.76112605902e-08, 7.69303998283e-09, 9.13256048563e-09, 4.80024375804e-09, 4.81787632012e-09, 2.58955745736e-09, 2.30880492502e-09, 4.28177271417e-09, 4.45732839527e-10, 1.07473097088e-09, 1.36770383907e-09, 3.55610624281e-10, 2.99087726807e-10, 3.21712906315e-10, 1.69360039881e-10, 9.01475491477e-11, 8.29834187477e-11, 5.72696820522e-11, 5.96784288653e-11, 5.10265371623e-11, 4.00604167894e-11, 2.67801718301e-11, 2.04044316165e-11, 1.94847367407e-11, 1.66654832295e-11, 1.18739480054e-11, 8.21878416019e-12],
        "max": [0.0489248782396, 0.0376773513854, 0.0186525695026, 0.0183453653008, 0.0236755236983, 0.0217506904155, 0.0181369129568, 0.0248833782971, 0.00995301641524, 0.00714942859486, 0.00609538983554, 0.00622881995514, 0.00208900799043, 0.00588675728068, 0.00114079960622, 0.00181283371057, 0.00074729177868, 0.000909535563551, 0.000690202170517, 0.000494877807796, 0.000735135574359, 0.000238247244852, 0.000336004712153, 0.000443313037977, 0.000171510037035, 0.000133452849695, 0.000153986751684, 0.000162786600413, 8.62708038767e-05, 0.0001390001853, 0.000100618381111, 7.16390859452e-05, 7.61454066378e-05, 6.31154252915e-05, 3.74661176465e-05, 3.85001039831e-05, 4.7118497605e-05, 5.51589437237e-05, 4.52148706245e-05, 2.90359421342e-05],
        "mean": [0.00624017510563, 0.00223518908024, 0.000818486732896, 0.00063791393768, 0.000490964041092, 0.000367334811017, 0.000363779254258, 0.000234079212532, 0.00022245652508, 0.000264849950327, 0.000250007491559, 0.000247509538895, 0.000116806753795, 0.000151693806401, 4.43377393822e-05, 4.49262079201e-05, 2.97197311738e-05, 2.36036430579e-05, 2.50753528235e-05, 2.10600719583e-05, 1.79914186447e-05, 1.17646159197e-05, 1.23123736557e-05, 1.20102222354e-05, 1.02407684608e-05, 1.03345801108e-05, 9.22438539419e-06, 7.95964388089e-06, 6.89561875333e-06, 7.47571175452e-06, 5.64301171835e-06, 4.71587372886e-06, 4.96668781125e-06, 4.99205407323e-06, 4.15443946622e-06, 4.11537803302e-06, 4.29082319897e-06, 3.94204244003e-06, 3.08875723931e-06, 2.8544509405e-06],
