{
"highlevel": {
    "danceability": {
        "all": {
            "danceable": 0.632168412209,
            "not_danceable": 0.367831617594
        },
        "probability": 0.632168412209,
        "value": "danceable"
    },
    "gender": {
        "all": {
            "female": 0.746201097965,
            "male": 0.253798902035
        },
        "probability": 0.746201097965,
        "value": "female"
    },
    "genre_electronic": {
        "all": {
            "ambient": 0.490903526545,
            "dnb": 0.0124525614083,
            "house": 0.272974997759,
            "techno": 0.171378597617,
            "trance": 0.0522903427482
        },
        "probability": 0.490903526545,
        "value": "ambient"
    },
    "mood_acoustic": {
        "all": {
            "acoustic": 0.109038099647,
            "not_acoustic": 0.890961885452
        },
        "probability": 0.890961885452,
        "value": "not_acoustic"
    },
    "mood_aggressive": {
        "all": {
            "aggressive": 0.037830684334,
            "not_aggressive": 0.962169289589
        },
        "probability": 0.962169289589,
        "value": "not_aggressive"
    },
    "mood_electronic": {
        "all": {
            "electronic": 0.926197528839,
            "not_electronic": 0.0738024488091
        },
        "probability": 0.926197528839,
        "value": "electronic"
    },
    "mood_happy": {
        "all": {
            "happy": 0.406463593245,
            "not_happy": 0.593536376953
        },
        "probability": 0.593536376953,
        "value": "not_happy"
    },
    "mood_party": {
        "all": {
            "not_party": 0.891252279282,
            "party": 0.108747698367
        },
        "probability": 0.891252279282,
        "value": "not_party"
    },
    "mood_relaxed": {
        "all": {
            "not_relaxed": 0.0180706884712,
            "relaxed": 0.981929302216
        },
        "probability": 0.981929302216,
        "value": "relaxed"
    },
    "mood_sad": {
        "all": {
            "not_sad": 0.791673362255,
            "sad": 0.208326622844
        },
        "probability": 0.791673362255,
        "value": "not_sad"
    },
    "moods_mirex": {
        "all": {
            "Cluster1": 0.0942558422685,
            "Cluster2": 0.148159772158,
            "Cluster3": 0.435773670673,
            "Cluster4": 0.179676413536,
            "Cluster5": 0.142134293914
        },
        "probability": 0.435773670673,
        "value": "Cluster3"
    },
    "timbre": {
        "all": {
            "bright": 0.00754315080121,
            "dark": 0.99245685339
        },
        "probability": 0.99245685339,
        "value": "dark"
    },
    "tonal_atonal": {
        "all": {
            "atonal": 1,
            "tonal": 1.87438189414e-08
        },
        "probability": 1,
        "value": "atonal"
    },
    "voice_instrumental": {
        "all": {
            "instrumental": 1,
            "voice": 1.17226646168e-08
        },
        "probability": 1,
        "value": "instrumental"
    }
},
"lowlevel": {
    "average_loudness": 0.965251505375,
    "barkbands_crest": {
        "dmean": 3.36010217667,
        "dmean2": 5.29307842255,
        "dvar": 13.2715616226,
        "dvar2": 29.0516834259,
        "max": 26.5387649536,
        "mean": 17.3549861908,
        "median": 18.5821018219,
        "min": 2.55350446701,
        "stdev": 5.70990228653,
        "var": 32.6029815674
    },
    "barkbands_flatness_db": {
        "dmean": 0.0397756733,
        "dmean2": 0.0595862492919,
        "dvar": 0.00160220777616,
        "dvar2": 0.00333915534429,
        "max": 0.652983784676,
        "mean": 0.349578559399,
        "median": 0.352554500103,
        "min": 0.0167213305831,
        "stdev": 0.0856831818819,
        "var": 0.00734160793945
    },
    "barkbands_kurtosis": {
        "dmean": 22.4982833862,
        "dmean2": 34.6794204712,
        "dvar": 3586.22949219,
        "dvar2": 7035.07177734,
        "max": 1368.7611084,
        "mean": 35.0581245422,
        "median": 15.1639213562,
        "min": -1.97160565853,
        "stdev": 82.9105072021,
        "var": 6874.15283203
    },
    "barkbands_skewness": {
        "dmean": 1.40599036217,
        "dmean2": 2.11341023445,
        "dvar": 3.26367998123,
        "dvar2": 6.42657279968,
        "max": 31.2938365936,
        "mean": 3.63203334808,
        "median": 2.957675457,
        "min": -2.9845662117,
        "stdev": 3.00322413445,
        "var": 9.01935577393
    },
    "barkbands_spread": {
        "dmean": 1.77279579639,
        "dmean2": 2.81721043587,
        "dvar": 10.5959196091,
        "dvar2": 23.2799453735,
        "max": 76.9348144531,
        "mean": 4.82911968231,
        "median": 3.25702786446,
        "min": 0.0504182726145,
        "stdev": 6.6760725975,
        "var": 44.5699462891
    },
    "dissonance": {
        "dmean": 0.0443778224289,
        "dmean2": 0.073078840971,
        "dvar": 0.00184079026803,
        "dvar2": 0.00472893519327,
        "max": 0.500000119209,
        "mean": 0.41744685173,
        "median": 0.4313108325,
        "min": 0.0739975050092,
        "stdev": 0.0607530139387,
        "var": 0.00369092891924
    },
    "dynamic_complexity": 4.10328483582,
    "erbbands_crest": {
        "dmean": 3.36378669739,
        "dmean2": 5.62606143951,
        "dvar": 10.5986394882,
        "dvar2": 28.3994464874,
        "max": 31.6303901672,
        "mean": 10.6023464203,
        "median": 9.56640148163,
        "min": 2.60084891319,
        "stdev": 4.23122024536,
        "var": 17.9032230377
    },
    "erbbands_flatness_db": {
        "dmean": 0.0290783196688,
        "dmean2": 0.0441301092505,
        "dvar": 0.000731103646103,
        "dvar2": 0.0015616499586,
        "max": 0.574361920357,
        "mean": 0.25191372633,
        "median": 0.246478319168,
        "min": 0.0575981289148,
        "stdev": 0.0723954290152,
        "var": 0.00524109834805
    },
    "erbbands_kurtosis": {
        "dmean": 3.2486345768,
        "dmean2": 5.2304816246,
        "dvar": 29.8620071411,
        "dvar2": 75.0410919189,
        "max": 152.648757935,
        "mean": 4.31468153,
        "median": 2.89935827255,
        "min": -1.9609054327,
        "stdev": 6.49708986282,
        "var": 42.2121772766
    },
    "erbbands_skewness": {
        "dmean": 0.636445105076,
        "dmean2": 0.966735959053,
        "dvar": 0.401600897312,
        "dvar2": 0.930295407772,
        "max": 9.96455860138,
        "mean": 1.24266767502,
        "median": 1.20462274551,
        "min": -5.44084644318,
        "stdev": 1.08902287483,
        "var": 1.18597078323
    },
    "erbbands_spread": {
        "dmean": 10.4439792633,
        "dmean2": 16.1806659698,
        "dvar": 190.293106079,
        "dvar2": 432.517486572,
        "max": 160.598693848,
        "mean": 30.5891628265,
        "median": 18.5625171661,
        "min": 0.933547258377,
        "stdev": 28.4464149475,
        "var": 809.198486328
    },
    "hfc": {
        "dmean": 5.05813312531,
        "dmean2": 8.1598405838,
        "dvar": 54.708694458,
        "dvar2": 139.237091064,
        "max": 56.9967041016,
        "mean": 9.10717773438,
        "median": 7.10592603683,
        "min": 1.10709634808e-16,
        "stdev": 7.92010116577,
        "var": 62.7280006409
    },
    "loudness_ebu128": {
        "integrated": -8.66394519806,
        "loudness_range": 4.83903408051,
        "momentary": {
            "dmean": 0.409703284502,
            "dmean2": 0.628201544285,
            "dvar": 0.335168421268,
            "dvar2": 0.474754065275,
            "max": -6.86058139801,
            "mean": -11.3830003738,
            "median": -8.36018753052,
            "min": -95.7281951904,
            "stdev": 11.03469944,
            "var": 121.764587402
        },
        "short_term": {
            "dmean": 0.0761430189013,
            "dmean2": 0.0926298573613,
            "dvar": 0.0164016839117,
            "dvar2": 0.0121379988268,
            "max": -7.33193063736,
            "mean": -10.8537130356,
            "median": -8.38552856445,
            "min": -90.8694534302,
            "stdev": 9.38261032104,
            "var": 88.0333786011
        }
    },
    "melbands_crest": {
        "dmean": 4.3783659935,
        "dmean2": 6.70278692245,
        "dvar": 22.4241714478,
        "dvar2": 46.2165641785,
        "max": 35.5413131714,
        "mean": 23.2811565399,
        "median": 25.8127593994,
        "min": 1.78110802174,
        "stdev": 8.17054080963,
        "var": 66.7577362061
    },
    "melbands_flatness_db": {
        "dmean": 0.045227330178,
        "dmean2": 0.0669358223677,
        "dvar": 0.00228219409473,
        "dvar2": 0.00467167980969,
        "max": 0.778790533543,
        "mean": 0.459575712681,
        "median": 0.46614408493,
        "min": 0.0038117764052,
        "stdev": 0.102743148804,
        "var": 0.0105561539531
    },
    "melbands_kurtosis": {
        "dmean": 31.6845741272,
        "dmean2": 48.2598381042,
        "dvar": 4542.36035156,
        "dvar2": 8954.2421875,
        "max": 1473.4107666,
        "mean": 54.0137672424,
        "median": 20.8423900604,
        "min": -1.89416611195,
        "stdev": 102.463417053,
        "var": 10498.7519531
    },
    "melbands_skewness": {
        "dmean": 1.5303055048,
        "dmean2": 2.28598999977,
        "dvar": 3.84880208969,
        "dvar2": 7.74145317078,
        "max": 30.4215450287,
        "mean": 4.27453327179,
        "median": 3.27614665031,
        "min": -2.43330383301,
        "stdev": 3.61344480515,
        "var": 13.0569829941
    },
    "melbands_spread": {
        "dmean": 1.9423596859,
        "dmean2": 3.11109685898,
        "dvar": 25.0497875214,
        "dvar2": 55.0205612183,
        "max": 161.042251587,
        "mean": 4.82898521423,
        "median": 3.20595407486,
        "min": 0.132863372564,
        "stdev": 8.39462184906,
        "var": 70.4696731567
    },
    "pitch_salience": {
        "dmean": 0.11719404906,
        "dmean2": 0.182414993644,
        "dvar": 0.0150103457272,
        "dvar2": 0.0334578789771,
        "max": 0.962310135365,
        "mean": 0.419196307659,
        "median": 0.414430588484,
        "min": 0.0145676871762,
        "stdev": 0.194875955582,
        "var": 0.0379766374826
    },
    "silence_rate_20dB": {
        "dmean": 0,
        "dmean2": 0,
        "dvar": 0,
        "dvar2": 0,
        "max": 1,
        "mean": 1,
        "median": 1,
        "min": 1,
        "stdev": 0,
        "var": 0
    },
    "silence_rate_30dB": {
        "dmean": 0.11678276211,
        "dmean2": 0.233578234911,
        "dvar": 0.103151723742,
        "dvar2": 0.209129169583,
        "max": 1,
        "mean": 0.855634748936,
        "median": 1,
        "min": 0,
        "stdev": 0.351449549198,
        "var": 0.123516783118
    },
    "silence_rate_60dB": {
        "dmean": 0.0225293859839,
        "dmean2": 0.0450612232089,
        "dvar": 0.0220312923193,
        "dvar2": 0.0517246238887,
        "max": 1,
        "mean": 0.0940305814147,
        "median": 0,
        "min": 0,
        "stdev": 0.291886001825,
        "var": 0.0851974412799
    },
    "spectral_centroid": {
        "dmean": 176.265213013,
        "dmean2": 271.138183594,
        "dvar": 95955.2109375,
        "dvar2": 199571.03125,
        "max": 11471.9638672,
        "mean": 583.026428223,
        "median": 385.979644775,
        "min": 82.992767334,
        "stdev": 594.340393066,
        "var": 353240.53125
    },
    "spectral_complexity": {
        "dmean": 2.36286449432,
        "dmean2": 3.87863945961,
        "dvar": 11.2781867981,
        "dvar2": 22.7834205627,
        "max": 43,
        "mean": 7.67100191116,
        "median": 7,
        "min": 0,
        "stdev": 4.61454534531,
        "var": 21.2940273285
    },
    "spectral_decrease": {
        "dmean": 5.0621391523e-09,
        "dmean2": 7.70406938244e-09,
        "dvar": 4.97803248335e-17,
        "dvar2": 1.05149650986e-16,
        "max": 1.46762048812e-28,
        "mean": -1.65165019439e-08,
        "median": -1.543721595e-08,
        "min": -8.27309563078e-08,
        "stdev": 1.12106874894e-08,
        "var": 1.25679506166e-16
    },
    "spectral_energy": {
        "dmean": 0.0195032171905,
        "dmean2": 0.0297153051943,
        "dvar": 0.000736667774618,
        "dvar2": 0.00156603718642,
        "max": 0.31396818161,
        "mean": 0.0631632655859,
        "median": 0.058938510716,
        "min": 9.9795511963e-21,
        "stdev": 0.0428493842483,
        "var": 0.00183606962673
    },
    "spectral_energyband_high": {
        "dmean": 8.10471465229e-05,
        "dmean2": 0.000129507374368,
        "dvar": 3.02816189901e-08,
        "dvar2": 7.21394144421e-08,
        "max": 0.00435003638268,
        "mean": 0.000180488990736,
        "median": 1.69648610608e-05,
        "min": 7.17730723463e-21,
        "stdev": 0.000334345037118,
        "var": 1.11786604862e-07
    },
    "spectral_energyband_low": {
        "dmean": 0.0119221918285,
        "dmean2": 0.0173316560686,
        "dvar": 0.000409077183576,
        "dvar2": 0.000663502432872,
        "max": 0.312577992678,
        "mean": 0.0458806529641,
        "median": 0.0441576130688,
        "min": 4.44633024193e-23,
        "stdev": 0.0350965447724,
        "var": 0.00123176747002
    },
    "spectral_energyband_middle_high": {
        "dmean": 0.000414487178205,
        "dmean2": 0.000699893804267,
        "dvar": 1.10118594421e-06,
        "dvar2": 2.44438820118e-06,
        "max": 0.016505761072,
        "mean": 0.0004575959465,
        "median": 0.000156751921168,
        "min": 1.22240320773e-21,
        "stdev": 0.00110072526149,
        "var": 1.21159598621e-06
    },
    "spectral_energyband_middle_low": {
        "dmean": 0.0168971829116,
        "dmean2": 0.0282098185271,
        "dvar": 0.000756668741815,
        "dvar2": 0.00193416676484,
        "max": 0.173160120845,
        "mean": 0.018607147038,
        "median": 0.0102774910629,
        "min": 2.65634887042e-22,
        "stdev": 0.0257303584367,
        "var": 0.000662051374093
    },
    "spectral_entropy": {
        "dmean": 0.331190049648,
        "dmean2": 0.505042970181,
        "dvar": 0.102217309177,
        "dvar2": 0.224012330174,
        "max": 9.81888198853,
        "mean": 6.41612243652,
        "median": 6.41015005112,
        "min": 4.2793264389,
        "stdev": 0.642059624195,
        "var": 0.412240535021
    },
    "spectral_flux": {
        "dmean": 0.0506926439703,
        "dmean2": 0.0773826614022,
        "dvar": 0.00441836053506,
        "dvar2": 0.00786027032882,
        "max": 0.470483928919,
        "mean": 0.102145723999,
        "median": 0.070435538888,
        "min": 6.58516088881e-11,
        "stdev": 0.0887211710215,
        "var": 0.00787144619972
    },
    "spectral_kurtosis": {
        "dmean": 12.4490709305,
        "dmean2": 20.3641834259,
        "dvar": 435.607299805,
        "dvar2": 1120.17858887,
        "max": 425.938903809,
        "mean": 23.6886615753,
        "median": 10.252374649,
        "min": -1.75513339043,
        "stdev": 39.3178863525,
        "var": 1545.89611816
    },
    "spectral_rms": {
        "dmean": 0.00110943452455,
        "dmean2": 0.0016751763178,
        "dvar": 1.87596947399e-06,
        "dvar2": 3.90097739e-06,
        "max": 0.0175017267466,
        "mean": 0.00717958109453,
        "median": 0.00758294062689,
        "min": 3.12028007599e-12,
        "stdev": 0.00317429075949,
        "var": 1.00761217254e-05
    },
    "spectral_rolloff": {
        "dmean": 122.33821106,
        "dmean2": 213.830413818,
        "dvar": 186299.234375,
        "dvar2": 425718.5,
        "max": 19164.5507812,
        "mean": 354.552154541,
        "median": 215.33203125,
        "min": 64.599609375,
        "stdev": 778.987915039,
        "var": 606822.125
    },
    "spectral_skewness": {
        "dmean": 0.879764556885,
        "dmean2": 1.39812517166,
        "dvar": 0.988033473492,
        "dvar2": 2.49345040321,
        "max": 15.7575435638,
        "mean": 3.00514674187,
        "median": 2.52498269081,
        "min": -0.992707312107,
        "stdev": 2.25713300705,
        "var": 5.09464979172
    },
    "spectral_spread": {
        "dmean": 627716,
        "dmean2": 1002561.125,
        "dvar": 516071948288,
        "dvar2": 1.1911888896e+12,
        "max": 41862764,
        "mean": 2955935.25,
        "median": 2830032,
        "min": 238980.328125,
        "stdev": 1710654.25,
        "var": 2.92633785139e+12
    },
    "spectral_strongpeak": {
        "dmean": 0.201416566968,
        "dmean2": 0.342497766018,
        "dvar": 0.144942298532,
        "dvar2": 0.39011451602,
        "max": 7.85009765625,
        "mean": 0.565044999123,
        "median": 0.511530399323,
        "min": 0,
        "stdev": 0.373193860054,
        "var": 0.139273658395
    },
    "zerocrossingrate": {
        "dmean": 0.0038210877683,
        "dmean2": 0.00491103297099,
        "dvar": 3.85881176044e-05,
        "dvar2": 5.16184409207e-05,
        "max": 0.6533203125,
        "mean": 0.0177306644619,
        "median": 0.009765625,
        "min": 0.001953125,
        "stdev": 0.0401377752423,
        "var": 0.00161104113795
    },
    "barkbands": {
        "dmean": [0.00064434093656, 0.011857948266, 0.00316156283952, 0.00532457232475, 0.00896063540131, 0.00275673111901, 0.00143787532579, 0.00064228073461, 0.000314510427415, 9.12309042178e-05, 8.87834685273e-05, 9.0063243988e-05, 7.11516840965e-05, 3.30980074068e-05, 2.06031309062e-05, 1.7497146473e-05, 2.19764988287e-05, 3.06508300127e-05, 3.34385586029e-05, 1.13686828627e-05, 6.60651712678e-05, 7.54821348892e-06, 4.07114976042e-06, 2.3313764359e-06, 1.39593169024e-06, 9.63150682765e-07, 8.50349337611e-08],
        "dmean2": [0.00108110462315, 0.0180184692144, 0.00594269437715, 0.00873836036772, 0.0158894751221, 0.00496712140739, 0.00255944952369, 0.00105832621921, 0.00053212849889, 0.000150047577335, 0.000149084095028, 0.000155653920956, 0.000124005862745, 5.74808072997e-05, 3.41445120284e-05, 3.06055299006e-05, 3.75691233785e-05, 5.27234551555e-05, 5.8328594605e-05, 1.89626043721e-05, 0.000107235653559, 1.17953277368e-05, 6.38629808236e-06, 3.37321012012e-06, 2.0682948616e-06, 1.42263684211e-06, 1.31439392703e-07],
        "dvar": [7.21380217783e-07, 0.000489876314532, 0.00010496719915, 8.23682858027e-05, 0.000260724307736, 4.47283782705e-05, 1.09611391963e-05, 9.96707285594e-07, 3.1069609463e-07, 6.69190782787e-08, 4.95671876877e-08, 7.2351184599e-08, 6.77781173408e-08, 9.02775987299e-09, 4.75043027137e-09, 4.04615763117e-09, 4.49428227967e-09, 9.58567802911e-09, 9.05731312173e-09, 8.98687679829e-10, 2.46645139867e-08, 3.77645109628e-10, 2.36481001448e-10, 9.01074700965e-11, 2.41424883557e-11, 6.38185901694e-12, 7.230454164e-14],
        "dvar2": [1.70157818502e-06, 0.000946897140238, 0.000299806386465, 0.000191591723706, 0.000697550596669, 0.000123268910102, 2.98162904073e-05, 2.70975556305e-06, 8.04380647423e-07, 1.58795728566e-07, 1.14673859741e-07, 1.92611921079e-07, 1.82951737315e-07, 2.13437392205e-08, 1.11453655194e-08, 1.04028652359e-08, 1.01748316439e-08, 2.45778934982e-08, 2.31632970582e-08, 1.92735982729e-09, 6.19009909997e-08, 7.68495656001e-10, 4.40050051953e-10, 1.81272524769e-10, 4.5919153896e-11, 1.42273215778e-11, 1.65506660026e-13],
        "max": [0.0138624235988, 0.303870260715, 0.0937611013651, 0.0620572455227, 0.11364928633, 0.130259871483, 0.0548380203545, 0.0236126799136, 0.0119278253987, 0.0103375902399, 0.00820434838533, 0.00445267092437, 0.00422609644011, 0.00158966809977, 0.00171803182457, 0.00134632037953, 0.00101380702108, 0.00173556862865, 0.0010146353161, 0.000498609151691, 0.0041730934754, 0.00039501383435, 0.000322708598105, 0.000192346167751, 0.000122021650895, 3.44963846146e-05, 3.80612118533e-06],
        "mean": [0.00193058745936, 0.0399503819644, 0.00205317209475, 0.0051481379196, 0.00780052505434, 0.00292739388533, 0.0014916700311, 0.000863306166138, 0.000335107615683, 0.000103033431515, 9.6658419352e-05, 7.58566602599e-05, 5.75393205509e-05, 3.15299730573e-05, 2.06581589737e-05, 1.63260137924e-05, 2.11671522266e-05, 2.50197263085e-05, 2.85363603325e-05, 1.34896990858e-05, 0.000153782923007, 9.77904619504e-06, 4.40656685896e-06, 2.3768795927e-06, 1.52336531301e-06, 1.07024686713e-06, 9.07825992158e-08],
        "median": [0.00210247514769, 0.0384363383055, 0.000278208521195, 0.00121893070173, 0.00291380821727, 0.00153419096023, 0.000728054321371, 0.000478735513752, 0.000139155425131, 3.95831448259e-05, 2.95502923109e-05, 1.76576231752e-05, 1.25286815091e-05, 5.01448766954e-06, 3.86069950764e-06, 2.67883615379e-06, 2.86511431113e-06, 3.47364562003e-06, 4.99959742228e-06, 2.67423024525e-06, 6.70625968269e-06, 1.4909201127e-06, 1.93801199089e-07, 5.38193773991e-08, 2.74606968276e-08, 9.61412816025e-09, 3.59157348306e-09],
        "min": [2.0472100116e-24, 1.19360366313e-23, 9.60445744893e-25, 4.55487182269e-24, 1.29430625419e-23, 1.4433945755e-23, 3.07295811582e-23, 1.38181104453e-23, 2.50709367347e-23, 2.18028895305e-23, 3.87513246877e-23, 5.02133505783e-23, 4.44485033888e-23, 3.6625578051e-23, 4.60591459425e-23, 6.46136088172e-23, 8.85501793474e-23, 1.26791530703e-22, 1.48272806376e-22, 2.07380967557e-22, 2.83136794899e-22, 3.53452624816e-22, 4.7267778037e-22, 6.35427181476e-22, 9.57331100369e-22, 1.46331340171e-21, 1.93405893987e-21],
        "stdev": [0.0013118883362, 0.0319750458002, 0.00775827281177, 0.00911470688879, 0.0137835070491, 0.00566213997081, 0.00284082302824, 0.00109853188042, 0.000550419499632, 0.000275134225376, 0.000259980559349, 0.000234820414335, 0.000217069275095, 9.27819783101e-05, 6.82878744556e-05, 6.13191732555e-05, 7.16450304026e-05, 8.77688798937e-05, 8.57003105921e-05, 3.25203582179e-05, 0.000308481859975, 2.35711158894e-05, 1.80060469575e-05, 1.04648315755e-05, 5.61620981898e-06, 2.94952292279e-06, 2.9882417607e-07],
        "var": [1.72105103502e-06, 0.00102240359411, 6.01907995588e-05, 8.30778881209e-05, 0.000189985075849, 3.20598301187e-05, 8.07027481642e-06, 1.20677225368e-06, 3.02961637999e-07, 7.56988498551e-08, 6.75898874647e-08, 5.51406245108e-08, 4.71190730877e-08, 8.60849613815e-09, 4.66323335502e-09, 3.76004116731e-09, 5.13301001703e-09, 7.70337660327e-09, 7.34454275175e-09, 1.05757358426e-09, 9.51610559241e-08, 5.55597512442e-10, 3.24217708236e-10, 1.09512697521e-10, 3.15418142993e-11, 8.69968593692e-12, 8.92958870367e-14]
    },
    "erbbands": {
        "dmean": [0.480160415173, 2.37405776978, 2.96451163292, 10.7043657303, 34.3944778442, 23.5346069336, 17.5133800507, 24.7759494781, 22.1863155365, 18.8029556274, 10.6220436096, 7.65190839767, 3.66006112099, 3.20124745369, 3.68476462364, 3.59907197952, 3.14881777763, 1.95218205452, 1.42652511597, 1.10151493549, 0.986228346825, 1.23488819599, 1.71877026558, 1.88153636456, 1.23801767826, 0.545356869698, 1.07776677608, 3.4874420166, 0.392377495766, 0.154973238707, 0.104555875063, 0.0689692571759, 0.0280108079314, 0.0180423147976, 0.00837269425392, 0.00389450159855, 0.00178620568477, 0.000350587215507, 2.01350794669e-05, 2.15909549297e-05],
        "dmean2": [0.723140776157, 3.51702260971, 5.08057117462, 18.1724319458, 58.6483459473, 42.4626846313, 32.0500869751, 44.5698471069, 38.5267524719, 32.9369812012, 18.5327682495, 12.8339042664, 6.11739253998, 5.11317110062, 6.24463653564, 6.22124671936, 5.45206022263, 3.33781218529, 2.47193551064, 1.83050191402, 1.74840986729, 2.10117316246, 2.9154727459, 3.21787238121, 2.16157770157, 0.919740557671, 1.74141979218, 5.68454217911, 0.612199604511, 0.239755928516, 0.162911072373, 0.101736590266, 0.0418456383049, 0.0267882272601, 0.0122948279604, 0.00581535184756, 0.00265630171634, 0.000526428688318, 3.01416166621e-05, 3.28592832375e-05],
        "dvar": [0.613858342171, 23.8677425385, 78.3510971069, 475.897705078, 3957.42138672, 1799.37573242, 1057.01965332, 4048.83984375, 2360.28637695, 1369.97436523, 356.001800537, 179.368759155, 52.2944869995, 100.268913269, 90.5913314819, 117.604484558, 118.538825989, 37.8965759277, 19.6188430786, 20.1067562103, 12.9295682907, 14.1353349686, 31.6885108948, 30.6459827423, 11.86236763, 1.94508945942, 5.63541078568, 72.9103775024, 0.762936770916, 0.270218998194, 0.175491958857, 0.0909378454089, 0.0105885565281, 0.00471387244761, 0.000669284316245, 0.000103548147308, 2.38397969952e-05, 1.07371056401e-06, 1.55229606946e-09, 8.75812700141e-10],
        "dvar2": [1.18996858597, 47.1692771912, 213.295959473, 1242.42773438, 10000.5654297, 4947.89453125, 2911.50317383, 11197.4326172, 6342.92041016, 3907.89526367, 986.92779541, 456.578613281, 135.16595459, 215.255371094, 214.886138916, 310.035003662, 318.458648682, 91.9451751709, 45.0812950134, 51.6475067139, 34.298828125, 31.2868843079, 79.9088668823, 76.3804168701, 31.3522548676, 4.29447460175, 13.9821739197, 184.41796875, 1.67205798626, 0.492021262646, 0.327383071184, 0.193423047662, 0.0203594714403, 0.00904443953186, 0.00126400555018, 0.000225269235671, 5.39331340406e-05, 2.48535025094e-06, 3.44719874867e-09, 1.87695103904e-09],
        "max": [11.8988418579, 57.5246810913, 85.5761871338, 179.394165039, 434.897644043, 385.555969238, 486.656402588, 1202.24938965, 711.959594727, 619.329345703, 262.809448242, 310.768768311, 123.128746033, 460.629821777, 271.370849609, 187.690536499, 154.097137451, 116.136421204, 88.8514633179, 121.839195251, 57.0431365967, 56.2722740173, 110.687545776, 80.4638366699, 34.6197433472, 22.9933204651, 47.0957679749, 222.070388794, 17.004901886, 10.1265296936, 9.40986156464, 5.42176103592, 2.36763429642, 1.50809717178, 0.713632106781, 0.184164896607, 0.06542853266, 0.0139363138005, 0.000657231430523, 0.00033835976501],
        "mean": [1.85363006592, 6.1548242569, 2.83831787109, 10.2714281082, 27.8086776733, 22.0108890533, 17.4223594666, 25.7082672119, 25.9169387817, 22.4829616547, 12.3848142624, 8.56107139587, 4.1266913414, 3.73080682755, 3.83147287369, 3.13870334625, 2.62062621117, 1.89335072041, 1.36258101463, 1.05072319508, 0.933695435524, 1.19260108471, 1.41234481335, 1.61712920666, 1.05873894691, 0.679315030575, 2.32661652565, 7.71373510361, 0.746885836124, 0.177475988865, 0.113927148283, 0.0658911094069, 0.0310905259103, 0.019338382408, 0.00941400695592, 0.00439473427832, 0.00196850672364, 0.000379887322197, 4.31771404692e-05, 6.97360301274e-05],
        "median": [1.92457485199, 5.27558660507, 1.05079495907, 2.75541257858, 6.37905311584, 9.43181037903, 8.7330198288, 12.8277893066, 13.447514534, 12.3616771698, 6.88245868683, 3.75372028351, 1.85338413715, 1.18531370163, 1.16313123703, 0.794188022614, 0.600049972534, 0.392078995705, 0.225113689899, 0.195994436741, 0.155811354518, 0.15903365612, 0.184770062566, 0.270880818367, 0.197980031371, 0.134105190635, 0.185759410262, 0.284439146519, 0.0869941860437, 0.0258767902851, 0.0073575694114, 0.00212064152583, 0.000741167517845, 0.000423899909947, 0.000190073085832, 8.87908245204e-05, 3.76748394046e-05, 5.95910523771e-06, 2.9024819014e-05, 6.52034359518e-05],
        "min": [1.24877741526e-22, 2.21050871864e-21, 1.46464605915e-21, 1.21942376213e-20, 1.66583884078e-20, 3.706461908e-20, 5.69037705903e-20, 1.2351723278e-19, 3.17792451585e-19, 4.54525717033e-19, 5.02715501761e-19, 4.83360406006e-19, 9.57663080907e-19, 8.19335321431e-19, 2.43326468198e-18, 1.96340810287e-18, 2.67317931966e-18, 3.09190000689e-18, 2.96738678403e-18, 4.07410150407e-18, 4.3332691841e-18, 5.92645461264e-18, 8.78951530987e-18, 6.21941137993e-18, 8.53594226591e-18, 8.13128716461e-18, 1.39952954313e-17, 9.28366225446e-18, 1.23542642217e-17, 1.27447406202e-17, 1.35447739922e-17, 1.04944561479e-17, 1.24332235743e-17, 1.03830820687e-17, 6.81159701149e-18, 3.97900592572e-18, 2.80906524197e-18, 9.30607967624e-19, 2.71352800087e-19, 3.00619083469e-20],
        "stdev": [1.28949904442, 6.18293094635, 7.42625665665, 19.3610591888, 56.6762657166, 36.1610603333, 27.9468383789, 53.3514900208, 43.882610321, 32.9929656982, 17.5851306915, 13.7407360077, 7.07698774338, 11.9137487411, 10.1599903107, 9.5557384491, 9.13515090942, 5.90804576874, 4.39650821686, 4.10417747498, 3.40382480621, 4.07791376114, 5.14167642593, 5.1508936882, 2.97801947594, 1.50768077374, 4.25103473663, 16.044506073, 1.39598107338, 0.619840085506, 0.481885552406, 0.314139544964, 0.121085636318, 0.0772632881999, 0.0306596942246, 0.0118763325736, 0.00560398492962, 0.00117039727047, 5.0857423048e-05, 4.68839061796e-05],
        "var": [1.66280770302, 38.2286338806, 55.1492881775, 374.850616455, 3212.19921875, 1307.62219238, 781.025817871, 2846.3815918, 1925.68334961, 1088.53588867, 309.236846924, 188.807830811, 50.0837554932, 141.937408447, 103.225402832, 91.3121337891, 83.4509735107, 34.9050064087, 19.329284668, 16.8442745209, 11.5860233307, 16.6293792725, 26.4368343353, 26.5317077637, 8.86859989166, 2.2731013298, 18.0712966919, 257.426147461, 1.9487632513, 0.384201705456, 0.232213675976, 0.0986836478114, 0.0146617311984, 0.0059696151875, 0.000940016878303, 0.000141047275974, 3.14046446874e-05, 1.36982987442e-06, 2.58647747664e-09, 2.19810081248e-09]
    },
    "gfcc": {
        "mean": [-145.334274292, 184.383285522, -76.3378143311, 33.2701416016, -49.9178848267, -17.9671993256, -1.65602350235, -12.3592004776, -7.38481378555, 5.87918901443, -4.363925457, -2.00819301605, 0.667690873146],
        "cov": [[22258.9472656, 398.297424316, 499.839202881, 2737.88793945, 577.234985352, 855.748291016, 557.168762207, 550.868591309, 504.418579102, 655.781311035, 415.62411499, 420.696899414, 351.763916016], [398.297424316, 1999.28735352, -18.8423862457, -572.067443848, 224.794082642, -457.534057617, 333.649902344, -328.402496338, 164.562927246, -140.306152344, 160.848892212, -124.617179871, 104.016937256], [499.839202881, -18.8423862457, 1458.58630371, 133.130767822, 389.618499756, 307.890991211, -111.38117981, 366.218139648, 116.67011261, 240.675994873, 140.269165039, 136.477798462, -17.088262558], [2737.88793945, -572.067443848, 133.130767822, 1368.21496582, 249.881881714, 152.992507935, 362.573577881, 104.798492432, 211.148284912, 230.551971436, 77.7187194824, 104.825759888, 142.981704712], [577.234985352, 224.794082642, 389.618499756, 249.881881714, 640.611755371, 207.064712524, 98.074760437, 211.352539062, 172.442840576, 33.423160553, 177.814941406, 40.5550498962, 41.1562271118], [855.748291016, -457.534057617, 307.890991211, 152.992507935, 207.064712524, 509.939544678, -100.269355774, 293.852172852, 42.6475486755, 27.1214389801, 72.2200164795, 54.4428062439, -13.054265976], [557.168762207, 333.649902344, -111.38117981, 362.573577881, 98.074760437, -100.269355774, 640.973999023, -128.569473267, 156.12008667, 149.23664856, -0.3994397223, 28.8789348602, 191.340911865], [550.868591309, -328.402496338, 366.218139648, 104.798492432, 211.352539062, 293.852172852, -128.569473267, 366.206939697, 86.0459060669, 51.3455924988, 123.756240845, 83.218788147, -19.5218067169], [504.418579102, 164.562927246, 116.67011261, 211.148284912, 172.442840576, 42.6475486755, 156.12008667, 86.0459060669, 211.496185303, 85.3446960449, 128.387557983, 39.6751556396, 78.6320495605], [655.781311035, -140.306152344, 240.675994873, 230.551971436, 33.423160553, 27.1214389801, 149.23664856, 51.3455924988, 85.3446960449, 272.400970459, 5.65439319611, 99.1686172485, 87.6278533936], [415.62411499, 160.848892212, 140.269165039, 77.7187194824, 177.814941406, 72.2200164795, -0.3994397223, 123.756240845, 128.387557983, 5.65439319611, 206.46206665, 51.1651229858, 22.9186515808], [420.696899414, -124.617179871, 136.477798462, 104.825759888, 40.5550498962, 54.4428062439, 28.8789348602, 83.218788147, 39.6751556396, 99.1686172485, 51.1651229858, 106.433319092, 45.321521759], [351.763916016, 104.016937256, -17.088262558, 142.981704712, 41.1562271118, -13.054265976, 191.340911865, -19.5218067169, 78.6320495605, 87.6278533936, 22.9186515808, 45.321521759, 132.049301147]],
        "icov": [[0.000164479308296, -0.000757541041821, 0.000293344375677, -0.000713529763743, 0.000358916295227, -0.000647500972264, 0.000331319199177, -0.000580869964324, 0.000497476488817, -0.000537903571967, 0.000432137603639, -0.000743072130717, 0.000468050246127], [-0.000757541041821, 0.005749409087, -0.00208506709896, 0.00455150334165, -0.00257535651326, 0.00426850188524, -0.00239982991479, 0.0045982664451, -0.00343388132751, 0.00353063968942, -0.00415978534147, 0.0053536305204, -0.00374082452618], [0.000293344375677, -0.00208506709896, 0.00201172428206, -0.0015412515495, 0.000332351395627, -0.00167285581119, 0.00104861089494, -0.0021894085221, 0.0014182619052, -0.00268116546795, 0.00133234914392, -0.00206747930497, 0.00209112768061], [-0.000713529763743, 0.00455150334165, -0.0015412515495, 0.00486264331266, -0.0023010764271, 0.00320909451693, -0.00230224709958, 0.00365123199299, -0.00337928300723, 0.00241315783933, -0.00285185920075, 0.00385497696698, -0.00265620206483], [0.000358916295227, -0.00257535651326, 0.000332351395627, -0.0023010764271, 0.00407018931583, -0.00234035798348, 0.000447859929409, -0.00272470177151, 0.000952942820732, -0.000788006291259, 0.000489954021759, -0.00139313656837, 0.00140399951488], [-0.000647500972264, 0.00426850188524, -0.00167285581119, 0.00320909451693, -0.00234035798348, 0.00726587837562, -0.0017124437727, 2.55226655099e-06, -0.00161193544045, 0.00304536754265, -0.0024598678574, 0.00467424094677, -0.00363766937517], [0.000331319199177, -0.00239982991479, 0.00104861089494, -0.00230224709958, 0.000447859929409, -0.0017124437727, 0.00482788961381, -0.000494706968311, -0.000408525665989, -0.00205483916216, 0.00287354388274, -0.00188284902833, -0.00198700116016], [-0.000580869964324, 0.0045982664451, -0.0021894085221, 0.00365123199299, -0.00272470177151, 2.55226655099e-06, -0.000494706968311, 0.0124895367771, -0.00570062035695, 0.00308122113347, -0.00382562959567, -0.000272884441074, -0.000791346770711], [0.000497476488817, -0.00343388132751, 0.0014182619052, -0.00337928300723, 0.000952942820732, -0.00161193544045, -0.000408525665989, -0.00570062035695, 0.016890341416, -0.005767588038, -0.00579199381173, 0.00318161631003, -0.00180200778414], [-0.000537903571967, 0.00353063968942, -0.00268116546795, 0.00241315783933, -0.000788006291259, 0.00304536754265, -0.00205483916216, 0.00308122113347, -0.005767588038, 0.0118172103539, 0.00163819349837, -0.00386279495433, -0.00369445281103], [0.000432137603639, -0.00415978534147, 0.00133234914392, -0.00285185920075, 0.000489954021759, -0.0024598678574, 0.00287354388274, -0.00382562959567, -0.00579199381173, 0.00163819349837, 0.0159439798445, -0.0107342898846, 0.00353949330747], [-0.000743072130717, 0.0053536305204, -0.00206747930497, 0.00385497696698, -0.00139313656837, 0.00467424094677, -0.00188284902833, -0.000272884441074, 0.00318161631003, -0.00386279495433, -0.0107342898846, 0.0282632950693, -0.0102637261152], [0.000468050246127, -0.00374082452618, 0.00209112768061, -0.00265620206483, 0.00140399951488, -0.00363766937517, -0.00198700116016, -0.000791346770711, -0.00180200778414, -0.00369445281103, 0.00353949330747, -0.0102637261152, 0.0208175536245]]
    },
    "melbands": {
        "dmean": [0.00376158207655, 0.00165272003505, 0.00261137890629, 0.00216372148134, 0.000648241082672, 0.000544280337635, 0.000329449190758, 0.000191695406102, 7.86811215221e-05, 4.59029834019e-05, 1.72152977029e-05, 1.26911636471e-05, 1.2222371879e-05, 1.07876985567e-05, 7.5770813055e-06, 6.330355518e-06, 3.41138024851e-06, 2.56830048784e-06, 1.4245846387e-06, 1.30065643589e-06, 1.20816639537e-06, 1.3001977095e-06, 1.48399328737e-06, 1.41615862503e-06, 1.59844478276e-06, 1.20460663311e-06, 4.97076996453e-07, 3.38174174885e-07, 4.5938901394e-07, 1.84528710179e-06, 1.88708372661e-06, 1.8737478058e-07, 7.89239464893e-08, 9.06150390279e-08, 6.56917009678e-08, 5.27361443403e-08, 3.7691414434e-08, 2.09219344072e-08, 1.57305901638e-08, 1.5701713707e-08],
        "dmean2": [0.00580100296065, 0.00234896223992, 0.00434924010187, 0.00378429307602, 0.00118141050916, 0.000974305847194, 0.000575959973503, 0.000330796901835, 0.000138037226861, 7.65467630117e-05, 2.88199280476e-05, 2.04330990528e-05, 2.07762514037e-05, 1.83989432117e-05, 1.31960523504e-05, 1.08768790597e-05, 5.88754210185e-06, 4.46562717116e-06, 2.38172401623e-06, 2.18922104978e-06, 2.18166451305e-06, 2.23635788643e-06, 2.46303375206e-06, 2.43364274866e-06, 2.74454669125e-06, 2.13321868614e-06, 8.56872816257e-07, 5.66205699215e-07, 7.48459399347e-07, 3.00903889183e-06, 3.07128470922e-06, 2.93136594109e-07, 1.18988587872e-07, 1.42830131722e-07, 1.03528492446e-07, 8.0288920401e-08, 5.55261294721e-08, 3.13634771487e-08, 2.45305127322e-08, 2.34167849555e-08],
        "dvar": [4.55042427348e-05, 1.32922150442e-05, 2.13105522562e-05, 1.54476201715e-05, 1.29760383061e-06, 1.83571569323e-06, 5.13844440775e-07, 1.31129709757e-07, 2.02494341295e-08, 6.86628887081e-09, 1.22571530703e-09, 1.726853327e-09, 9.48094824871e-10, 9.68953473013e-10, 5.66770186339e-10, 5.61603041849e-10, 1.03284533703e-10, 6.71381075734e-11, 2.59843969258e-11, 2.92654962764e-11, 1.93246443153e-11, 1.72392152636e-11, 1.90367218517e-11, 2.33615245204e-11, 2.21689992752e-11, 1.17181282039e-11, 1.6789820402e-12, 7.81396486144e-13, 1.74819360377e-12, 2.01473612099e-11, 2.11983694487e-11, 2.35597565762e-13, 8.21962737132e-14, 1.01337375177e-13, 7.32284580738e-14, 5.32946455793e-14, 2.77059615078e-14, 6.20013590775e-15, 3.27570277659e-15, 3.99306450874e-15],
        "dvar2": [8.88549911906e-05, 2.71025382972e-05, 5.30071811227e-05, 4.09307976952e-05, 3.58036550097e-06, 5.06330388816e-06, 1.38973541652e-06, 3.73173975277e-07, 5.60454900267e-08, 1.70749689943e-08, 3.18063619886e-09, 3.75330388991e-09, 2.29755814374e-09, 2.50738763086e-09, 1.55119628253e-09, 1.48443912718e-09, 2.48626647048e-10, 1.59134774802e-10, 6.55420925866e-11, 7.53602319437e-11, 5.42012372484e-11, 4.03543760907e-11, 4.50627105075e-11, 5.98396887597e-11, 5.54843428147e-11, 3.15036573217e-11, 4.17808669606e-12, 1.72110730615e-12, 4.34324798348e-12, 5.22501555911e-11, 5.37105082632e-11, 5.06075053825e-13, 1.5622476457e-13, 1.99023049018e-13, 1.46571055531e-13, 1.17151310896e-13, 5.82822093538e-14, 1.23377192794e-14, 6.64118342229e-15, 8.39190353899e-15],
        "max": [0.0962222442031, 0.0360743626952, 0.0294407662004, 0.0268882662058, 0.0139367356896, 0.0255968868732, 0.0110145295039, 0.00616187416017, 0.00185698620044, 0.00217027147301, 0.000591682444792, 0.00195373548195, 0.000767594610807, 0.000531851663254, 0.000407817366067, 0.000400061922846, 0.000187271361938, 0.000168846920133, 0.000135252485052, 0.000138946430525, 6.70212393743e-05, 6.25283428235e-05, 7.69852194935e-05, 9.0483641543e-05, 6.94591872161e-05, 3.48419816874e-05, 1.70974908542e-05, 1.52521670316e-05, 2.67171108135e-05, 0.000119345553685, 0.000111114910396, 1.01378154795e-05, 6.78217520544e-06, 4.90492993777e-06, 7.24341180103e-06, 4.15621525462e-06, 3.09273355015e-06, 1.86740658137e-06, 1.11787255719e-06, 1.49760103341e-06],
        "mean": [0.0133443949744, 0.00342008564621, 0.00236652116291, 0.00185527652502, 0.000675427028909, 0.000581887259614, 0.000377961667255, 0.000238103006268, 8.79154467839e-05, 5.05543102918e-05, 1.88537633221e-05, 1.43389615914e-05, 1.27307939692e-05, 9.67772302829e-06, 6.37082075627e-06, 5.27608290213e-06, 3.31776004714e-06, 2.32949423662e-06, 1.39082760597e-06, 1.22967674088e-06, 1.07499124624e-06, 1.22921483126e-06, 1.28738156491e-06, 1.15049408578e-06, 1.36841561016e-06, 9.68968720372e-07, 4.82488871967e-07, 4.06293906963e-07, 7.01411067894e-07, 4.01843362852e-06, 4.08609548685e-06, 2.57906066281e-07, 8.21773085136e-08, 9.38031448072e-08, 6.95086939118e-08, 4.87411213612e-08, 3.63034757811e-08, 2.28440555361e-08, 1.71910627955e-08, 1.58351500801e-08],
