{
"highlevel": {
    "danceability": {
        "all": {
            "danceable": 0.999555468559,
            "not_danceable": 0.000444509758381
        },
        "probability": 0.999555468559,
        "value": "danceable"
    },
    "gender": {
        "all": {
            "female": 0.524674236774,
            "male": 0.475325793028
        },
        "probability": 0.524674236774,
        "value": "female"
    },
    "genre_electronic": {
        "all": {
            "ambient": 0.0195248816162,
            "dnb": 0.00157992041204,
            "house": 0.0378351025283,
            "techno": 0.00389929697849,
            "trance": 0.937160789967
        },
        "probability": 0.937160789967,
        "value": "trance"
    },
    "mood_acoustic": {
        "all": {
            "acoustic": 0.00117223116104,
            "not_acoustic": 0.998827755451
        },
        "probability": 0.998827755451,
        "value": "not_acoustic"
    },
    "mood_aggressive": {
        "all": {
            "aggressive": 0.267726451159,
            "not_aggressive": 0.732273519039
        },
        "probability": 0.732273519039,
        "value": "not_aggressive"
    },
    "mood_electronic": {
        "all": {
            "electronic": 0.596004724503,
            "not_electronic": 0.403995275497
        },
        "probability": 0.596004724503,
        "value": "electronic"
    },
    "mood_happy": {
        "all": {
            "happy": 0.538863420486,
            "not_happy": 0.461136609316
        },
        "probability": 0.538863420486,
        "value": "happy"
    },
    "mood_party": {
        "all": {
            "not_party": 0.0860240459442,
            "party": 0.913975954056
        },
        "probability": 0.913975954056,
        "value": "party"
    },
    "mood_relaxed": {
        "all": {
            "not_relaxed": 0.694257259369,
            "relaxed": 0.305742710829
        },
        "probability": 0.694257259369,
        "value": "not_relaxed"
    },
    "mood_sad": {
        "all": {
            "not_sad": 0.925741314888,
            "sad": 0.0742586925626
        },
        "probability": 0.925741314888,
        "value": "not_sad"
    },
    "moods_mirex": {
        "all": {
            "Cluster1": 0.115795537829,
            "Cluster2": 0.235480859876,
            "Cluster3": 0.0822892636061,
            "Cluster4": 0.435074836016,
            "Cluster5": 0.131359517574
        },
        "probability": 0.435074836016,
        "value": "Cluster4"
    },
    "timbre": {
        "all": {
            "bright": 0.133021652699,
            "dark": 0.866978347301
        },
        "probability": 0.866978347301,
        "value": "dark"
    },
    "tonal_atonal": {
        "all": {
            "atonal": 0.959844946861,
            "tonal": 0.0401550456882
        },
        "probability": 0.959844946861,
        "value": "atonal"
    },
    "voice_instrumental": {
        "all": {
            "instrumental": 0.00192442256957,
            "voice": 0.998075604439
        },
        "probability": 0.998075604439,
        "value": "voice"
    }
},
"lowlevel": {
    "average_loudness": 0.890936851501,
    "barkbands_crest": {
        "dmean": 3.12630724907,
        "dmean2": 5.12185907364,
        "dvar": 9.53599739075,
        "dvar2": 23.6034374237,
        "max": 26.7863063812,
        "mean": 13.4756937027,
        "median": 12.7082824707,
        "min": 2.03001499176,
        "stdev": 5.90205574036,
        "var": 34.8342628479
    },
    "barkbands_flatness_db": {
        "dmean": 0.0276761483401,
        "dmean2": 0.0392750017345,
        "dvar": 0.00102757418063,
        "dvar2": 0.00186863867566,
        "max": 0.744981706142,
        "mean": 0.134512931108,
        "median": 0.110393129289,
        "min": 0.0106514636427,
        "stdev": 0.0893374606967,
        "var": 0.00798118207604
    },
    "barkbands_kurtosis": {
        "dmean": 19.8523197174,
        "dmean2": 28.1312675476,
        "dvar": 26378.203125,
        "dvar2": 53603.6210938,
        "max": 7896.31787109,
        "mean": 30.8600883484,
        "median": 1.73564124107,
        "min": -1.94954645634,
        "stdev": 223.224914551,
        "var": 49829.3632812
    },
    "barkbands_skewness": {
        "dmean": 0.92086815834,
        "dmean2": 1.31769943237,
        "dvar": 4.39768600464,
        "dvar2": 8.62330436707,
        "max": 67.238494873,
        "mean": 2.48505425453,
        "median": 1.53549075127,
        "min": -7.9636259079,
        "stdev": 4.01108217239,
        "var": 16.0887794495
    },
    "barkbands_spread": {
        "dmean": 8.6360616684,
        "dmean2": 13.1442337036,
        "dvar": 124.724685669,
        "dvar2": 270.053649902,
        "max": 128.02116394,
        "mean": 30.6793632507,
        "median": 29.6116333008,
        "min": 0.0186583865434,
        "stdev": 18.4540348053,
        "var": 340.551422119
    },
    "dissonance": {
        "dmean": 0.012167849578,
        "dmean2": 0.0206449795514,
        "dvar": 0.000177382855327,
        "dvar2": 0.000498964800499,
        "max": 0.500000059605,
        "mean": 0.477792114019,
        "median": 0.482264339924,
        "min": 0.063389390707,
        "stdev": 0.0182239990681,
        "var": 0.000332114141202
    },
    "dynamic_complexity": 3.21064305305,
    "erbbands_crest": {
        "dmean": 1.90698063374,
        "dmean2": 3.00526285172,
        "dvar": 4.55070447922,
        "dvar2": 9.52915668488,
        "max": 29.021812439,
        "mean": 7.13908910751,
        "median": 5.74314594269,
        "min": 2.04833626747,
        "stdev": 4.34017515182,
        "var": 18.8371200562
    },
    "erbbands_flatness_db": {
        "dmean": 0.0127729661763,
        "dmean2": 0.0186314601451,
        "dvar": 0.000257339386735,
        "dvar2": 0.000485637312522,
        "max": 0.415140032768,
        "mean": 0.120955772698,
        "median": 0.10893279314,
        "min": 0.0492244772613,
        "stdev": 0.0462337210774,
        "var": 0.00213755690493
    },
    "erbbands_kurtosis": {
        "dmean": 1.20956790447,
        "dmean2": 1.72183418274,
        "dvar": 32.5781898499,
        "dvar2": 55.9797019958,
        "max": 203.294036865,
        "mean": 0.81522244215,
        "median": -0.452870368958,
        "min": -1.86935460567,
        "stdev": 9.12811470032,
        "var": 83.322479248
    },
    "erbbands_skewness": {
        "dmean": 0.332877159119,
        "dmean2": 0.484561115503,
        "dvar": 0.259320169687,
        "dvar2": 0.453004270792,
        "max": 12.4008522034,
        "mean": 0.193173095584,
        "median": 0.078874990344,
        "min": -8.05209922791,
        "stdev": 1.05287182331,
        "var": 1.10853898525
    },
    "erbbands_spread": {
        "dmean": 9.86801338196,
        "dmean2": 14.34004879,
        "dvar": 146.412033081,
        "dvar2": 306.677764893,
        "max": 194.863616943,
        "mean": 52.432144165,
        "median": 49.9963531494,
        "min": 0.785038769245,
        "stdev": 23.8356170654,
        "var": 568.13659668
    },
    "hfc": {
        "dmean": 9.91027259827,
        "dmean2": 14.8448467255,
        "dvar": 217.79586792,
        "dvar2": 479.345031738,
        "max": 295.123474121,
        "mean": 32.8490524292,
        "median": 27.6802024841,
        "min": 1.08787108246e-16,
        "stdev": 25.7436180115,
        "var": 662.733825684
    },
    "loudness_ebu128": {
        "integrated": -6.4687871933,
        "loudness_range": 5.48745918274,
        "momentary": {
            "dmean": 0.223045304418,
            "dmean2": 0.293929219246,
            "dvar": 0.116716511548,
            "dvar2": 0.0913587510586,
            "max": -3.60321378708,
            "mean": -7.55329227448,
            "median": -6.59773826599,
            "min": -88.8968811035,
            "stdev": 5.24851036072,
            "var": 27.5468616486
        },
        "short_term": {
            "dmean": 0.0362618789077,
            "dmean2": 0.0290656685829,
            "dvar": 0.023571876809,
            "dvar2": 0.00632865261286,
            "max": -4.23514032364,
            "mean": -7.19742584229,
            "median": -6.59983539581,
            "min": -32.6681556702,
            "stdev": 2.79351902008,
            "var": 7.80374908447
        }
    },
    "melbands_crest": {
        "dmean": 3.91072535515,
        "dmean2": 6.20593929291,
        "dvar": 14.3850326538,
        "dvar2": 34.6618003845,
        "max": 36.5734558105,
        "mean": 19.7781963348,
        "median": 19.8023910522,
        "min": 1.93247807026,
        "stdev": 7.64653015137,
        "var": 58.4694213867
    },
    "melbands_flatness_db": {
        "dmean": 0.0340851917863,
        "dmean2": 0.0482822358608,
        "dvar": 0.0015847828472,
        "dvar2": 0.00289426278323,
        "max": 0.839920580387,
        "mean": 0.197425737977,
        "median": 0.17521199584,
        "min": 0.00554241938516,
        "stdev": 0.105878666043,
        "var": 0.0112102925777
    },
    "melbands_kurtosis": {
        "dmean": 23.6220855713,
        "dmean2": 35.0041465759,
        "dvar": 6599.41552734,
        "dvar2": 14426.3046875,
        "max": 2224.24023438,
        "mean": 48.371295929,
        "median": 11.5020980835,
        "min": -1.94640791416,
        "stdev": 143.129074097,
        "var": 20485.9316406
    },
    "melbands_skewness": {
        "dmean": 1.23651754856,
        "dmean2": 1.78898489475,
        "dvar": 3.3141541481,
        "dvar2": 6.84151649475,
        "max": 35.9757575989,
        "mean": 4.23556041718,
        "median": 3.05110883713,
        "min": -6.07427120209,
        "stdev": 3.86145997047,
        "var": 14.9108734131
    },
    "melbands_spread": {
        "dmean": 9.37096309662,
        "dmean2": 14.6669740677,
        "dvar": 176.326034546,
        "dvar2": 390.729492188,
        "max": 199.520980835,
        "mean": 26.2624855042,
        "median": 21.7261486053,
        "min": 0.112053178251,
        "stdev": 21.6431179047,
        "var": 468.424530029
    },
    "pitch_salience": {
        "dmean": 0.0837294012308,
        "dmean2": 0.124048955739,
        "dvar": 0.00714776013047,
        "dvar2": 0.01478803996,
        "max": 0.986109972,
        "mean": 0.437603652477,
        "median": 0.469378530979,
        "min": 0.00850547291338,
        "stdev": 0.177083283663,
        "var": 0.0313584879041
    },
    "silence_rate_20dB": {
        "dmean": 0,
        "dmean2": 0,
        "dvar": 0,
        "dvar2": 0,
        "max": 1,
        "mean": 1,
        "median": 1,
        "min": 1,
        "stdev": 0,
        "var": 0
    },
    "silence_rate_30dB": {
        "dmean": 0.00911872368306,
        "dmean2": 0.0182385407388,
        "dvar": 0.00903595983982,
        "dvar2": 0.0260681249201,
        "max": 1,
        "mean": 0.994841039181,
        "median": 1,
        "min": 0,
        "stdev": 0.0716329142451,
        "var": 0.00513127492741
    },
    "silence_rate_60dB": {
        "dmean": 0.0141580179334,
        "dmean2": 0.0283177345991,
        "dvar": 0.0139555791393,
        "dvar2": 0.0305089503527,
        "max": 1,
        "mean": 0.0592681467533,
        "median": 0,
        "min": 0,
        "stdev": 0.236156761646,
        "var": 0.0557700172067
    },
    "spectral_centroid": {
        "dmean": 306.61114502,
        "dmean2": 448.80255127,
        "dvar": 135728.46875,
        "dvar2": 267154.03125,
        "max": 11305.1962891,
        "mean": 1793.97058105,
        "median": 1811.87573242,
        "min": 70.196723938,
        "stdev": 780.273742676,
        "var": 608827.125
    },
    "spectral_complexity": {
        "dmean": 4.61719369888,
        "dmean2": 7.58819293976,
        "dvar": 26.1364078522,
        "dvar2": 65.7682647705,
        "max": 57,
        "mean": 24.0019187927,
        "median": 26,
        "min": 0,
        "stdev": 11.2249574661,
        "var": 125.999671936
    },
    "spectral_decrease": {
        "dmean": 3.10038128504e-09,
        "dmean2": 4.32847313547e-09,
        "dvar": 1.08346904231e-17,
        "dvar2": 2.37588539627e-17,
        "max": 6.67646305084e-29,
        "mean": -1.08884767869e-08,
        "median": -9.65910018635e-09,
        "min": -3.16792210242e-08,
        "stdev": 7.1244912192e-09,
        "var": 5.07583732636e-17
    },
    "spectral_energy": {
        "dmean": 0.0119833564386,
        "dmean2": 0.0168526638299,
        "dvar": 0.000157181028044,
        "dvar2": 0.000341374281561,
        "max": 0.124082870781,
        "mean": 0.0440751723945,
        "median": 0.0402114614844,
        "min": 1.0199868006e-20,
        "stdev": 0.0277076791972,
        "var": 0.000767715508118
    },
    "spectral_energyband_high": {
        "dmean": 0.000927103566937,
        "dmean2": 0.0013795044506,
        "dvar": 2.24323412112e-06,
        "dvar2": 4.64263348476e-06,
        "max": 0.0318213365972,
        "mean": 0.00237135426141,
        "median": 0.00177975464612,
        "min": 6.96049463347e-21,
        "stdev": 0.00239306385629,
        "var": 5.72675480726e-06
    },
    "spectral_energyband_low": {
        "dmean": 0.011660519056,
        "dmean2": 0.0169231854379,
        "dvar": 0.000217927270569,
        "dvar2": 0.000436752598034,
        "max": 0.113947249949,
        "mean": 0.026706725359,
        "median": 0.0169136747718,
        "min": 5.34547800378e-23,
        "stdev": 0.0261519998312,
        "var": 0.000683927093633
    },
    "spectral_energyband_middle_high": {
        "dmean": 0.0020253828261,
        "dmean2": 0.00327859260142,
        "dvar": 8.98258713278e-06,
        "dvar2": 2.1725489205e-05,
        "max": 0.0541163124144,
        "mean": 0.00616379780695,
        "median": 0.00397007213905,
        "min": 1.25157334025e-21,
        "stdev": 0.00667023053393,
        "var": 4.44919751317e-05
    },
    "spectral_energyband_middle_low": {
        "dmean": 0.00478201406077,
        "dmean2": 0.00689804228023,
        "dvar": 6.48363275104e-05,
        "dvar2": 0.000117165160191,
        "max": 0.0821828618646,
        "mean": 0.0100951669738,
        "median": 0.00522467494011,
        "min": 2.2238827004e-22,
        "stdev": 0.0116217434406,
        "var": 0.000135064925416
    },
    "spectral_entropy": {
        "dmean": 0.141659095883,
        "dmean2": 0.197583660483,
        "dvar": 0.044073741883,
        "dvar2": 0.0726859644055,
        "max": 9.80595302582,
        "mean": 7.97298383713,
        "median": 8.09282302856,
        "min": 4.1939907074,
        "stdev": 0.502984523773,
        "var": 0.252993434668
    },
    "spectral_flux": {
        "dmean": 0.0281130056828,
        "dmean2": 0.0393952876329,
        "dvar": 0.000730296538677,
        "dvar2": 0.00140860618558,
        "max": 0.290333271027,
        "mean": 0.105220839381,
        "median": 0.0909193232656,
        "min": 6.86743162337e-11,
        "stdev": 0.0589136891067,
        "var": 0.00347082270309
    },
    "spectral_kurtosis": {
        "dmean": 0.859182715416,
        "dmean2": 1.38724064827,
        "dvar": 2.7791326046,
        "dvar2": 7.04488945007,
        "max": 39.679069519,
        "mean": 2.63601255417,
        "median": 2.03569459915,
        "min": -1.23950994015,
        "stdev": 2.63367843628,
        "var": 6.93626213074
    },
    "spectral_rms": {
        "dmean": 0.000878630497027,
        "dmean2": 0.00122295180336,
        "dvar": 7.46723458178e-07,
        "dvar2": 1.54495489824e-06,
        "max": 0.0110025657341,
        "mean": 0.0061265300028,
        "median": 0.00626344094053,
        "min": 3.15453500994e-12,
        "stdev": 0.00233790930361,
        "var": 5.46581986782e-06
    },
    "spectral_rolloff": {
        "dmean": 809.541931152,
        "dmean2": 1337.29736328,
        "dvar": 1763565.375,
        "dvar2": 3986362.25,
        "max": 19121.484375,
        "mean": 1652.29724121,
        "median": 1119.7265625,
        "min": 43.06640625,
        "stdev": 1850.73034668,
        "var": 3425203
    },
    "spectral_skewness": {
        "dmean": 0.141364082694,
        "dmean2": 0.221244513988,
        "dvar": 0.0367095582187,
        "dvar2": 0.0805691629648,
        "max": 5.29011249542,
        "mean": 1.25384640694,
        "median": 1.17931175232,
        "min": -0.0253917146474,
        "stdev": 0.40892636776,
        "var": 0.167220771313
    },
    "spectral_spread": {
        "dmean": 588210.625,
        "dmean2": 855285.625,
        "dvar": 606299029504,
        "dvar2": 1.07029712077e+12,
        "max": 41987260,
        "mean": 5943556,
        "median": 5928786,
        "min": 1390561.375,
        "stdev": 1693632.875,
        "var": 2.86839249306e+12
    },
    "spectral_strongpeak": {
        "dmean": 0.389948010445,
        "dmean2": 0.667948722839,
        "dvar": 0.746036887169,
        "dvar2": 1.90882980824,
        "max": 18.1157417297,
        "mean": 0.756409645081,
        "median": 0.440087735653,
        "min": 0,
        "stdev": 1.07493448257,
        "var": 1.15548408031
    },
    "zerocrossingrate": {
        "dmean": 0.0149478679523,
        "dmean2": 0.0178102254868,
        "dvar": 0.000305431924062,
        "dvar2": 0.000399039650802,
        "max": 0.68212890625,
        "mean": 0.0728629305959,
        "median": 0.0693359375,
        "min": 0.001953125,
        "stdev": 0.0443629659712,
        "var": 0.00196807272732
    },
    "barkbands": {
        "dmean": [0.00053117814241, 0.0100899999961, 0.00479672523215, 0.00261438102461, 0.00251248269342, 0.000795666477643, 0.000540913431905, 0.000439291790826, 0.000652826449368, 0.000515039719176, 0.000262966437731, 0.00075534573989, 0.000413181085605, 0.000438431743532, 0.00019011880795, 0.000270976306638, 0.00019611256721, 0.000201078961254, 0.000197051820578, 0.000209227204323, 0.000190239370568, 0.000173783817445, 0.000183140364243, 0.000204177689739, 0.00019342644373, 8.57408595039e-05, 3.27045631821e-06],
        "dmean2": [0.00077290891204, 0.0144061148167, 0.0070492234081, 0.00458505796269, 0.00420192535967, 0.00125901261345, 0.000801042595413, 0.0006634069141, 0.000997560680844, 0.000819355598651, 0.000406984239817, 0.00119055714458, 0.000682103040162, 0.000731367967092, 0.000324491993524, 0.000465314631583, 0.000342832325259, 0.000352953968104, 0.000333499279805, 0.000342591432855, 0.000321296945913, 0.000282658962533, 0.000290182826575, 0.000303147011437, 0.000280601583654, 0.000127048610011, 5.34368655281e-06],
        "dvar": [1.18788682357e-06, 0.000167917314684, 0.000146445250721, 5.66737762711e-05, 3.40455917467e-05, 4.49326125818e-06, 3.31481192006e-06, 1.12010786779e-06, 1.71301360297e-06, 1.1449366184e-06, 3.27127452238e-07, 2.52074755736e-06, 8.58055955177e-07, 6.37678681414e-07, 3.79109764026e-07, 2.79920811863e-07, 1.25844948684e-07, 1.22516226497e-07, 1.85476295655e-07, 1.59336082106e-07, 8.73624159681e-08, 9.46732399143e-08, 1.05179431387e-07, 1.29055536036e-07, 2.73040882348e-07, 2.4625338213e-08, 4.76762067325e-11],
        "dvar2": [2.86402996608e-06, 0.000367102795281, 0.000301816384308, 0.000150731691974, 9.0946952696e-05, 9.37026197789e-06, 6.12877192907e-06, 2.19052731154e-06, 3.31591877512e-06, 2.582478146e-06, 5.95089716171e-07, 5.51920948055e-06, 1.8473011778e-06, 1.52065092607e-06, 1.00672673398e-06, 7.44982912693e-07, 3.31452412183e-07, 3.34743475605e-07, 3.70159369822e-07, 3.62109659591e-07, 2.29270966656e-07, 2.21599833594e-07, 2.23443166192e-07, 2.59286252913e-07, 5.79277127599e-07, 5.44247029666e-08, 1.20258941694e-10],
        "max": [0.0122977765277, 0.107433438301, 0.0854133069515, 0.0591030977666, 0.0660372674465, 0.0724501684308, 0.0694743618369, 0.0554581098258, 0.0406037606299, 0.0295805037022, 0.0247124601156, 0.0453304499388, 0.045908998698, 0.0297126844525, 0.0229145176709, 0.0211369991302, 0.00834274943918, 0.00974582601339, 0.0260142441839, 0.014967026189, 0.0107464697212, 0.0143202301115, 0.016087833792, 0.00978309474885, 0.0184445008636, 0.00326311937533, 8.53831588756e-05],
        "mean": [0.000933503441047, 0.0199053809047, 0.00467556668445, 0.00197785394266, 0.00270812259987, 0.00196724757552, 0.0012170157861, 0.000909932423383, 0.00120172905736, 0.00092738121748, 0.000439179537352, 0.00153495324776, 0.000660050311126, 0.000682066660374, 0.000300887710182, 0.000406838749768, 0.000290846714051, 0.000342180603184, 0.000398220814532, 0.000497191911563, 0.000452132662758, 0.000383643025998, 0.000378390657715, 0.000396123999963, 0.000347280001733, 0.000138038871228, 3.4525025967e-06],
        "median": [0.000194607113372, 0.0134365390986, 0.000406886683777, 0.000249816250289, 0.000739676586818, 0.000451341969892, 0.000373784685507, 0.000267564086244, 0.000469609396532, 0.000366250780644, 0.000191421568161, 0.000455739704194, 0.000307211041218, 0.000321876315866, 0.000187866942724, 0.000247641117312, 0.000199903908651, 0.000258082232904, 0.000284614798147, 0.000358700635843, 0.000361027254257, 0.000298090686556, 0.000269102980383, 0.000240084831603, 0.000182217103429, 7.69922771724e-05, 1.34017705022e-06],
        "min": [2.35312017323e-23, 1.82159721266e-23, 3.84829305419e-24, 4.23445072249e-24, 4.37976268776e-23, 2.16915307696e-23, 3.07225382081e-23, 1.57841805908e-23, 3.78798637348e-23, 2.93595127816e-23, 1.93689302049e-23, 5.32157614944e-23, 4.88426511129e-23, 1.28180632716e-22, 1.34859305844e-22, 8.31679012979e-23, 1.19222580712e-22, 2.01938471022e-22, 2.27498599337e-22, 2.15918449414e-22, 3.18518809463e-22, 4.09698230653e-22, 4.22872283501e-22, 7.86530117858e-22, 1.02431435268e-21, 1.40172378704e-21, 1.91105621026e-21],
        "stdev": [0.001544829458, 0.0209835264832, 0.0129486229271, 0.00625034840778, 0.00558594241738, 0.00463108578697, 0.00346656003967, 0.00261176656932, 0.00244267215021, 0.00215145759284, 0.0010231382912, 0.00346046243794, 0.00165245158132, 0.00120218971279, 0.000741808267776, 0.000594899815042, 0.000378853263101, 0.000404368038289, 0.000702277175151, 0.000682362471707, 0.000469804275781, 0.000450105202617, 0.000445701996796, 0.000508336815983, 0.000677373085637, 0.000193716681679, 6.72045780448e-06],
        "var": [2.38649818129e-06, 0.000440308416728, 0.000167666832567, 3.90668537875e-05, 3.12027514155e-05, 2.14469546336e-05, 1.20170379887e-05, 6.82132485963e-06, 5.96664722252e-06, 4.62877005702e-06, 1.04681203084e-06, 1.19748001453e-05, 2.73059617939e-06, 1.44526018175e-06, 5.50279480649e-07, 3.53905790007e-07, 1.43529788943e-07, 1.63513504958e-07, 4.93193226703e-07, 4.65618512635e-07, 2.20716046329e-07, 2.02594691245e-07, 1.98650269567e-07, 2.5840634521e-07, 4.58834307437e-07, 3.75261528518e-08, 4.51645526534e-11]
    },
    "erbbands": {
        "dmean": [0.365019053221, 2.0573759079, 4.90802574158, 7.23401737213, 8.32658958435, 7.89149475098, 4.43471479416, 8.62920379639, 7.91710662842, 7.17658042908, 8.4521484375, 11.3307847977, 18.7829971313, 11.7027549744, 17.5633487701, 20.7365169525, 17.0708694458, 19.0193080902, 15.2022304535, 9.54262065887, 15.0390005112, 11.8667840958, 11.4620170593, 10.3642635345, 8.46235179901, 9.43407726288, 8.64453029633, 7.13547897339, 5.64820623398, 6.05151987076, 5.18527698517, 5.10269165039, 3.12737965584, 2.18829202652, 1.37241101265, 0.504274010658, 0.134461283684, 0.0189958177507, 0.000453767861472, 2.88907740469e-05],
        "dmean2": [0.542464613914, 2.74480962753, 6.45568275452, 11.4548149109, 13.0651988983, 13.7678232193, 7.40954685211, 13.6023578644, 11.6845626831, 10.5954933167, 12.9486713409, 17.7129688263, 28.6681308746, 18.3992767334, 27.1905574799, 32.821472168, 28.1587657928, 31.5483150482, 25.4828262329, 16.4154777527, 25.8810882568, 20.6148796082, 20.1618652344, 17.6782169342, 14.2590999603, 15.4504013062, 14.3811702728, 12.1233234406, 9.2296295166, 9.62762451172, 8.26668643951, 7.88466024399, 4.63902425766, 3.2447681427, 1.99256086349, 0.744425177574, 0.202038347721, 0.0284365992993, 0.00067903927993, 4.20619144279e-05],
        "dvar": [0.284242153168, 7.88120269775, 120.080047607, 361.641235352, 370.746185303, 377.822998047, 103.417167664, 628.104858398, 558.563354492, 533.276550293, 375.248443604, 440.832122803, 1167.53991699, 437.704406738, 1351.26904297, 1675.92663574, 1478.14123535, 1559.40795898, 844.529541016, 775.400085449, 720.620300293, 464.327789307, 385.278808594, 554.16204834, 242.745544434, 309.589080811, 204.347335815, 128.41569519, 79.8608703613, 179.061935425, 72.5840759277, 82.6109390259, 39.2801971436, 42.9271354675, 11.8853855133, 0.990072906017, 0.0575655810535, 0.00119287671987, 7.08059701537e-07, 1.95626626009e-09],
        "dvar2": [0.715182304382, 14.4737825394, 218.769165039, 840.305725098, 878.981994629, 1051.01904297, 239.854293823, 1316.36291504, 1113.81872559, 857.267700195, 721.635253906, 902.409545898, 2409.3203125, 978.339172363, 2785.68115234, 3572.1953125, 3203.90942383, 3717.12988281, 2039.18786621, 2137.54492188, 1898.99230957, 1195.05334473, 1057.78674316, 1068.02307129, 577.201843262, 707.433959961, 526.133056641, 331.890655518, 188.310012817, 368.891784668, 160.545166016, 174.849517822, 81.2205352783, 93.4205932617, 25.6679286957, 2.1825504303, 0.123162135482, 0.00258537847549, 1.53734606556e-06, 4.05148758986e-09],
        "max": [4.08516597748, 26.1019439697, 87.0850219727, 152.245666504, 147.289764404, 203.123550415, 459.047424316, 863.637207031, 807.738891602, 1031.94128418, 1265.95080566, 723.543151855, 802.795410156, 839.991943359, 1062.87451172, 1317.20922852, 2093.51025391, 1653.1920166, 1574.66052246, 899.768859863, 627.743652344, 569.95300293, 429.933807373, 1504.3762207, 604.28314209, 658.895874023, 501.266143799, 500.795135498, 397.858917236, 935.664550781, 260.202819824, 112.778678894, 231.37197876, 228.571670532, 108.189979553, 26.7232589722, 5.17851352692, 0.417217820883, 0.0145355826244, 0.000804424809758],
        "mean": [0.672947764397, 4.03288173676, 5.92665290833, 6.58488464355, 8.10980033875, 8.07584571838, 7.64397192001, 22.1239795685, 20.4451599121, 15.835144043, 17.9851760864, 20.8556232452, 39.5439796448, 23.2860221863, 35.3480567932, 43.9412002563, 31.1130409241, 31.3462581635, 26.1145687103, 16.1956996918, 23.1013507843, 18.8652629852, 19.4105377197, 20.1509513855, 20.405670166, 22.7120513916, 20.0239753723, 15.8720588684, 12.7716093063, 13.1753921509, 10.4892463684, 8.98270702362, 6.20640039444, 4.07621622086, 2.34638810158, 0.821915626526, 0.211990386248, 0.0273845810443, 0.000686315994244, 8.49338175613e-05],
        "median": [0.443291991949, 2.6494910717, 1.17828297615, 1.00452613831, 1.41855406761, 2.54098987579, 2.93489789963, 4.39726114273, 6.12157344818, 5.75394678116, 6.57790374756, 9.75203323364, 16.8248462677, 12.1649885178, 12.2351226807, 15.647600174, 14.6792907715, 14.973118782, 14.6940546036, 11.4375362396, 14.1443881989, 13.2092189789, 14.4038095474, 14.7438869476, 14.8409509659, 16.8701286316, 15.4839792252, 12.7313194275, 10.2253484726, 9.51875209808, 7.50411987305, 5.39242172241, 3.74784708023, 2.21312999725, 1.1803650856, 0.445204108953, 0.117259822786, 0.0141558665782, 0.000374965951778, 7.49062310206e-05],
        "min": [3.22132373011e-22, 3.59738909695e-21, 4.30189050439e-21, 2.35333013518e-20, 3.86496910041e-20, 2.37386592787e-19, 9.90409390674e-20, 2.0264797974e-19, 4.22980150397e-19, 4.6773558462e-19, 6.15047611223e-19, 8.93332210693e-19, 1.04365253809e-18, 1.3854475997e-18, 1.27510408413e-18, 2.59697840766e-18, 2.47736974544e-18, 4.09553582169e-18, 4.37012214834e-18, 6.29786284358e-18, 4.35848164917e-18, 7.16575480434e-18, 9.64746786839e-18, 1.09602208713e-17, 1.08247766634e-17, 1.24872045539e-17, 1.17391015807e-17, 1.27907657766e-17, 1.44133922175e-17, 1.37688415037e-17, 1.23929175446e-17, 1.68923367081e-17, 1.23309294567e-17, 1.17249261866e-17, 7.19099043047e-18, 4.89314638171e-18, 2.91140071863e-18, 9.43688278048e-19, 2.39521726893e-19, 3.18535944784e-20],
        "stdev": [0.7604560256, 4.79225301743, 13.5542860031, 18.281129837, 19.0515136719, 16.9919338226, 20.1334629059, 54.8302459717, 46.6331825256, 45.311088562, 47.0556106567, 36.6422958374, 70.0762176514, 40.2130432129, 74.8099899292, 93.7726974487, 74.5681304932, 62.0781288147, 48.5660667419, 27.3638687134, 30.9320640564, 24.0764827728, 22.5237464905, 37.4248123169, 28.6678409576, 29.3694171906, 22.221572876, 17.3000888824, 13.8181724548, 19.1571292877, 11.4577150345, 11.4925889969, 8.9356918335, 8.33807277679, 4.37420320511, 1.25190865993, 0.295231699944, 0.0410814061761, 0.000996998394839, 6.48020795779e-05],
        "var": [0.578293323517, 22.9656867981, 183.718658447, 334.199707031, 362.960144043, 288.725799561, 405.356292725, 3006.35595703, 2174.65380859, 2053.09472656, 2214.23046875, 1342.65795898, 4910.67578125, 1617.08898926, 5596.53466797, 8793.31933594, 5560.40576172, 3853.69384766, 2358.6628418, 748.781311035, 956.792602539, 579.677001953, 507.31918335, 1400.61645508, 821.845153809, 862.562683105, 493.798278809, 299.293060303, 190.941879272, 366.995574951, 131.27923584, 132.079605103, 79.8465881348, 69.5234603882, 19.1336555481, 1.56727540493, 0.0871617496014, 0.0016876818845, 9.9400574527e-07, 4.19930978879e-09]
    },
    "gfcc": {
        "mean": [28.0241298676, 55.91639328, -104.836730957, 42.9898796082, -54.9640769958, 31.1931438446, -29.2304935455, 18.0842514038, -22.8541030884, 12.2427787781, -12.6792011261, 7.65385198593, -8.9152803421],
        "cov": [[11649.6972656, -1075.39916992, -157.09979248, -364.410644531, -717.403625488, 592.975463867, -248.831008911, 594.18951416, -160.803649902, 532.677368164, 0.576174676418, 346.127227783, -83.1932373047], [-1075.39916992, 1322.24169922, -185.399490356, -222.91746521, 17.0091362, -234.248046875, 84.4937820435, -183.57862854, 52.6253585815, -180.698303223, 25.0898265839, -160.025512695, 9.11847877502], [-157.09979248, -185.399490356, 904.75, 354.128143311, 223.151611328, 133.681625366, 97.9042205811, 92.3711242676, 31.8326721191, 34.6130142212, -4.7091999054, 22.9610347748, -16.8882026672], [-364.410644531, -222.91746521, 354.128143311, 527.167602539, 311.234069824, 123.00994873, 131.265548706, 39.5812339783, 63.331237793, -13.0945158005, -2.56380367279, -16.4499797821, -4.02080917358], [-717.403625488, 17.0091362, 223.151611328, 311.234069824, 443.586914062, 178.530822754, 178.257202148, 10.4634418488, 85.6588973999, -11.2408456802, 22.207698822, -19.4629325867, 7.34206438065], [592.975463867, -234.248046875, 133.681625366, 123.00994873, 178.530822754, 289.639984131, 119.762550354, 101.874893188, 42.8883476257, 73.3578720093, 28.95038414, 46.0326194763, 8.35884571075], [-248.831008911, 84.4937820435, 97.9042205811, 131.265548706, 178.257202148, 119.762550354, 263.626159668, 111.985244751, 126.406364441, 52.4430046082, 84.6057434082, 22.2252674103, 34.8608360291], [594.18951416, -183.57862854, 92.3711242676, 39.5812339783, 10.4634418488, 101.874893188, 111.985244751, 203.164916992, 105.396469116, 119.855194092, 71.8192062378, 80.0696258545, 30.9125614166], [-160.803649902, 52.6253585815, 31.8326721191, 63.331237793, 85.6588973999, 42.8883476257, 126.406364441, 105.396469116, 171.486755371, 89.3288116455, 94.5363769531, 41.1559104919, 44.7683906555], [532.677368164, -180.698303223, 34.6130142212, -13.0945158005, -11.2408456802, 73.3578720093, 52.4430046082, 119.855194092, 89.3288116455, 181.180389404, 107.845077515, 99.8657608032, 45.2772064209], [0.576174676418, 25.0898265839, -4.7091999054, -2.56380367279, 22.207698822, 28.95038414, 84.6057434082, 71.8192062378, 94.5363769531, 107.845077515, 145.492980957, 92.2236404419, 63.6487808228], [346.127227783, -160.025512695, 22.9610347748, -16.4499797821, -19.4629325867, 46.0326194763, 22.2252674103, 80.0696258545, 41.1559104919, 99.8657608032, 92.2236404419, 138.81401062, 64.7216033936], [-83.1932373047, 9.11847877502, -16.8882026672, -4.02080917358, 7.34206438065, 8.35884571075, 34.8608360291, 30.9125614166, 44.7683906555, 45.2772064209, 63.6487808228, 64.7216033936, 85.2609786987]],
        "icov": [[0.000235499130213, -0.000379342149245, 0.000185378550668, -0.000416213093558, 0.000524411560036, -0.000777119770646, 0.000450391584309, -0.0008028766606, 0.000660083256662, -0.000906768778805, 0.000680165016092, -0.000622274237685, 0.000524972507264], [-0.000379342149245, 0.00283035240136, -0.000717313727364, 0.00241350289434, -0.00127449061256, 0.00222961138934, -0.00191634369548, 0.00263842381537, -0.00252395262942, 0.00397462630644, -0.00379422632977, 0.00370516907424, -0.00174857338425], [0.000185378550668, -0.000717313727364, 0.00186592084356, -0.00160512654111, 0.000101302022813, -0.000609659648035, 0.000561124819797, -0.00164255523123, 0.00143866857979, -0.0015859749401, 0.00143466575537, -0.00146343559027, 0.00109534966759], [-0.000416213093558, 0.00241350289434, -0.00160512654111, 0.00606701942161, -0.00365503202192, 0.00247604539618, -0.00169927091338, 0.00174554763362, -0.00259068468586, 0.00407431600615, -0.00280091539025, 0.00324387522414, -0.00173697900027], [0.000524411560036, -0.00127449061256, 0.000101302022813, -0.00365503202192, 0.0082892794162, -0.00539380405098, -0.00119191233534, 0.00235314667225, -0.00153375219088, -0.00134573096875, 0.00223999540322, -0.00218389276415, 0.00145042885561], [-0.000777119770646, 0.00222961138934, -0.000609659648035, 0.00247604539618, -0.00539380405098, 0.0103900311515, -0.00369134149514, 0.000327770074364, 0.00043544935761, 0.000984195386991, -0.00105033128057, 0.00158577552065, -0.00133537885267], [0.000450391584309, -0.00191634369548, 0.000561124819797, -0.00169927091338, -0.00119191233534, -0.00369134149514, 0.0120083848014, -0.00750432210043, 0.000135746406158, 0.000563651090488, -0.00371882133186, 0.00190230412409, -8.76118429005e-05], [-0.0008028766606, 0.00263842381537, -0.00164255523123, 0.00174554763362, 0.00235314667225, 0.000327770074364, -0.00750432210043, 0.0195761211216, -0.0102119436488, -9.8382057331e-05, 0.00214623194188, -0.00286888540722, 0.000417179689975], [0.000660083256662, -0.00252395262942, 0.00143866857979, -0.00259068468586, -0.00153375219088, 0.00043544935761, 0.000135746406158, -0.0102119436488, 0.0200712028891, -0.00782029237598, -0.00265499204397, 0.00256494735368, -0.00153786479495], [-0.000906768778805, 0.00397462630644, -0.0015859749401, 0.00407431600615, -0.00134573096875, 0.000984195386991, 0.000563651090488, -9.8382057331e-05, -0.00782029237598, 0.023425001651, -0.0143220964819, 0.0025859256275, -0.00121197511908], [0.000680165016092, -0.00379422632977, 0.00143466575537, -0.00280091539025, 0.00223999540322, -0.00105033128057, -0.00371882133186, 0.00214623194188, -0.00265499204397, -0.0143220964819, 0.0311143156141, -0.016159363091, -8.70893272804e-05], [-0.000622274237685, 0.00370516907424, -0.00146343559027, 0.00324387522414, -0.00218389276415, 0.00158577552065, 0.00190230412409, -0.00286888540722, 0.00256494735368, 0.0025859256275, -0.016159363091, 0.0283626820892, -0.0130322827026], [0.000524972507264, -0.00174857338425, 0.00109534966759, -0.00173697900027, 0.00145042885561, -0.00133537885267, -8.76118429005e-05, 0.000417179689975, -0.00153786479495, -0.00121197511908, -8.70893272804e-05, -0.0130322827026, 0.0238624997437]]
    },
    "melbands": {
        "dmean": [0.00298330560327, 0.00211941380985, 0.00112484127749, 0.000602240383159, 0.000181756666279, 0.000177341906237, 0.000118255527923, 8.70636795298e-05, 6.01908868703e-05, 8.89227594598e-05, 9.96048547677e-05, 5.39295251656e-05, 4.14560890931e-05, 9.41557518672e-05, 4.16421717091e-05, 4.87061515742e-05, 3.49180445482e-05, 3.09909955831e-05, 1.64989705809e-05, 1.60972067533e-05, 1.74483157025e-05, 1.29743966681e-05, 1.0721302715e-05, 1.07577379822e-05, 9.00119539438e-06, 7.40053656045e-06, 7.30222427592e-06, 7.3499568316e-06, 6.78282276567e-06, 4.31321495853e-06, 4.39437962996e-06, 3.45311309502e-06, 3.95383358409e-06, 3.37696610586e-06, 2.76151808976e-06, 4.0028071453e-06, 3.02641024064e-06, 2.27403961617e-06, 2.29115562433e-06, 1.77667345724e-06],
        "dmean2": [0.0042910980992, 0.00251610320993, 0.0016357525019, 0.000992941088043, 0.000309274386382, 0.000277867133263, 0.000174428801984, 0.000128323561512, 9.34202471399e-05, 0.000137075970997, 0.000152317530592, 8.50613505463e-05, 6.37896373519e-05, 0.000147424696479, 6.78812575643e-05, 8.0298690591e-05, 5.81766471441e-05, 5.20819667145e-05, 2.84462967102e-05, 2.76785904134e-05, 3.01020481857e-05, 2.24408631766e-05, 1.89582569874e-05, 1.88944122783e-05, 1.52738994075e-05, 1.24691487144e-05, 1.23043373605e-05, 1.20919794426e-05, 1.13034948299e-05, 7.27832548364e-06, 7.54893017074e-06, 5.75682724957e-06, 6.4998275775e-06, 5.40999917575e-06, 4.50214383818e-06, 6.40170719635e-06, 4.67113886771e-06, 3.43608803632e-06, 3.42914290741e-06, 2.69316865342e-06],
        "dvar": [1.52804386744e-05, 1.24844445963e-05, 6.73165186527e-06, 1.97052963813e-06, 1.72452672587e-07, 2.45638801744e-07, 1.26200916384e-07, 5.4817949291e-08, 1.68698761627e-08, 2.95314404042e-08, 3.31077032456e-08, 1.00011572357e-08, 7.11293779432e-09, 4.31312727756e-08, 1.11702904704e-08, 1.29276758187e-08, 4.91495688593e-09, 3.37647088067e-09, 3.2141220796e-09, 1.62707392004e-09, 9.21954734778e-10, 5.57676460566e-10, 3.95360549854e-10, 4.31873231621e-10, 5.09389419534e-10, 2.20451976118e-10, 2.03063788007e-10, 2.14415513122e-10, 1.61682250921e-10, 4.33931432453e-11, 5.358079605e-11, 2.77934307513e-11, 6.19599857532e-11, 5.63550664467e-11, 1.7630442245e-11, 6.09663222684e-11, 2.57689963118e-11, 1.77254912137e-11, 3.63947830206e-11, 3.15310728916e-11],
        "dvar2": [3.71118003386e-05, 1.79610342457e-05, 1.35535865411e-05, 5.1376259762e-06, 4.2715038262e-07, 5.11786595325e-07, 2.48989806551e-07, 9.24329555119e-08, 3.30762297551e-08, 5.8368488709e-08, 6.90425210337e-08, 2.26052421226e-08, 1.35320634698e-08, 9.54114582896e-08, 2.41229258791e-08, 2.81045799966e-08, 1.17730278859e-08, 8.12359868263e-09, 8.83169271049e-09, 4.35857883119e-09, 2.42037123677e-09, 1.38753908363e-09, 1.10154541044e-09, 1.17552012568e-09, 9.33593313768e-10, 4.8854853496e-10, 5.02030639282e-10, 5.0693538256e-10, 4.19183160405e-10, 1.15604428808e-10, 1.39854280934e-10, 6.98009358646e-11, 1.50552431633e-10, 1.10476780502e-10, 4.06522072949e-11, 1.42880138276e-10, 5.22812695913e-11, 3.73437565593e-11, 8.06758548855e-11, 7.00694918754e-11],
        "max": [0.0310989953578, 0.0322756096721, 0.0207564905286, 0.0117786154151, 0.0159516129643, 0.0169262178242, 0.0116022517905, 0.00925534777343, 0.00831282325089, 0.00502466084436, 0.00433799717575, 0.00310375075787, 0.00363770639524, 0.00585756544024, 0.00539538357407, 0.00612018723041, 0.00297992583364, 0.00261940807104, 0.002146062674, 0.00201697135344, 0.000513375212904, 0.000740830611903, 0.00036988267675, 0.000766716781072, 0.00153636233881, 0.000680076365825, 0.000627074332442, 0.000580724852625, 0.000471617997391, 0.000255667400779, 0.000304118613712, 0.000194607389858, 0.000399503216613, 0.000547981180716, 0.000174493237864, 7.53208805691e-05, 8.1210375356e-05, 0.000159168717801, 0.000205717689823, 0.000200860493351],
        "mean": [0.00580393150449, 0.00376897421665, 0.00116399896797, 0.000596175843384, 0.00028266289155, 0.000461318268208, 0.000305699184537, 0.000193323081476, 0.000121945493447, 0.000160458803293, 0.000207025645068, 0.000102703037555, 8.2575759734e-05, 0.000179821799975, 7.52210180508e-05, 7.74267537054e-05, 5.40403707419e-05, 4.83095027448e-05, 2.42589630943e-05, 2.37055173784e-05, 2.53674897976e-05, 1.91645194718e-05, 1.62606484082e-05, 1.7213227693e-05, 1.62600081239e-05, 1.50871655933e-05, 1.56378337124e-05, 1.52301454364e-05, 1.3773581486e-05, 9.60875513556e-06, 8.77562160895e-06, 7.00134660292e-06, 7.70632232161e-06, 7.00566033629e-06, 5.65794925933e-06, 6.42493614578e-06, 5.21600031789e-06, 4.40607891505e-06, 3.99513055527e-06, 3.22059463542e-06],
