{
"highlevel": {
    "danceability": {
        "all": {
            "danceable": 0.999999880791,
            "not_danceable": 1.00000008274e-07
        },
        "probability": 0.999999880791,
        "value": "danceable"
    },
    "gender": {
        "all": {
            "female": 0.983993053436,
            "male": 0.0160069465637
        },
        "probability": 0.983993053436,
        "value": "female"
    },
    "genre_electronic": {
        "all": {
            "ambient": 0.454352110624,
            "dnb": 0.0323767289519,
            "house": 0.288827896118,
            "techno": 0.0968644469976,
            "trance": 0.127578794956
        },
        "probability": 0.454352110624,
        "value": "ambient"
    },
    "mood_acoustic": {
        "all": {
            "acoustic": 0.0520507767797,
            "not_acoustic": 0.947949230671
        },
        "probability": 0.947949230671,
        "value": "not_acoustic"
    },
    "mood_aggressive": {
        "all": {
            "aggressive": 0.997299790382,
            "not_aggressive": 0.00270018610172
        },
        "probability": 0.997299790382,
        "value": "aggressive"
    },
    "mood_electronic": {
        "all": {
            "electronic": 0.884026288986,
            "not_electronic": 0.115973718464
        },
        "probability": 0.884026288986,
        "value": "electronic"
    },
    "mood_happy": {
        "all": {
            "happy": 0.5382604599,
            "not_happy": 0.461739569902
        },
        "probability": 0.5382604599,
        "value": "happy"
    },
    "mood_party": {
        "all": {
            "not_party": 0.5,
            "party": 0.5
        },
        "probability": 0.5,
        "value": "not_party"
    },
    "mood_relaxed": {
        "all": {
            "not_relaxed": 0.0486314967275,
            "relaxed": 0.951368510723
        },
        "probability": 0.951368510723,
        "value": "relaxed"
    },
    "mood_sad": {
        "all": {
            "not_sad": 0.00738742435351,
            "sad": 0.992612600327
        },
        "probability": 0.992612600327,
        "value": "sad"
    },
    "moods_mirex": {
        "all": {
            "Cluster1": 0.137992501259,
            "Cluster2": 0.196820750833,
            "Cluster3": 0.206162199378,
            "Cluster4": 0.232503965497,
            "Cluster5": 0.226520583034
        },
        "probability": 0.232503965497,
        "value": "Cluster4"
    },
    "timbre": {
        "all": {
            "bright": 0.99999922514,
            "dark": 7.99813847152e-07
        },
        "probability": 0.99999922514,
        "value": "bright"
    },
    "tonal_atonal": {
        "all": {
            "atonal": 0.096857920289,
            "tonal": 0.903142094612
        },
        "probability": 0.903142094612,
        "value": "tonal"
    },
    "voice_instrumental": {
        "all": {
            "instrumental": 0.974704504013,
            "voice": 0.025295490399
        },
        "probability": 0.974704504013,
        "value": "instrumental"
    }
},
"lowlevel": {
    "average_loudness": 0.733245551586,
    "barkbands_crest": {
        "dmean": 2.77917766571,
        "dmean2": 4.2216925621,
        "dvar": 5.65812158585,
        "dvar2": 12.9866638184,
        "max": 26.9169921875,
        "mean": 12.3788328171,
        "median": 11.8126468658,
        "min": 2.16036510468,
        "stdev": 4.38918304443,
        "var": 19.2649288177
    },
    "barkbands_flatness_db": {
        "dmean": 0.0468427538872,
        "dmean2": 0.0645900219679,
        "dvar": 0.00165542250033,
        "dvar2": 0.00320208026096,
        "max": 1,
        "mean": 0.176491707563,
        "median": 0.162209123373,
        "min": 0.017660100013,
        "stdev": 0.0805696323514,
        "var": 0.0064914659597
    },
    "barkbands_kurtosis": {
        "dmean": 15.1657142639,
        "dmean2": 23.7160511017,
        "dvar": 2394.41455078,
        "dvar2": 6741.94970703,
        "max": 4891.25732422,
        "mean": 20.1717910767,
        "median": 9.26621246338,
        "min": -1.80166602135,
        "stdev": 43.7827758789,
        "var": 1916.93151855
    },
    "barkbands_skewness": {
        "dmean": 1.27158856392,
        "dmean2": 1.944668293,
        "dvar": 1.73809075356,
        "dvar2": 4.02270364761,
        "max": 58.5763778687,
        "mean": 3.33729219437,
        "median": 2.90727376938,
        "min": -3.42390799522,
        "stdev": 2.18046522141,
        "var": 4.75442886353
    },
    "barkbands_spread": {
        "dmean": 9.17567634583,
        "dmean2": 13.8438434601,
        "dvar": 89.0448074341,
        "dvar2": 194.834136963,
        "max": 95.6719436646,
        "mean": 18.6773490906,
        "median": 15.7724246979,
        "min": 0.00306499144062,
        "stdev": 14.0871868134,
        "var": 198.448822021
    },
    "dissonance": {
        "dmean": 0.0166483446956,
        "dmean2": 0.026985000819,
        "dvar": 0.000285131012788,
        "dvar2": 0.000717413553502,
        "max": 0.500000119209,
        "mean": 0.472644478083,
        "median": 0.478544473648,
        "min": 0,
        "stdev": 0.0225816518068,
        "var": 0.0005099310074
    },
    "dynamic_complexity": 3.52354192734,
    "erbbands_crest": {
        "dmean": 2.50837111473,
        "dmean2": 3.93622946739,
        "dvar": 5.31594181061,
        "dvar2": 12.4051218033,
        "max": 35.7714042664,
        "mean": 7.6615228653,
        "median": 6.73764419556,
        "min": 2.08028531075,
        "stdev": 3.62549448013,
        "var": 13.1442098618
    },
    "erbbands_flatness_db": {
        "dmean": 0.02457299456,
        "dmean2": 0.0349233187735,
        "dvar": 0.000590401527006,
        "dvar2": 0.00112883909605,
        "max": 0.3794939816,
        "mean": 0.125212058425,
        "median": 0.116599678993,
        "min": 0.0591980069876,
        "stdev": 0.0378390774131,
        "var": 0.00143179576844
    },
    "erbbands_kurtosis": {
        "dmean": 2.13500928879,
        "dmean2": 3.43048787117,
        "dvar": 25.9042167664,
        "dvar2": 56.0267524719,
        "max": 319.90246582,
        "mean": 0.835477769375,
        "median": -0.369688630104,
        "min": -1.87434983253,
        "stdev": 5.98858785629,
        "var": 35.8631820679
    },
    "erbbands_skewness": {
        "dmean": 0.717625260353,
        "dmean2": 1.04937160015,
        "dvar": 0.564849317074,
        "dvar2": 1.17934954166,
        "max": 16.6366786957,
        "mean": 0.453268349171,
        "median": 0.22790196538,
        "min": -2.80552220345,
        "stdev": 1.10201215744,
        "var": 1.21443068981
    },
    "erbbands_spread": {
        "dmean": 20.7004947662,
        "dmean2": 31.750377655,
        "dvar": 413.715606689,
        "dvar2": 862.855895996,
        "max": 164.641784668,
        "mean": 64.1681594849,
        "median": 58.7740707397,
        "min": 1.86427497864,
        "stdev": 31.3385314941,
        "var": 982.103515625
    },
    "hfc": {
        "dmean": 7.12553024292,
        "dmean2": 10.2322492599,
        "dvar": 101.326530457,
        "dvar2": 192.189483643,
        "max": 138.818572998,
        "mean": 13.5808506012,
        "median": 8.43192863464,
        "min": 1.10122965231e-16,
        "stdev": 15.0527477264,
        "var": 226.585205078
    },
    "loudness_ebu128": {
        "integrated": -20.7605800629,
        "loudness_range": 7.02527618408,
        "momentary": {
            "dmean": 0.602044999599,
            "dmean2": 0.940890610218,
            "dvar": 4.38616418839,
            "dvar2": 6.23093223572,
            "max": -16.6375541687,
            "mean": -21.9446163177,
            "median": -21.4290676117,
            "min": -300.691009521,
            "stdev": 7.86542749405,
            "var": 61.8649520874
        },
        "short_term": {
            "dmean": 0.115018747747,
            "dmean2": 0.142263248563,
            "dvar": 0.020301958546,
            "dvar2": 0.0180439949036,
            "max": -17.5668544769,
            "mean": -21.4756202698,
            "median": -21.4756278992,
            "min": -42.8445510864,
            "stdev": 2.6070394516,
            "var": 6.79665470123
        }
    },
    "melbands_crest": {
        "dmean": 3.13557958603,
        "dmean2": 4.88418197632,
        "dvar": 7.59170913696,
        "dvar2": 18.7647342682,
        "max": 40,
        "mean": 17.5281791687,
        "median": 17.3219604492,
        "min": 1.75001323223,
        "stdev": 4.89568519592,
        "var": 23.9677333832
    },
    "melbands_flatness_db": {
        "dmean": 0.0558745749295,
        "dmean2": 0.0772445872426,
        "dvar": 0.00222355872393,
        "dvar2": 0.00438230903819,
        "max": 1,
        "mean": 0.26361361146,
        "median": 0.250429689884,
        "min": 0.0037636149209,
        "stdev": 0.0942030847073,
        "var": 0.0088742217049
    },
    "melbands_kurtosis": {
        "dmean": 194969.34375,
        "dmean2": 388398.71875,
        "dvar": 4.41853686055e+14,
        "dvar2": 8.80270592967e+14,
        "max": 2302624000,
        "mean": 387613.53125,
        "median": 37.4853057861,
        "min": -1.39453530312,
        "stdev": 29782214,
        "var": 8.86980271407e+14
    },
    "melbands_skewness": {
        "dmean": 4.7272195816,
        "dmean2": 8.5990152359,
        "dvar": 100859.601562,
        "dvar2": 201440.828125,
        "max": 34592.5429688,
        "mean": 11.4480352402,
        "median": 4.95885944366,
        "min": -0.595417201519,
        "stdev": 449.51272583,
        "var": 202061.6875
    },
    "melbands_spread": {
        "dmean": 6.75541257858,
        "dmean2": 10.45399189,
        "dvar": 62.0733909607,
        "dvar2": 147.313964844,
        "max": 148.716888428,
        "mean": 13.1019430161,
        "median": 8.91181850433,
        "min": 8.39897573712e-09,
        "stdev": 12.9373159409,
        "var": 167.374145508
    },
    "pitch_salience": {
        "dmean": 0.0953839570284,
        "dmean2": 0.15103019774,
        "dvar": 0.00667663896456,
        "dvar2": 0.0163292214274,
        "max": 0.96244764328,
        "mean": 0.485717028379,
        "median": 0.502271354198,
        "min": 1.64761422639e-05,
        "stdev": 0.135498568416,
        "var": 0.018359862268
    },
    "silence_rate_20dB": {
        "dmean": 0.0212486777455,
        "dmean2": 0.0424991548061,
        "dvar": 0.0207998864353,
        "dvar2": 0.0594119727612,
        "max": 1,
        "mean": 0.988106310368,
        "median": 1,
        "min": 0,
        "stdev": 0.108414016664,
        "var": 0.0117535982281
    },
    "silence_rate_30dB": {
        "dmean": 0.0453756600618,
        "dmean2": 0.0907551646233,
        "dvar": 0.0433196350932,
        "dvar2": 0.0831783786416,
        "max": 1,
        "mean": 0.926775574684,
        "median": 1,
        "min": 0,
        "stdev": 0.260513454676,
        "var": 0.067867256701
    },
    "silence_rate_60dB": {
        "dmean": 0.000169312173966,
        "dmean2": 0.000338638667017,
        "dvar": 0.000169254824868,
        "dvar2": 0.000338466692483,
        "max": 1,
        "mean": 0.00546008627862,
        "median": 0,
        "min": 0,
        "stdev": 0.0736903771758,
        "var": 0.00543027138337
    },
    "spectral_centroid": {
        "dmean": 467.947692871,
        "dmean2": 707.809753418,
        "dvar": 201353.359375,
        "dvar2": 455601.8125,
        "max": 11726.8974609,
        "mean": 1161.81848145,
        "median": 1064.97106934,
        "min": 145.623977661,
        "stdev": 745.576049805,
        "var": 555883.625
    },
    "spectral_complexity": {
        "dmean": 4.47576713562,
        "dmean2": 6.86107349396,
        "dvar": 31.9000663757,
        "dvar2": 67.733833313,
        "max": 58,
        "mean": 12.6586809158,
        "median": 10,
        "min": 0,
        "stdev": 9.75258922577,
        "var": 95.112991333
    },
    "spectral_decrease": {
        "dmean": 5.84284665095e-09,
        "dmean2": 8.32247248894e-09,
        "dvar": 2.14722362438e-16,
        "dvar2": 4.09784587245e-16,
        "max": 5.29636435459e-27,
        "mean": -1.00978265749e-08,
        "median": -4.88882401228e-09,
        "min": -1.82257124948e-07,
        "stdev": 1.79049468585e-08,
        "var": 3.20587147459e-16
    },
    "spectral_energy": {
        "dmean": 0.0225028861314,
        "dmean2": 0.0320177897811,
        "dvar": 0.00312476372346,
        "dvar2": 0.00594356190413,
        "max": 0.695434987545,
        "mean": 0.0393432937562,
        "median": 0.0195123981684,
        "min": 1.01536355567e-20,
        "stdev": 0.068588770926,
        "var": 0.00470441952348
    },
    "spectral_energyband_high": {
        "dmean": 0.000465764838737,
        "dmean2": 0.000703609315678,
        "dvar": 3.5698371903e-07,
        "dvar2": 7.91348156781e-07,
        "max": 0.00739495223388,
        "mean": 0.000671176530886,
        "median": 0.000456863315776,
        "min": 6.078644698e-23,
        "stdev": 0.00074349733768,
        "var": 5.52788321784e-07
    },
    "spectral_energyband_low": {
        "dmean": 0.0199640002102,
        "dmean2": 0.0297911968082,
        "dvar": 0.00327992928214,
        "dvar2": 0.00683794775978,
        "max": 0.683245897293,
        "mean": 0.0288119167089,
        "median": 0.0104379002005,
        "min": 2.59082542099e-23,
        "stdev": 0.0636295005679,
        "var": 0.00404871348292
    },
    "spectral_energyband_middle_high": {
        "dmean": 0.00141176301986,
        "dmean2": 0.00211263541132,
        "dvar": 6.87834381097e-06,
        "dvar2": 1.45826852531e-05,
        "max": 0.0465712472796,
        "mean": 0.00255189975724,
        "median": 0.000905503635295,
        "min": 1.15220624969e-21,
        "stdev": 0.00392496399581,
        "var": 1.54053414008e-05
    },
    "spectral_energyband_middle_low": {
        "dmean": 0.00598212424666,
        "dmean2": 0.00996604841202,
        "dvar": 0.000192980209249,
        "dvar2": 0.000525275303517,
        "max": 0.170449480414,
        "mean": 0.00858496874571,
        "median": 0.00402424484491,
        "min": 2.23806982736e-22,
        "stdev": 0.0134969502687,
        "var": 0.000182167656021
    },
    "spectral_entropy": {
        "dmean": 0.377521812916,
        "dmean2": 0.522656202316,
        "dvar": 0.120707578957,
        "dvar2": 0.226560622454,
        "max": 9.81927776337,
        "mean": 7.58606624603,
        "median": 7.71745681763,
        "min": 4.76975250244,
        "stdev": 0.529550015926,
        "var": 0.280423223972
    },
    "spectral_flux": {
        "dmean": 0.0355239138007,
        "dmean2": 0.0498778671026,
        "dvar": 0.00361944409087,
        "dvar2": 0.00508621102199,
        "max": 0.69728320837,
        "mean": 0.0931110158563,
        "median": 0.0611916929483,
        "min": 3.83473331214e-12,
        "stdev": 0.100332565606,
        "var": 0.0100666237995
    },
    "spectral_kurtosis": {
        "dmean": 1.43415474892,
        "dmean2": 2.25734090805,
        "dvar": 5.28011274338,
        "dvar2": 12.7179603577,
        "max": 62.4400787354,
        "mean": 2.51514554024,
        "median": 2.00006103516,
        "min": -1.24020850658,
        "stdev": 2.39437556267,
        "var": 5.73303461075
    },
    "spectral_rms": {
        "dmean": 0.00130240956787,
        "dmean2": 0.00181944959331,
        "dvar": 4.04068396165e-06,
        "dvar2": 6.35094511381e-06,
        "max": 0.0260475166142,
        "mean": 0.0052469773218,
        "median": 0.0043630823493,
        "min": 3.14737754088e-12,
        "stdev": 0.00329435593449,
        "var": 1.0852781088e-05
    },
    "spectral_rolloff": {
        "dmean": 446.685302734,
        "dmean2": 764.689880371,
        "dvar": 703958.125,
        "dvar2": 1797096.125,
        "max": 20650.3417969,
        "mean": 727.053649902,
        "median": 279.931640625,
        "min": 21.533203125,
        "stdev": 1108.24108887,
        "var": 1228198.25
    },
    "spectral_skewness": {
        "dmean": 0.33243355155,
        "dmean2": 0.481808125973,
        "dvar": 0.118056349456,
        "dvar2": 0.264402747154,
        "max": 6.48251676559,
        "mean": 1.25713729858,
        "median": 1.20029211044,
        "min": -0.074068531394,
        "stdev": 0.446489959955,
        "var": 0.199353292584
    },
    "spectral_spread": {
        "dmean": 896851.0625,
        "dmean2": 1329118.375,
        "dvar": 841474703360,
        "dvar2": 1.67065065882e+12,
        "max": 47825044,
        "mean": 5847862,
        "median": 5719972.5,
        "min": 1318302.125,
        "stdev": 1946540.75,
        "var": 3.78902072525e+12
    },
    "spectral_strongpeak": {
        "dmean": 0.239963516593,
        "dmean2": 0.395135223866,
        "dvar": 0.196127414703,
        "dvar2": 0.506615877151,
        "max": 8.02230644226,
        "mean": 0.423431098461,
        "median": 0.300426244736,
        "min": 0,
        "stdev": 0.468596041203,
        "var": 0.219582259655
    },
    "zerocrossingrate": {
        "dmean": 0.0137203410268,
        "dmean2": 0.016829084605,
        "dvar": 0.000158198192366,
        "dvar2": 0.000267113355221,
        "max": 0.521484375,
        "mean": 0.0440455265343,
        "median": 0.04052734375,
        "min": 0,
        "stdev": 0.0301045309752,
        "var": 0.000906282744836
    },
    "barkbands": {
        "dmean": [0.000145931757288, 0.0141558768228, 0.00950667168945, 0.00290380138904, 0.00254324218258, 0.000877969549038, 0.000409515254432, 0.000197432076675, 0.000399198062951, 0.000248671101872, 0.000322056002915, 0.000271186116152, 0.000182380346814, 0.000219271038077, 0.000114498034236, 0.000125823935377, 0.000118360105262, 0.000104576160084, 0.000104164857476, 0.000166165118571, 8.90114097274e-05, 0.000106359715573, 0.000132388362545, 6.13538359175e-05, 3.56072159775e-05, 1.22328256111e-05, 1.6809351564e-06],
        "dmean2": [0.000217560707824, 0.0220666639507, 0.0169302951545, 0.00518673565239, 0.00434241071343, 0.00131971365772, 0.000633758958429, 0.000293990364298, 0.000579561572522, 0.000389091641409, 0.000502196780872, 0.000424512225436, 0.000286347669316, 0.00035448995186, 0.000180466231541, 0.000198703026399, 0.000185907600098, 0.000163077551406, 0.000166043857462, 0.000272256467724, 0.000137148512295, 0.000164400989888, 0.000213119463297, 9.52688933467e-05, 5.44375034224e-05, 1.83336815098e-05, 2.53529697147e-06],
        "dvar": [7.95839909529e-08, 0.00190659309737, 0.00118629680946, 9.91032211459e-05, 2.80136355286e-05, 3.42200064551e-06, 9.94004608401e-07, 2.38022536792e-07, 1.18123250559e-06, 2.85609701223e-07, 8.02921874765e-07, 4.41968325049e-07, 2.73519532357e-07, 2.13285687778e-07, 7.24829121168e-08, 1.0066499101e-07, 5.77700198789e-08, 3.29149685285e-08, 2.54072904937e-08, 4.67803857873e-08, 1.17139302702e-08, 1.63996709546e-08, 5.74864387204e-08, 6.41278896651e-09, 3.12548809056e-09, 3.4443389807e-10, 2.47070627846e-11],
        "dvar2": [1.55341950858e-07, 0.00451566046104, 0.00329367141239, 0.000282767607132, 7.72796556703e-05, 6.74138982504e-06, 2.35840889218e-06, 4.79391303543e-07, 2.37483072851e-06, 6.34410753264e-07, 1.83251358976e-06, 1.05252740923e-06, 6.70691576943e-07, 5.20311346008e-07, 1.67874603108e-07, 2.44434261276e-07, 1.35152234293e-07, 7.59522365001e-08, 5.8146717663e-08, 1.15954776447e-07, 2.92658164369e-08, 3.89845880022e-08, 1.40867726373e-07, 1.32554482946e-08, 7.12484427012e-09, 7.11678549425e-10, 4.98267399562e-11],
        "max": [0.00554230576381, 0.466893315315, 0.388286173344, 0.1255710572, 0.087654940784, 0.0317435972393, 0.0144096333534, 0.0206134151667, 0.0211886074394, 0.0132735045627, 0.018784455955, 0.0159138031304, 0.0256747193635, 0.00902145635337, 0.0073184221983, 0.0146366134286, 0.00581619562581, 0.00416805408895, 0.00249895220622, 0.00328684248962, 0.00203482131474, 0.00183904275764, 0.0021770526655, 0.00130318896845, 0.00083436089335, 0.000345890381141, 0.00012230646098],
        "mean": [0.000218612534809, 0.0183904767036, 0.00896899960935, 0.00263885362074, 0.00322222523391, 0.00132717029192, 0.000531021098141, 0.00027964648325, 0.00051236350555, 0.000309206865495, 0.000400452176109, 0.000371227186406, 0.000259843305685, 0.000259242282482, 0.000165528384969, 0.000208022043807, 0.000198972789804, 0.00017100093828, 0.000146397287608, 0.000198455803911, 0.000123325386085, 0.000125586884678, 0.000138077783049, 0.000105315360997, 5.52458368475e-05, 1.61840071087e-05, 1.85971975952e-06],
        "median": [8.75104306033e-05, 0.00583261344582, 0.00374201918021, 0.000774902640842, 0.00158533803187, 0.000414802168962, 0.00014151284995, 5.23873168277e-05, 6.15656463197e-05, 6.36094337096e-05, 5.66829330637e-05, 5.2654882893e-05, 3.34397627739e-05, 4.07648112741e-05, 2.24407231144e-05, 3.11441472149e-05, 3.66620370187e-05, 4.56883426523e-05, 5.79583283979e-05, 0.000110352659249, 7.70424812799e-05, 7.95284940978e-05, 6.55378753436e-05, 8.53614837979e-05, 3.84087034035e-05, 9.64904847933e-06, 4.14898636336e-07],
        "min": [1.70604305288e-24, 3.61212782069e-24, 1.31130869161e-24, 4.84827640905e-24, 1.23385773629e-23, 1.03015136802e-23, 1.3456906814e-23, 5.81351517419e-24, 3.3395334639e-23, 1.61267828819e-23, 1.75610156269e-23, 2.55311076997e-23, 3.33067992019e-23, 5.43616419127e-23, 4.11350509286e-23, 2.84438661517e-23, 1.7377528158e-23, 1.34191629751e-23, 7.85954504988e-24, 1.01612210791e-23, 1.46117344927e-23, 2.49053800742e-24, 1.86599820927e-24, 1.39530127598e-24, 1.3623957577e-23, 1.52797576844e-23, 7.77047792051e-24],
        "stdev": [0.000400304357754, 0.0437650345266, 0.0275573022664, 0.00785785354674, 0.00525062484667, 0.00260384893045, 0.00120119785424, 0.000728362530936, 0.00138268608134, 0.000670581648592, 0.00105703261215, 0.00086516403826, 0.000650090980344, 0.00054694339633, 0.00042246596422, 0.000472094747238, 0.000373601331376, 0.000288143142825, 0.000222458838834, 0.000242117559537, 0.000147109254613, 0.000150933818077, 0.0002302176581, 0.000113138485176, 6.78968062857e-05, 2.22559683607e-05, 6.01312103754e-06],
        "var": [1.60243587288e-07, 0.0019153781468, 0.000759404909331, 6.17458572378e-05, 2.75690599665e-05, 6.78002970744e-06, 1.44287639614e-06, 5.3051201121e-07, 1.91182084563e-06, 4.49679731673e-07, 1.11731787911e-06, 7.48508853121e-07, 4.22618313678e-07, 2.99147103533e-07, 1.78477492341e-07, 2.22873438815e-07, 1.39577963409e-07, 8.30264639262e-08, 4.94879337509e-08, 5.86209125686e-08, 2.16411315535e-08, 2.27810161846e-08, 5.30001678101e-08, 1.28003172506e-08, 4.60997595653e-09, 4.9532811186e-10, 3.61576220353e-11]
    },
    "erbbands": {
        "dmean": [0.2562327981, 3.7741765976, 11.0023555756, 9.33111000061, 9.57644557953, 8.62528514862, 6.72528982162, 7.15657281876, 6.17620706558, 4.32961988449, 5.75378227234, 8.98397731781, 6.34788799286, 10.0326080322, 12.4050273895, 10.7844438553, 8.54913520813, 11.6017742157, 6.75481462479, 5.95084381104, 6.20450782776, 6.77622699738, 5.81882476807, 5.32562017441, 6.21624279022, 7.79825878143, 4.25886154175, 3.34842514992, 3.95136809349, 3.73808956146, 3.73240685463, 1.78891599178, 0.78573346138, 0.489491939545, 0.214393272996, 0.0758564919233, 0.0196219030768, 0.00245185988024, 0.000323791900882, 4.04001766583e-05],
        "dmean2": [0.364661157131, 6.01263523102, 18.8922405243, 16.565530777, 16.64112854, 14.6118631363, 10.202881813, 10.7845239639, 9.73832035065, 6.40762090683, 8.31565952301, 13.0729913712, 9.56513404846, 15.483373642, 19.4505786896, 16.8220214844, 13.2882118225, 18.6074180603, 10.5777101517, 9.31185340881, 9.75646591187, 10.6222419739, 9.03664207458, 8.33231449127, 10.203453064, 12.778470993, 6.63912296295, 5.16617441177, 6.23647880554, 5.78586530685, 6.05352735519, 2.8104467392, 1.20432376862, 0.788033783436, 0.318422317505, 0.113497547805, 0.0293112508953, 0.00369188166223, 0.000487183453515, 5.75899102842e-05],
        "dvar": [0.506352245808, 143.135284424, 1414.6270752, 1124.25439453, 637.528320312, 285.383605957, 167.973175049, 325.240478516, 239.484695435, 91.1160430908, 260.416564941, 605.889160156, 213.054153442, 543.285217285, 1492.09094238, 804.037475586, 535.616455078, 603.929199219, 226.062347412, 197.308395386, 199.682434082, 196.712890625, 108.897918701, 87.2435531616, 68.045753479, 113.483299255, 24.8430137634, 17.6177978516, 23.2819690704, 26.3279056549, 49.2803611755, 5.55981397629, 1.30085408688, 0.619757831097, 0.103292495012, 0.0116753550246, 0.000932762690354, 3.08689850499e-05, 7.70106282744e-07, 7.91400989186e-09],
        "dvar2": [1.07257306576, 344.656646729, 3744.59033203, 3118.25048828, 1789.75561523, 791.88293457, 366.982818604, 616.346740723, 601.836364746, 190.833267212, 505.678833008, 1224.77941895, 447.884002686, 1187.23950195, 3433.39575195, 1928.49438477, 1289.05004883, 1468.62255859, 522.472717285, 465.054229736, 474.302246094, 461.781951904, 249.402770996, 197.969207764, 163.845428467, 285.603424072, 60.034488678, 43.3456764221, 58.141910553, 60.0843544006, 121.321960449, 11.9438285828, 2.74361205101, 1.4675347805, 0.219908207655, 0.0243989154696, 0.00190397212282, 6.54709874652e-05, 1.58014677254e-06, 1.46340513041e-08],
        "max": [7.96520328522, 128.068756104, 478.8331604, 313.121368408, 352.316955566, 274.684783936, 299.479034424, 345.205871582, 259.465393066, 354.731292725, 350.316345215, 516.47668457, 339.433258057, 612.602844238, 910.802490234, 923.090332031, 1027.22058105, 462.863861084, 352.365966797, 461.633636475, 483.238677979, 353.57333374, 270.964599609, 165.996780396, 156.568435669, 185.032043457, 97.1811828613, 77.2311325073, 73.7417755127, 55.0478057861, 61.2192306519, 35.6275482178, 19.6800384521, 10.9896707535, 6.08245134354, 1.98727440834, 0.61621171236, 0.122794747353, 0.0215306058526, 0.001941972645],
        "mean": [0.368827849627, 4.62020397186, 11.6427659988, 8.67294406891, 10.5986700058, 10.8305931091, 10.4792346954, 10.7427759171, 7.91051101685, 6.45403575897, 7.95929002762, 11.5962486267, 8.72151947021, 12.921833992, 15.7402200699, 15.1640892029, 13.0000572205, 14.4080915451, 9.17688083649, 10.0195484161, 10.9208564758, 11.7804660797, 9.91690254211, 8.1946516037, 7.68287372589, 9.51158046722, 5.76258468628, 4.62993431091, 4.39258909225, 4.49486875534, 3.9478199482, 2.86388611794, 1.19115161896, 0.736457943916, 0.325132161379, 0.10818015039, 0.0244278144091, 0.00285981898196, 0.000370979483705, 6.45258478471e-05],
        "median": [0.14628225565, 1.31273055077, 4.40165615082, 2.92599821091, 4.29805755615, 5.22637748718, 4.22168540955, 3.29500961304, 2.45148468018, 1.41715908051, 1.2773475647, 1.43860387802, 1.90862667561, 2.56278824806, 2.60187077522, 2.41232442856, 2.07959270477, 2.69647121429, 1.82132959366, 1.60754215717, 2.09493398666, 2.35504794121, 2.53439903259, 2.83141160011, 3.47025179863, 5.47402954102, 3.7138864994, 2.85172653198, 2.5739133358, 2.67577838898, 1.93557524681, 2.2616276741, 0.774366497993, 0.555009782314, 0.199008136988, 0.069891706109, 0.0131795201451, 0.0010381937027, 0.000106922525447, 3.10634932248e-05],
        "min": [1.14585252414e-22, 8.34597874059e-22, 2.29768822377e-21, 1.1488303592e-20, 2.30573816939e-20, 3.18833471311e-20, 3.61139365246e-20, 1.26481873945e-19, 1.7697618386e-19, 1.80935302916e-19, 2.64148651488e-19, 6.43820158253e-19, 1.01560191294e-18, 1.17026804047e-18, 9.75845337951e-19, 1.640320041e-18, 1.85678783063e-18, 2.52749751095e-18, 2.19863076532e-18, 2.89509574799e-18, 3.12291038767e-18, 4.27162685767e-18, 4.46704620944e-18, 5.04115753102e-18, 9.08069363884e-18, 9.39460785412e-18, 1.0830989617e-17, 1.13520827973e-17, 9.15555182991e-18, 1.16273238374e-17, 1.35486700129e-17, 1.30873191252e-17, 1.08247841081e-17, 9.57368170339e-18, 6.75039722669e-18, 4.60898006279e-18, 2.30450471385e-18, 1.01673690814e-18, 2.46430365219e-19, 3.10717860149e-20],
        "stdev": [0.820926010609, 11.5699052811, 32.1604499817, 26.8655509949, 21.906288147, 17.400018692, 18.5524349213, 25.1788578033, 16.8509731293, 15.1836338043, 21.8565483093, 31.3625564575, 19.6629581451, 29.8978328705, 44.5008468628, 36.5085716248, 29.8960762024, 29.6892852783, 19.7623348236, 23.4928665161, 22.2224597931, 21.6807804108, 16.9294757843, 13.21251297, 10.4972610474, 11.6967668533, 6.56170845032, 5.64814662933, 5.50180339813, 5.78031682968, 6.64233207703, 3.06663250923, 1.47364747524, 0.905917108059, 0.411072790623, 0.13448266685, 0.0358905419707, 0.00638684304431, 0.00105178868398, 0.000114884227514],
        "var": [0.67391949892, 133.862701416, 1034.29455566, 721.757873535, 479.885467529, 302.760681152, 344.192871094, 633.974914551, 283.955291748, 230.542724609, 477.708709717, 983.609985352, 386.631896973, 893.880371094, 1980.32543945, 1332.87585449, 893.77532959, 881.453674316, 390.54989624, 551.914733887, 493.837677002, 470.056213379, 286.607147217, 174.570510864, 110.192489624, 136.814361572, 43.0560150146, 31.9015598297, 30.2698402405, 33.4120635986, 44.1205749512, 9.40423488617, 2.17163681984, 0.82068580389, 0.168980836868, 0.0180855877697, 0.00128813099582, 4.07917614211e-05, 1.10625944671e-06, 1.31983854956e-08]
    },
    "gfcc": {
        "mean": [-24.0985145569, 85.6094207764, -75.6508560181, 66.949508667, -52.6311264038, 22.7001361847, -32.5942306519, 5.78167867661, -25.3163223267, 2.21663618088, -10.9476547241, 1.56938147545, -9.04879283905],
        "cov": [[8644.38574219, -855.56628418, -1640.79492188, -827.45690918, -108.85068512, 721.210327148, -189.733444214, 407.035858154, -186.497772217, -0.700884103775, -172.272155762, 109.049438477, -97.8873519897], [-855.56628418, 987.827026367, -13.0047922134, -138.903335571, 21.4179039001, -221.41583252, 137.489212036, -123.03730011, 85.6029434204, -73.1274871826, 69.167427063, -55.5978660583, 64.5180969238], [-1640.79492188, -13.0047922134, 1131.09228516, 468.090576172, -150.20223999, -198.104766846, -13.4729509354, -56.3375282288, 45.7403907776, 54.4437980652, 28.496925354, -49.5969619751, 2.77855300903], [-827.45690918, -138.903335571, 468.090576172, 558.504150391, 76.2689437866, -135.83140564, -49.3219261169, -74.1373062134, 6.21466207504, 43.1683349609, 13.3197383881, -0.0719668418169, -15.2566194534], [-108.85068512, 21.4179039001, -150.20223999, 76.2689437866, 252.144378662, 47.2332839966, 4.66465997696, -36.5832099915, 14.8872089386, -21.2223739624, 13.4516162872, 7.25817680359, 5.01166391373], [721.210327148, -221.41583252, -198.104766846, -135.83140564, 47.2332839966, 243.160949707, 16.5320911407, 61.3292312622, -46.5908622742, 0.0198589954525, -16.1966304779, 22.3337001801, -5.17376041412], [-189.733444214, 137.489212036, -13.4729509354, -49.3219261169, 4.66465997696, 16.5320911407, 135.798782349, -1.07121109962, 3.00207066536, -16.0016803741, 11.7647628784, -5.46647596359, 6.10378217697], [407.035858154, -123.03730011, -56.3375282288, -74.1373062134, -36.5832099915, 61.3292312622, -1.07121109962, 120.405097961, 16.2229175568, 9.68764972687, -12.2165765762, -0.122508496046, -1.53072249889], [-186.497772217, 85.6029434204, 45.7403907776, 6.21466207504, 14.8872089386, -46.5908622742, 3.00207066536, 16.2229175568, 83.6523971558, 15.6092739105, 6.05416679382, -10.4775781631, -0.884683668613], [-0.700884103775, -73.1274871826, 54.4437980652, 43.1683349609, -21.2223739624, 0.0198589954525, -16.0016803741, 9.68764972687, 15.6092739105, 61.0065536499, 21.3529987335, 0.187041029334, -10.7927217484], [-172.272155762, 69.167427063, 28.496925354, 13.3197383881, 13.4516162872, -16.1966304779, 11.7647628784, -12.2165765762, 6.05416679382, 21.3529987335, 59.06067276, 11.5073041916, 10.2790431976], [109.049438477, -55.5978660583, -49.5969619751, -0.0719668418169, 7.25817680359, 22.3337001801, -5.46647596359, -0.122508496046, -10.4775781631, 0.187041029334, 11.5073041916, 60.2570228577, 20.4488525391], [-97.8873519897, 64.5180969238, 2.77855300903, -15.2566194534, 5.01166391373, -5.17376041412, 6.10378217697, -1.53072249889, -0.884683668613, -10.7927217484, 10.2790431976, 20.4488525391, 58.7209892273]],
        "icov": [[0.000259452557657, -0.00019065514789, 0.000312068063067, -0.000120026037621, 0.000298368569929, -0.000564697955269, 0.000483852491016, -0.000585897127166, 0.000314178527333, -0.000257508450886, 0.00046804654994, -0.000361592683475, 0.000456638226751], [-0.00019065514789, 0.00396980950609, 0.000325692701153, 0.000906840839889, 0.000557807798032, 0.00238096620888, -0.00271693780087, 0.00393054401502, -0.00416496070102, 0.00491697527468, -0.00528620742261, 0.00463493494317, -0.00376003235579], [0.000312068063067, 0.000325692701153, 0.00284142442979, -0.00267636729404, 0.00337177980691, -0.00154175690841, 0.000121482800751, 0.000728806189727, -0.00249543273821, 0.00194945768453, -0.00203650607727, 0.00264944019727, -0.00133012281731], [-0.000120026037621, 0.000906840839889, -0.00267636729404, 0.00609519239515, -0.00501798186451, 0.00444938335568, -0.000450212712167, 0.000175593348104, 0.0034965754021, -0.00429882947356, 0.00247976137325, -0.0024400500115, 0.0010636911029], [0.000298368569929, 0.000557807798032, 0.00337177980691, -0.00501798186451, 0.0107202725485, -0.00599389942363, 0.000733926950488, 0.00410775281489, -0.00805262289941, 0.00842225924134, -0.00636304914951, 0.00418556109071, -0.00190811464563], [-0.000564697955269, 0.00238096620888, -0.00154175690841, 0.00444938335568, -0.00599389942363, 0.0124813849106, -0.00380380894057, -0.00217708409764, 0.00582725461572, -0.00385744706728, 0.0015942605678, -0.00129704829305, -0.000827080279123], [0.000483852491016, -0.00271693780087, 0.000121482800751, -0.000450212712167, 0.000733926950488, -0.00380380894057, 0.0108716702089, -0.00254231086001, 0.00137717451435, 0.000516694562975, 0.000264669128228, -0.00172470044345, 0.00274489331059], [-0.000585897127166, 0.00393054401502, 0.000728806189727, 0.000175593348104, 0.00410775281489, -0.00217708409764, -0.00254231086001, 0.0175093449652, -0.0109004620463, 0.00554563198239, -0.00527291186154, 0.00638201413676, -0.00555023550987], [0.000314178527333, -0.00416496070102, -0.00249543273821, 0.0034965754021, -0.00805262289941, 0.00582725461572, 0.00137717451435, -0.0109004620463, 0.0261010434479, -0.0153789957985, 0.0104280654341, -0.00663381954655, 0.00495115574449], [-0.000257508450886, 0.00491697527468, 0.00194945768453, -0.00429882947356, 0.00842225924134, -0.00385744706728, 0.000516694562975, 0.00554563198239, -0.0153789957985, 0.037236109376, -0.0218851007521, 0.00866293534636, -0.000582257984206], [0.00046804654994, -0.00528620742261, -0.00203650607727, 0.00247976137325, -0.00636304914951, 0.0015942605678, 0.000264669128228, -0.00527291186154, 0.0104280654341, -0.0218851007521, 0.0345666334033, -0.0127315316349, 0.00236496631987], [-0.000361592683475, 0.00463493494317, 0.00264944019727, -0.0024400500115, 0.00418556109071, -0.00129704829305, -0.00172470044345, 0.00638201413676, -0.00663381954655, 0.00866293534636, -0.0127315316349, 0.0292108822614, -0.0130318859592], [0.000456638226751, -0.00376003235579, -0.00133012281731, 0.0010636911029, -0.00190811464563, -0.000827080279123, 0.00274489331059, -0.00555023550987, 0.00495115574449, -0.000582257984206, 0.00236496631987, -0.0130318859592, 0.0260131955147]]
    },
    "melbands": {
        "dmean": [0.00316235912032, 0.00501713808626, 0.0015647301916, 0.000650708330795, 0.000240197958192, 0.000157406742801, 8.91667514225e-05, 4.31624830526e-05, 5.42623383808e-05, 5.71584751015e-05, 3.19301798299e-05, 4.06469298468e-05, 3.91517569369e-05, 3.09636852762e-05, 2.81243301288e-05, 1.84381642612e-05, 2.32885176956e-05, 1.13986334327e-05, 8.90304272616e-06, 9.3579355962e-06, 7.29019666323e-06, 7.73902866058e-06, 5.90666786593e-06, 4.80042399431e-06, 4.49226763521e-06, 3.85072917197e-06, 5.96073141423e-06, 5.1479605645e-06, 2.81042957795e-06, 2.21672758016e-06, 1.90619437035e-06, 2.35009656535e-06, 2.08244114219e-06, 2.25745520765e-06, 2.22928429139e-06, 1.75629600108e-06, 9.7741292393e-07, 5.78861090617e-07, 4.52062323575e-07, 4.29276440173e-07],
        "dmean2": [0.00475731631741, 0.00808066129684, 0.00270255701616, 0.00112580775749, 0.000368455483112, 0.000237345084315, 0.000139735668199, 6.38077981421e-05, 7.85470110714e-05, 8.34103993839e-05, 4.85994569317e-05, 6.2873128627e-05, 6.13099473412e-05, 4.89440826641e-05, 4.43149583589e-05, 2.89100207738e-05, 3.76907846658e-05, 1.80549013749e-05, 1.40291685966e-05, 1.48014150909e-05, 1.14446111183e-05, 1.21412294902e-05, 9.21956780076e-06, 7.49236596675e-06, 7.05858792571e-06, 6.2593221628e-06, 1.00139723145e-05, 8.41078690428e-06, 4.41555948782e-06, 3.49108154296e-06, 2.95139443551e-06, 3.79138828066e-06, 3.23637596011e-06, 3.55262181984e-06, 3.62153218703e-06, 2.87749639938e-06, 1.54616941472e-06, 8.96226424629e-07, 7.05592810846e-07, 7.02070963143e-07],
        "dvar": [8.66943810252e-05, 0.000252684025327, 2.64298723778e-05, 2.10408302337e-06, 1.76328668999e-07, 1.34320828238e-07, 4.76853365683e-08, 9.18501452674e-09, 2.61564512272e-08, 2.53434127018e-08, 5.33129096425e-09, 8.72330829793e-09, 1.27011343665e-08, 6.01868999084e-09, 7.8351805044e-09, 2.39765474142e-09, 2.57076515631e-09, 6.82561340781e-10, 4.9435405769e-10, 6.75129396832e-10, 2.6889290794e-10, 2.75657191517e-10, 1.24586618799e-10, 7.07826436352e-11, 6.95949547991e-11, 3.16539155998e-11, 6.3639780945e-11, 4.90470823677e-11, 1.20294512199e-11, 7.73005704585e-12, 6.1826312299e-12, 8.60965118643e-12, 6.54642919734e-12, 1.28368817312e-11, 1.87498731818e-11, 8.1323151338e-12, 1.46408167707e-12, 6.47346000589e-13, 6.28984711537e-13, 4.45405268657e-13],
        "dvar2": [0.000196531284018, 0.000611209543422, 7.11408938514e-05, 5.8778850871e-06, 3.93835364321e-07, 2.56745153138e-07, 1.17560865931e-07, 1.88457534023e-08, 5.12260811547e-08, 5.13715114892e-08, 1.13671561053e-08, 1.90437958736e-08, 2.92377713151e-08, 1.45420742115e-08, 1.97715994688e-08, 5.5297353363e-09, 6.34522256959e-09, 1.61824176281e-09, 1.1571811287e-09, 1.65559788101e-09, 6.30968666204e-10, 6.40745734248e-10, 2.89979401602e-10, 1.63825106259e-10, 1.60270310912e-10, 7.55866272351e-11, 1.58889179591e-10, 1.23550059072e-10, 2.8854389364e-11, 2.00834193026e-11, 1.5113429605e-11, 2.19091949444e-11, 1.54745018882e-11, 3.03893646358e-11, 4.65939231642e-11, 1.96662425928e-11, 3.08469179019e-12, 1.35169089463e-12, 1.5003656954e-12, 1.08392201464e-12],
        "max": [0.0955202877522, 0.197480916977, 0.0461274720728, 0.0237775556743, 0.00809582415968, 0.00673877308145, 0.00344398338348, 0.00453589344397, 0.00366335269064, 0.00357416504994, 0.00166962703224, 0.00245606293902, 0.00246407208033, 0.00161610718351, 0.00505482917652, 0.00161636027042, 0.000999591429718, 0.000636979821138, 0.000622627325356, 0.00131958944257, 0.000433107925346, 0.000434754940215, 0.000263164547505, 0.000216175845708, 0.000159885312314, 0.000122542958707, 0.000113285714178, 0.000116791285109, 5.75194317207e-05, 4.53082720924e-05, 5.01980430272e-05, 4.54355067632e-05, 3.20580184052e-05, 3.55230804416e-05, 3.67843167624e-05, 2.74384929071e-05, 2.22797189053e-05, 1.35832769956e-05, 1.49305315063e-05, 9.94718084257e-06],
        "mean": [0.00423637731001, 0.00605635112152, 0.00162597792223, 0.000775438384153, 0.000382872822229, 0.000239318673266, 0.000115736787848, 6.47631459287e-05, 7.1259230026e-05, 7.31193649699e-05, 4.27187733294e-05, 5.11438120157e-05, 4.98564259033e-05, 4.11909350078e-05, 3.81429817935e-05, 2.62005050899e-05, 2.71280732704e-05, 1.43571342051e-05, 1.31010419864e-05, 1.49314546434e-05, 1.2015620996e-05, 1.27717157739e-05, 9.74234171736e-06, 7.56807003199e-06, 6.59263150737e-06, 5.12893529958e-06, 6.16382385488e-06, 6.52204562357e-06, 3.66859831047e-06, 2.97237579616e-06, 2.56486509898e-06, 2.45183537118e-06, 2.48287824434e-06, 2.57813485405e-06, 2.27059535973e-06, 2.16103489947e-06, 1.59546755185e-06, 8.55298708302e-07, 6.25826544365e-07, 6.46151818273e-07],
