{
"highlevel": {
    "danceability": {
        "all": {
            "danceable": 0.96343511343,
            "not_danceable": 0.03656488657
        },
        "probability": 0.96343511343,
        "value": "danceable"
    },
    "gender": {
        "all": {
            "female": 0.973297595978,
            "male": 0.0267023742199
        },
        "probability": 0.973297595978,
        "value": "female"
    },
    "genre_electronic": {
        "all": {
            "ambient": 0.130868658423,
            "dnb": 0.0280600488186,
            "house": 0.701151967049,
            "techno": 0.081908762455,
            "trance": 0.0580105856061
        },
        "probability": 0.701151967049,
        "value": "house"
    },
    "mood_acoustic": {
        "all": {
            "acoustic": 0.161202758551,
            "not_acoustic": 0.838797271252
        },
        "probability": 0.838797271252,
        "value": "not_acoustic"
    },
    "mood_aggressive": {
        "all": {
            "aggressive": 0.0544270798564,
            "not_aggressive": 0.945572912693
        },
        "probability": 0.945572912693,
        "value": "not_aggressive"
    },
    "mood_electronic": {
        "all": {
            "electronic": 0.850039660931,
            "not_electronic": 0.149960324168
        },
        "probability": 0.850039660931,
        "value": "electronic"
    },
    "mood_happy": {
        "all": {
            "happy": 0.388271152973,
            "not_happy": 0.611728847027
        },
        "probability": 0.611728847027,
        "value": "not_happy"
    },
    "mood_party": {
        "all": {
            "not_party": 0.433431863785,
            "party": 0.566568136215
        },
        "probability": 0.566568136215,
        "value": "party"
    },
    "mood_relaxed": {
        "all": {
            "not_relaxed": 0.00984183978289,
            "relaxed": 0.990158140659
        },
        "probability": 0.990158140659,
        "value": "relaxed"
    },
    "mood_sad": {
        "all": {
            "not_sad": 0.834692776203,
            "sad": 0.165307223797
        },
        "probability": 0.834692776203,
        "value": "not_sad"
    },
    "moods_mirex": {
        "all": {
            "Cluster1": 0.175857543945,
            "Cluster2": 0.167467072606,
            "Cluster3": 0.379967033863,
            "Cluster4": 0.142448112369,
            "Cluster5": 0.134260222316
        },
        "probability": 0.379967033863,
        "value": "Cluster3"
    },
    "timbre": {
        "all": {
            "bright": 0.690054178238,
            "dark": 0.30994579196
        },
        "probability": 0.690054178238,
        "value": "bright"
    },
    "tonal_atonal": {
        "all": {
            "atonal": 0.943791389465,
            "tonal": 0.0562086328864
        },
        "probability": 0.943791389465,
        "value": "atonal"
    },
    "voice_instrumental": {
        "all": {
            "instrumental": 0.621179878712,
            "voice": 0.378820151091
        },
        "probability": 0.621179878712,
        "value": "instrumental"
    }
},
"lowlevel": {
    "average_loudness": 0.919695675373,
    "barkbands_crest": {
        "dmean": 2.0747385025,
        "dmean2": 3.15545105934,
        "dvar": 7.04155874252,
        "dvar2": 15.072306633,
        "max": 26.3732757568,
        "mean": 15.4540739059,
        "median": 15.5121355057,
        "min": 2.70831179619,
        "stdev": 6.10010623932,
        "var": 37.2112960815
    },
    "barkbands_flatness_db": {
        "dmean": 0.030490135774,
        "dmean2": 0.0429418310523,
        "dvar": 0.00126096501481,
        "dvar2": 0.00248925993219,
        "max": 0.723065793514,
        "mean": 0.216337680817,
        "median": 0.20714956522,
        "min": 0.0291811022907,
        "stdev": 0.0904327258468,
        "var": 0.00817807763815
    },
    "barkbands_kurtosis": {
        "dmean": 14.4927978516,
        "dmean2": 21.9037818909,
        "dvar": 3107.73364258,
        "dvar2": 7542.2421875,
        "max": 1855.98034668,
        "mean": 31.2466201782,
        "median": 13.0688972473,
        "min": -1.92316114902,
        "stdev": 77.1674728394,
        "var": 5954.81835938
    },
    "barkbands_skewness": {
        "dmean": 0.930791318417,
        "dmean2": 1.35040557384,
        "dvar": 1.77675151825,
        "dvar2": 3.82154750824,
        "max": 29.5786094666,
        "mean": 3.83117842674,
        "median": 3.24248456955,
        "min": -3.12092590332,
        "stdev": 2.92692017555,
        "var": 8.56686210632
    },
    "barkbands_spread": {
        "dmean": 5.38158321381,
        "dmean2": 7.77986621857,
        "dvar": 75.3987579346,
        "dvar2": 159.580825806,
        "max": 126.083580017,
        "mean": 13.8960256577,
        "median": 8.51324081421,
        "min": 0.0361905843019,
        "stdev": 15.3074874878,
        "var": 234.31918335
    },
    "dissonance": {
        "dmean": 0.0171821415424,
        "dmean2": 0.0281187742949,
        "dvar": 0.000334492360707,
        "dvar2": 0.000891345029231,
        "max": 0.500000238419,
        "mean": 0.461770623922,
        "median": 0.46893876791,
        "min": 0.222161561251,
        "stdev": 0.0285356678069,
        "var": 0.000814284314401
    },
    "dynamic_complexity": 3.21500301361,
    "erbbands_crest": {
        "dmean": 1.89977502823,
        "dmean2": 3.03537845612,
        "dvar": 4.80121517181,
        "dvar2": 11.5283374786,
        "max": 29.6438179016,
        "mean": 7.30208873749,
        "median": 6.46993303299,
        "min": 2.34974074364,
        "stdev": 3.53295826912,
        "var": 12.4817934036
    },
    "erbbands_flatness_db": {
        "dmean": 0.020017940551,
        "dmean2": 0.0294074714184,
        "dvar": 0.000574314501137,
        "dvar2": 0.00121184834279,
        "max": 0.407991081476,
        "mean": 0.155602961779,
        "median": 0.145210564137,
        "min": 0.0488282628357,
        "stdev": 0.0545103922486,
        "var": 0.0029713830445
    },
    "erbbands_kurtosis": {
        "dmean": 1.18905031681,
        "dmean2": 1.88745427132,
        "dvar": 24.71616745,
        "dvar2": 49.2251777649,
        "max": 237.367965698,
        "mean": 0.564430773258,
        "median": -0.428351640701,
        "min": -1.90514409542,
        "stdev": 6.65601205826,
        "var": 44.3024940491
    },
    "erbbands_skewness": {
        "dmean": 0.409750580788,
        "dmean2": 0.611039578915,
        "dvar": 0.249371245503,
        "dvar2": 0.528938770294,
        "max": 11.9512348175,
        "mean": 0.533239901066,
        "median": 0.494921803474,
        "min": -2.80157136917,
        "stdev": 0.888815701008,
        "var": 0.789993345737
    },
    "erbbands_spread": {
        "dmean": 13.6827745438,
        "dmean2": 19.8657875061,
        "dvar": 254.915206909,
        "dvar2": 527.259033203,
        "max": 179.761199951,
        "mean": 56.3579750061,
        "median": 48.3608016968,
        "min": 0.969099521637,
        "stdev": 32.0350952148,
        "var": 1026.24731445
    },
    "hfc": {
        "dmean": 8.39226722717,
        "dmean2": 13.4868373871,
        "dvar": 555.53704834,
        "dvar2": 1540.68688965,
        "max": 223.187530518,
        "mean": 13.8091993332,
        "median": 9.11408805847,
        "min": 1.15004641099e-16,
        "stdev": 20.6589126587,
        "var": 426.790679932
    },
    "loudness_ebu128": {
        "integrated": -13.93861866,
        "loudness_range": 3.3994808197,
        "momentary": {
            "dmean": 0.98685503006,
            "dmean2": 1.08822262287,
            "dvar": 1.37099182606,
            "dvar2": 1.98006546497,
            "max": -10.6142597198,
            "mean": -14.9023418427,
            "median": -13.9469280243,
            "min": -81.8567657471,
            "stdev": 4.83060407639,
            "var": 23.334733963
        },
        "short_term": {
            "dmean": 0.115052454174,
            "dmean2": 0.111615613103,
            "dvar": 0.0117097236216,
            "dvar2": 0.0095352390781,
            "max": -12.0087480545,
            "mean": -14.1449575424,
            "median": -14.0919914246,
            "min": -18.6040706635,
            "stdev": 1.36879897118,
            "var": 1.87361073494
        }
    },
    "melbands_crest": {
        "dmean": 2.60636973381,
        "dmean2": 3.83378839493,
        "dvar": 9.24453544617,
        "dvar2": 21.042509079,
        "max": 36.6260795593,
        "mean": 21.3702106476,
        "median": 21.5138969421,
        "min": 1.09777331352,
        "stdev": 7.56525373459,
        "var": 57.2330665588
    },
    "melbands_flatness_db": {
        "dmean": 0.036975376308,
        "dmean2": 0.0513866096735,
        "dvar": 0.0019335411489,
        "dvar2": 0.003758512903,
        "max": 0.88589400053,
        "mean": 0.296725839376,
        "median": 0.288184165955,
        "min": 0.000614815566223,
        "stdev": 0.117921128869,
        "var": 0.0139053920284
    },
    "melbands_kurtosis": {
        "dmean": 27.6213607788,
        "dmean2": 38.9550971985,
        "dvar": 3521.11328125,
        "dvar2": 6798.13085938,
        "max": 1995.15759277,
        "mean": 72.3501205444,
        "median": 34.6005630493,
        "min": -1.80041944981,
        "stdev": 115.572532654,
        "var": 13357.0097656
    },
    "melbands_skewness": {
        "dmean": 1.25758981705,
        "dmean2": 1.77518713474,
        "dvar": 2.41365408897,
        "dvar2": 4.3816447258,
        "max": 35.8822402954,
        "mean": 5.7600069046,
        "median": 4.70125484467,
        "min": -1.44697248936,
        "stdev": 3.9393029213,
        "var": 15.5181083679
    },
    "melbands_spread": {
        "dmean": 5.33111143112,
        "dmean2": 8.11456489563,
        "dvar": 136.82989502,
        "dvar2": 313.451324463,
        "max": 233.084487915,
        "mean": 12.1857557297,
        "median": 5.89369297028,
        "min": 0.120940044522,
        "stdev": 19.5433769226,
        "var": 381.943572998
    },
    "pitch_salience": {
        "dmean": 0.0727485120296,
        "dmean2": 0.113871470094,
        "dvar": 0.00867004878819,
        "dvar2": 0.0194706041366,
        "max": 0.996245026588,
        "mean": 0.414008378983,
        "median": 0.406381517649,
        "min": 0.029581932351,
        "stdev": 0.188349738717,
        "var": 0.0354756228626
    },
    "silence_rate_20dB": {
        "dmean": 0,
        "dmean2": 0,
        "dvar": 0,
        "dvar2": 0,
        "max": 1,
        "mean": 1,
        "median": 1,
        "min": 1,
        "stdev": 0,
        "var": 0
    },
    "silence_rate_30dB": {
        "dmean": 0.0487749278545,
        "dmean2": 0.0974470004439,
        "dvar": 0.0463969446719,
        "dvar2": 0.0973003730178,
        "max": 1,
        "mean": 0.791704654694,
        "median": 1,
        "min": 0,
        "stdev": 0.4060806036,
        "var": 0.164901465178
    },
    "silence_rate_60dB": {
        "dmean": 0.0343019925058,
        "dmean2": 0.0686118081212,
        "dvar": 0.0331271216273,
        "dvar2": 0.0752958282828,
        "max": 1,
        "mean": 0.0671148598194,
        "median": 0,
        "min": 0,
        "stdev": 0.25023150444,
        "var": 0.0626158118248
    },
    "spectral_centroid": {
        "dmean": 283.782714844,
        "dmean2": 414.84173584,
        "dvar": 172269.90625,
        "dvar2": 364721.1875,
        "max": 10963.1210938,
        "mean": 948.259460449,
        "median": 677.662231445,
        "min": 56.2820243835,
        "stdev": 774.914978027,
        "var": 600493.25
    },
    "spectral_complexity": {
        "dmean": 3.25219368935,
        "dmean2": 4.96808767319,
        "dvar": 33.3742446899,
        "dvar2": 62.2000923157,
        "max": 58,
        "mean": 11.4511165619,
        "median": 10,
        "min": 0,
        "stdev": 7.8716301918,
        "var": 61.962562561
    },
    "spectral_decrease": {
        "dmean": 3.93632682005e-09,
        "dmean2": 5.51704770757e-09,
        "dvar": 5.05852939922e-17,
        "dvar2": 1.07892562045e-16,
        "max": -6.19854052587e-29,
        "mean": -1.43697143073e-08,
        "median": -8.9728029451e-09,
        "min": -1.02522641043e-07,
        "stdev": 1.49066057276e-08,
        "var": 2.22206891144e-16
    },
    "spectral_energy": {
        "dmean": 0.0154321258888,
        "dmean2": 0.0217767432332,
        "dvar": 0.000767360208556,
        "dvar2": 0.00166068482213,
        "max": 0.389944285154,
        "mean": 0.0554869733751,
        "median": 0.034850038588,
        "min": 1.08767885137e-20,
        "stdev": 0.0568578094244,
        "var": 0.0032328106463
    },
    "spectral_energyband_high": {
        "dmean": 0.000665742787533,
        "dmean2": 0.00103588483762,
        "dvar": 4.6573641157e-06,
        "dvar2": 1.27008061099e-05,
        "max": 0.0270997155458,
        "mean": 0.000775311491452,
        "median": 0.000176761706825,
        "min": 7.52281993026e-21,
        "stdev": 0.00196879333816,
        "var": 3.87614727515e-06
    },
    "spectral_energyband_low": {
        "dmean": 0.0110170636326,
        "dmean2": 0.0148380836472,
        "dvar": 0.000566909671761,
        "dvar2": 0.0011375900358,
        "max": 0.375821977854,
        "mean": 0.0442765466869,
        "median": 0.0256274789572,
        "min": 5.67643733905e-23,
        "stdev": 0.0543223954737,
        "var": 0.00295092281885
    },
    "spectral_energyband_middle_high": {
        "dmean": 0.00169138063211,
        "dmean2": 0.00306736421771,
        "dvar": 6.59302895656e-05,
        "dvar2": 0.000191194121726,
        "max": 0.107376761734,
        "mean": 0.00174181640614,
        "median": 0.000747512385715,
        "min": 1.90066879278e-21,
        "stdev": 0.00611684145406,
        "var": 3.741574983e-05
    },
    "spectral_energyband_middle_low": {
        "dmean": 0.00597828254104,
        "dmean2": 0.00983106996864,
        "dvar": 0.000216258515138,
        "dvar2": 0.000572814664338,
        "max": 0.178586736321,
        "mean": 0.010258958675,
        "median": 0.00555870588869,
        "min": 2.03343438605e-22,
        "stdev": 0.0148690761998,
        "var": 0.000221089430852
    },
    "spectral_entropy": {
        "dmean": 0.25697684288,
        "dmean2": 0.366490006447,
        "dvar": 0.102860204875,
        "dvar2": 0.204555928707,
        "max": 9.81199932098,
        "mean": 7.42002296448,
        "median": 7.4930305481,
        "min": 3.92328500748,
        "stdev": 0.704174101353,
        "var": 0.495861172676
    },
    "spectral_flux": {
        "dmean": 0.0345030501485,
        "dmean2": 0.0510030686855,
        "dvar": 0.00343379378319,
        "dvar2": 0.00619299849495,
        "max": 0.644628226757,
        "mean": 0.0730592161417,
        "median": 0.0477625504136,
        "min": 7.05546454594e-11,
        "stdev": 0.0753704458475,
        "var": 0.00568070402369
    },
    "spectral_kurtosis": {
        "dmean": 3.23617529869,
        "dmean2": 5.27977371216,
        "dvar": 33.8326454163,
        "dvar2": 85.006729126,
        "max": 93.0795211792,
        "mean": 5.58015727997,
        "median": 2.31894803047,
        "min": -1.17965996265,
        "stdev": 8.50036907196,
        "var": 72.2562713623
    },
    "spectral_rms": {
        "dmean": 0.000974812312052,
        "dmean2": 0.00133705534972,
        "dvar": 2.28365070143e-06,
        "dvar2": 4.84817701363e-06,
        "max": 0.0195047035813,
        "mean": 0.00638483278453,
        "median": 0.00583095476031,
        "min": 3.25752987952e-12,
        "stdev": 0.00365616707131,
        "var": 1.33675575853e-05
    },
    "spectral_rolloff": {
        "dmean": 439.670898438,
        "dmean2": 738.70501709,
        "dvar": 1235910,
        "dvar2": 2774145.75,
        "max": 18733.8867188,
        "mean": 906.032897949,
        "median": 279.931640625,
        "min": 64.599609375,
        "stdev": 1724.77197266,
        "var": 2974838.25
    },
    "spectral_skewness": {
        "dmean": 0.393924564123,
        "dmean2": 0.595102846622,
        "dvar": 0.263953894377,
        "dvar2": 0.583319365978,
        "max": 8.03064823151,
        "mean": 1.57905113697,
        "median": 1.31697154045,
        "min": -0.186810359359,
        "stdev": 0.95705729723,
        "var": 0.91595864296
    },
    "spectral_spread": {
        "dmean": 773812,
        "dmean2": 1149590.875,
        "dvar": 1.05655304192e+12,
        "dvar2": 2.13733749555e+12,
        "max": 39267600,
        "mean": 4984498,
        "median": 4972158,
        "min": 750399.625,
        "stdev": 2140170.25,
        "var": 4.5803283415e+12
    },
    "spectral_strongpeak": {
        "dmean": 0.141744062304,
        "dmean2": 0.229288414121,
        "dvar": 0.0531035363674,
        "dvar2": 0.14050398767,
        "max": 3.83323931694,
        "mean": 0.562674880028,
        "median": 0.561081767082,
        "min": 0,
        "stdev": 0.320770800114,
        "var": 0.102893911302
    },
    "zerocrossingrate": {
        "dmean": 0.0100550325587,
        "dmean2": 0.011433204636,
        "dvar": 0.000211255930481,
        "dvar2": 0.000259914901108,
        "max": 0.732421875,
        "mean": 0.038894250989,
        "median": 0.02392578125,
        "min": 0.001953125,
        "stdev": 0.0464769974351,
        "var": 0.00216011120938
    },
    "barkbands": {
        "dmean": [0.000467778125312, 0.00902606733143, 0.00361721171066, 0.00293303048238, 0.00249394844286, 0.0007730841171, 0.000415809074184, 0.000265036622295, 0.000247141637374, 0.000246948155109, 0.000488270394271, 0.000249878532486, 0.000117888244858, 6.86714047333e-05, 0.00012345246796, 8.71397060109e-05, 0.000105462902866, 5.76644524699e-05, 0.000214962274185, 0.000224939431064, 0.000233812635997, 0.000183331037988, 0.000111048495455, 7.13456829544e-05, 2.19630292122e-05, 3.7674435589e-06, 9.85276756182e-07],
        "dmean2": [0.000644110492431, 0.0123249273747, 0.00652160076424, 0.00504797277972, 0.00414185551926, 0.00122180208564, 0.000712502805982, 0.000410414504586, 0.000409681233577, 0.000431418855442, 0.000915777869523, 0.000455337110907, 0.00021140705212, 0.00011500922119, 0.000219884474063, 0.00015233947488, 0.000183512383956, 9.53491835389e-05, 0.00038803028292, 0.000406523409765, 0.000406396051403, 0.000297468475765, 0.000164345474332, 0.000105880666524, 3.27524867316e-05, 5.96681456955e-06, 1.63794754826e-06],
        "dvar": [6.99033478213e-07, 0.000585459521972, 0.000129129955894, 6.1994731368e-05, 5.56387058168e-05, 2.91888522952e-06, 1.08329891191e-06, 3.89174658721e-07, 3.70142657857e-07, 8.80100685663e-07, 7.78050889494e-06, 1.18377136005e-06, 1.99515596933e-07, 3.30464082765e-08, 1.80094346547e-07, 8.54320916233e-08, 1.4728348674e-07, 3.67552672742e-08, 9.91662318484e-07, 1.02667115698e-06, 1.08147014544e-06, 4.93871255003e-07, 5.68078704077e-08, 1.69666449779e-08, 2.16015094701e-09, 6.39529471047e-11, 1.02839100083e-11],
        "dvar2": [1.51162782913e-06, 0.00130892638117, 0.00037723875721, 0.000166259589605, 0.000148257808178, 7.25020117898e-06, 2.78047241409e-06, 9.30274268285e-07, 9.79062861006e-07, 2.50626544585e-06, 2.28262979363e-05, 3.42020257449e-06, 5.78948800012e-07, 8.87151756501e-08, 5.07107642989e-07, 2.39293569848e-07, 4.09577296523e-07, 9.92225253071e-08, 2.85833766611e-06, 2.96550501844e-06, 3.05301614389e-06, 1.36604785439e-06, 1.34778645133e-07, 3.8879903741e-08, 4.95828622604e-09, 1.64673802372e-10, 2.69040414946e-11],
        "max": [0.0118625806645, 0.342478096485, 0.131932258606, 0.0898815244436, 0.125685483217, 0.037543065846, 0.0241645872593, 0.0209591072053, 0.0175768043846, 0.0136278830469, 0.0433116927743, 0.0156503301114, 0.00570530770347, 0.00407527200878, 0.00472949678078, 0.00382014876232, 0.00417341478169, 0.00227510649711, 0.0119694834575, 0.011585813947, 0.0139713771641, 0.00955830607563, 0.00284408195876, 0.00146469753236, 0.000605662586167, 0.000106495179352, 5.48530151718e-05],
        "mean": [0.00135470496025, 0.0329053774476, 0.00852502416819, 0.00350071908906, 0.00322733353823, 0.00167981977575, 0.00069379794877, 0.0005627728533, 0.000464223034214, 0.000286004884401, 0.000387726409826, 0.000240992914769, 0.000136468006531, 8.68441347848e-05, 0.000121085315186, 8.596227417e-05, 0.000101583580545, 6.52794333291e-05, 0.000167993712239, 0.000175573659362, 0.000196673310711, 0.000191749175428, 0.000168999642483, 0.00011772110156, 3.65493033314e-05, 4.97805831401e-06, 9.20219918044e-07],
        "median": [4.05316859542e-05, 0.00701602455229, 0.0019529046258, 0.000962561869528, 0.00112721743062, 0.000977172283456, 0.000264570466243, 0.000269552692771, 0.000199069909286, 0.000104473292595, 0.000101812496723, 7.72642379161e-05, 5.22798436577e-05, 3.09890456265e-05, 3.65687301382e-05, 3.14327116939e-05, 3.06599868054e-05, 2.50635457633e-05, 4.05026694352e-05, 3.59579535143e-05, 3.59806945198e-05, 3.74580231437e-05, 3.28646019625e-05, 2.33640148508e-05, 7.67710116634e-06, 1.34565539156e-06, 1.16642908665e-07],
        "min": [2.55544809581e-25, 3.89131200594e-24, 3.36863880255e-24, 9.61868041383e-24, 1.99385193329e-23, 3.07485264417e-23, 6.32108184902e-23, 2.57160608721e-23, 3.63370095764e-23, 5.60185590471e-23, 5.51780561516e-23, 8.73041072832e-23, 1.33879931875e-22, 1.69934144283e-22, 9.92293365201e-23, 2.37865569539e-22, 1.74524103061e-22, 2.56543927752e-22, 2.54000665437e-22, 2.54678454727e-22, 3.84269065871e-22, 4.15330975196e-22, 5.178145081e-22, 7.01696647199e-22, 1.33889370438e-21, 1.38566020612e-21, 2.42991272157e-21],
        "stdev": [0.00227584806271, 0.0509625636041, 0.01229498256, 0.00772579805925, 0.00697380211204, 0.0024542696774, 0.00130170048214, 0.000980951939709, 0.000859494961333, 0.000786414195318, 0.00205585965887, 0.000832541147247, 0.000353398238076, 0.000187654659385, 0.000340864382451, 0.00023799003975, 0.000311579031404, 0.000167776728631, 0.000753754924517, 0.000768437108491, 0.00083728088066, 0.000614963588305, 0.000289894494927, 0.000177428024472, 6.05444256507e-05, 8.93358537724e-06, 3.10092718792e-06],
        "var": [5.17948456036e-06, 0.00259718275629, 0.000151166605065, 5.96879544901e-05, 4.8633915867e-05, 6.02344016443e-06, 1.69442421338e-06, 9.62266653914e-07, 7.38731557703e-07, 6.18447245415e-07, 4.22655921284e-06, 6.93124775353e-07, 1.24890320308e-07, 3.52142706106e-08, 1.16188523691e-07, 5.66392586165e-08, 9.7081489514e-08, 2.81490315501e-08, 5.68146504065e-07, 5.90495631059e-07, 7.01039311934e-07, 3.78180203597e-07, 8.40388167944e-08, 3.14807024893e-08, 3.66562757925e-09, 7.98089511145e-11, 9.6157500365e-12]
    },
    "erbbands": {
        "dmean": [0.291351616383, 2.04416275024, 3.72396993637, 7.03949594498, 10.2885570526, 7.66961288452, 5.95002555847, 7.03389358521, 6.32187271118, 5.87114858627, 5.05858039856, 5.71465730667, 6.94404125214, 11.3025445938, 17.8296890259, 10.880865097, 5.62961387634, 3.41510820389, 5.8027844429, 4.73436975479, 4.94642925262, 5.40999984741, 3.90554976463, 4.75479602814, 17.0077056885, 9.70825767517, 8.48264789581, 8.45387744904, 7.41992759705, 4.07016944885, 3.37927103043, 1.99161374569, 0.973394334316, 0.349038571119, 0.11074590683, 0.0274467039853, 0.00512574613094, 0.000837812374812, 0.000159188144607, 2.94171841233e-05],
        "dmean2": [0.333221852779, 2.92992424965, 6.40956878662, 12.4212732315, 17.0739326477, 12.9464693069, 9.55843353271, 11.0446987152, 10.8042583466, 9.3616771698, 8.12572479248, 9.5606136322, 11.7979278564, 21.031080246, 33.3029747009, 19.9134578705, 10.0821180344, 5.84228610992, 10.0870351791, 8.22664070129, 8.75709247589, 9.39647674561, 6.56517219543, 8.17562484741, 31.3836574554, 17.2952232361, 14.6398210526, 14.5607280731, 12.1854696274, 6.22406673431, 5.14594459534, 2.96171331406, 1.40594172478, 0.511002957821, 0.167997092009, 0.0432525984943, 0.00820366479456, 0.00138751638588, 0.00025593949249, 4.53935062978e-05],
        "dvar": [0.51503354311, 29.8914604187, 117.018280029, 388.561798096, 893.47857666, 827.661560059, 264.466461182, 230.108337402, 279.144775391, 172.461349487, 168.940795898, 184.700454712, 480.865692139, 3909.54541016, 9641.43945312, 2287.11450195, 432.10736084, 92.0710067749, 367.674316406, 234.793945312, 313.808105469, 392.005157471, 221.378631592, 240.597549438, 8039.39550781, 1610.95800781, 1310.79772949, 1276.23205566, 988.91986084, 112.940948486, 60.2558403015, 14.2415466309, 3.0421769619, 0.500089943409, 0.0532722808421, 0.0032371582929, 0.000133593726787, 3.93744039684e-06, 1.93300223827e-07, 5.98481042502e-09],
        "dvar2": [0.895556330681, 69.7580795288, 326.933532715, 1103.47424316, 2338.68408203, 2205.5234375, 707.042541504, 555.871154785, 729.932189941, 400.851470947, 446.828277588, 496.109466553, 1287.34399414, 11460.4013672, 28290.9277344, 6647.17773438, 1252.11755371, 257.255767822, 1012.35229492, 650.633789062, 894.800964355, 1083.75598145, 605.867614746, 668.108581543, 23429.5292969, 4592.43261719, 3686.08227539, 3579.28710938, 2762.29760742, 289.251739502, 152.769439697, 32.8816604614, 6.66162919998, 1.11005210876, 0.130950987339, 0.00816834811121, 0.000350126007106, 1.06551915451e-05, 4.80710752981e-07, 1.60132938021e-08],
        "max": [9.67830467224, 78.8271179199, 126.269683838, 225.657363892, 423.589141846, 629.304626465, 329.537200928, 333.062896729, 445.641174316, 412.852142334, 527.318054199, 494.854248047, 433.083740234, 989.35144043, 1473.46154785, 682.894775391, 268.599700928, 194.223922729, 206.62562561, 177.154266357, 237.105133057, 213.470596313, 168.819381714, 155.151306152, 1097.12536621, 422.596405029, 498.565307617, 449.28326416, 413.390319824, 136.605667114, 103.49785614, 40.8342628479, 21.5031833649, 9.63209438324, 2.37349581718, 0.562848627567, 0.152301862836, 0.0249608792365, 0.00763338059187, 0.00121333706193],
        "mean": [1.3842369318, 5.70145845413, 9.57757282257, 10.5474271774, 12.2574634552, 10.1004457474, 11.5456047058, 15.5845508575, 11.153845787, 11.5603914261, 10.4855709076, 10.417224884, 9.19220256805, 9.96286010742, 14.7257394791, 10.6649522781, 6.90905237198, 4.76337146759, 5.9177737236, 5.00770425797, 5.06366729736, 5.26224184036, 4.15710878372, 4.74001026154, 11.901175499, 7.83740377426, 7.36548042297, 7.34389209747, 7.28513908386, 5.5591506958, 4.75686311722, 3.10148835182, 1.66593301296, 0.593635082245, 0.168542712927, 0.0389261953533, 0.00633921800181, 0.000887112575583, 0.000184281831025, 7.42362608435e-05],
        "median": [0.0734928399324, 1.40593373775, 3.27760529518, 4.13196897507, 3.85290050507, 3.23588228226, 6.72281360626, 7.14542341232, 4.20474529266, 5.03174877167, 5.61703062057, 4.53744506836, 3.75985860825, 3.26258516312, 4.20520877838, 3.63716745377, 2.86933326721, 1.95668637753, 1.89592313766, 1.70987653732, 2.03104257584, 1.67810440063, 1.50924420357, 1.74511265755, 2.00700759888, 1.66258394718, 1.45016956329, 1.37919938564, 1.30472040176, 1.13937270641, 0.928212761879, 0.614003181458, 0.331193447113, 0.118376530707, 0.0372730270028, 0.00990348123014, 0.00172608508728, 0.000227626820561, 5.23740600329e-05, 4.35275069322e-05],
        "min": [5.28998359547e-22, 6.78271441551e-22, 3.37709308798e-21, 2.12262429246e-20, 7.1231676173e-20, 5.15967187206e-20, 1.51014448251e-19, 2.723271413e-19, 6.17140688366e-19, 6.28251326655e-19, 6.33333782832e-19, 7.20105752872e-19, 1.65633446446e-18, 2.15560227743e-18, 2.27443773256e-18, 4.58034596512e-18, 5.7071756497e-18, 6.71404801544e-18, 7.71610867156e-18, 7.30888517446e-18, 9.19669165768e-18, 1.00433333485e-17, 1.22159248817e-17, 1.37355987692e-17, 1.3797732441e-17, 1.10577289219e-17, 1.85029632398e-17, 8.52723288124e-18, 1.39887822111e-17, 1.56117436602e-17, 1.46531389375e-17, 1.43561678627e-17, 1.30135677018e-17, 1.23938357151e-17, 1.02263768375e-17, 4.99794602941e-18, 2.54638866178e-18, 1.10694901895e-18, 3.26920286247e-19, 3.50024351947e-20],
        "stdev": [2.25315475464, 8.76016902924, 12.2883148193, 18.0044345856, 28.8609848022, 26.4370136261, 17.8557071686, 24.1008682251, 21.0250988007, 21.0224819183, 17.2197093964, 18.6149635315, 21.3131065369, 46.32472229, 72.4896774292, 36.2584838867, 16.6073799133, 9.56393718719, 15.906165123, 12.7669763565, 14.0197343826, 16.1679039001, 12.4315347672, 12.9311199188, 66.4458465576, 31.2364349365, 29.4989681244, 29.2206115723, 26.6866512299, 11.4016151428, 8.53883266449, 4.88544416428, 2.50523233414, 0.963508784771, 0.278122246265, 0.0671164169908, 0.0122325876728, 0.001942571369, 0.000468668207759, 8.95597913768e-05],
        "var": [5.07670593262, 76.7405548096, 151.002670288, 324.159667969, 832.956481934, 698.915649414, 318.826263428, 580.851806641, 442.054748535, 441.944732666, 296.5184021, 346.516876221, 454.248504639, 2145.97973633, 5254.75292969, 1314.6776123, 275.805053711, 91.4688873291, 253.006103516, 162.995697021, 196.552963257, 261.401092529, 154.543060303, 167.213867188, 4415.05029297, 975.714904785, 870.189086914, 853.844116211, 712.177368164, 129.996826172, 72.9116668701, 23.867565155, 6.2761888504, 0.928349196911, 0.0773519873619, 0.00450461357832, 0.000149636209244, 3.77358333026e-06, 2.19649891164e-07, 8.02095634356e-09]
    },
    "gfcc": {
        "mean": [-45.8376922607, 112.105369568, -95.1248092651, 45.6754608154, -61.2057876587, 17.0727367401, -26.7514896393, 1.22788488865, -14.9824151993, -4.82657384872, -7.63081598282, -5.43305397034, -7.63836574554],
        "cov": [[8562.65917969, -743.743530273, 517.22644043, 1037.5480957, -719.437133789, 446.043304443, -405.014099121, 139.418411255, -68.1132354736, 148.741729736, -67.0111083984, -17.8891448975, -71.6327133179], [-743.743530273, 3105.8359375, 130.679321289, -662.334594727, 867.622619629, -642.75970459, 543.277648926, -355.11932373, 190.8855896, -127.227806091, 175.815658569, -152.309646606, 53.6217651367], [517.22644043, 130.679321289, 1085.04138184, 337.218597412, 208.552215576, 301.77130127, 195.452468872, 271.292236328, 226.828277588, 175.848205566, 142.016189575, 76.5190124512, 33.2666969299], [1037.5480957, -662.334594727, 337.218597412, 641.898010254, -73.7876663208, 312.783355713, 27.6623802185, 197.88420105, 90.4543838501, 105.398170471, 53.9696731567, 41.1069488525, 32.2127876282], [-719.437133789, 867.622619629, 208.552215576, -73.7876663208, 715.972412109, -20.07695961, 417.081176758, 22.428609848, 150.28868103, 34.874042511, 113.134620667, 20.970911026, 84.126953125], [446.043304443, -642.75970459, 301.77130127, 312.783355713, -20.07695961, 492.522155762, 26.2203083038, 247.432937622, 67.5536270142, 95.3606109619, 23.3843917847, 57.15026474, 27.5580673218], [-405.014099121, 543.277648926, 195.452468872, 27.6623802185, 417.081176758, 26.2203083038, 410.196014404, 82.4455718994, 155.891906738, 52.714138031, 137.658004761, 37.8926010132, 71.287689209], [139.418411255, -355.11932373, 271.292236328, 197.88420105, 22.428609848, 247.432937622, 82.4455718994, 232.851043701, 108.986679077, 108.578025818, 66.3586196899, 75.3413009644, 32.481086731], [-68.1132354736, 190.8855896, 226.828277588, 90.4543838501, 150.28868103, 67.5536270142, 155.891906738, 108.986679077, 202.851165771, 109.681922913, 132.592941284, 51.8257522583, 56.0235404968], [148.741729736, -127.227806091, 175.848205566, 105.398170471, 34.874042511, 95.3606109619, 52.714138031, 108.578025818, 109.681922913, 141.920059204, 98.61668396, 75.1470336914, 36.3653831482], [-67.0111083984, 175.815658569, 142.016189575, 53.9696731567, 113.134620667, 23.3843917847, 137.658004761, 66.3586196899, 132.592941284, 98.61668396, 184.963394165, 93.8018798828, 67.8202590942], [-17.8891448975, -152.309646606, 76.5190124512, 41.1069488525, 20.970911026, 57.15026474, 37.8926010132, 75.3413009644, 51.8257522583, 75.1470336914, 93.8018798828, 126.767066956, 55.9980964661], [-71.6327133179, 53.6217651367, 33.2666969299, 32.2127876282, 84.126953125, 27.5580673218, 71.287689209, 32.481086731, 56.0235404968, 36.3653831482, 67.8202590942, 55.9980964661, 96.3848114014]],
        "icov": [[0.000209949415876, -0.000299823965179, 5.32214689883e-05, -0.000525699171703, 0.000318281119689, -0.000220680653001, 0.000115168972115, 4.45495097665e-05, 0.000369828718249, -0.000561570457648, 0.000381031946745, -0.000349469541106, 9.71002446022e-05], [-0.000299823965179, 0.00214246846735, -0.000899402541108, 0.00189088471234, -0.00132533244323, 0.00117478286847, -0.00084246188635, 0.00173062994145, -0.00178288947791, 0.00218425295316, -0.00247665634379, 0.00291160074994, -0.000612221308984], [5.32214689883e-05, -0.000899402541108, 0.00201092264615, -0.00108647672459, -2.82262062683e-05, -0.000619425263721, 0.000630876631476, -0.00185044191312, -7.25405479898e-05, -0.00109036534559, 0.000698425865266, -0.00109548424371, 0.00116626429372], [-0.000525699171703, 0.00189088471234, -0.00108647672459, 0.00470291916281, -0.000679345161188, 7.3563605838e-06, -0.0010983744869, 0.000662916107103, -0.00157668453176, 0.00163390126545, -0.00255954521708, 0.00357639510185, -0.00143644958735], [0.000318281119689, -0.00132533244323, -2.82262062683e-05, -0.000679345161188, 0.00514119211584, -0.00137229554821, -0.00394038297236, 0.00150339258835, 0.000386859872378, -0.00229031639174, 0.00341244763695, -0.00214477116242, -0.000992401503026], [-0.000220680653001, 0.00117478286847, -0.000619425263721, 7.3563605838e-06, -0.00137229554821, 0.0061277449131, 0.000549364718609, -0.00512334657833, 0.000537297164556, 0.00137003650889, -0.00111481663771, 0.00247442559339, -0.00132266292349], [0.000115168972115, -0.00084246188635, 0.000630876631476, -0.0010983744869, -0.00394038297236, 0.000549364718609, 0.00935517344624, -0.00486153829843, -0.000295770412777, 0.00228812475689, -0.00372213847004, 0.000962996680755, 7.3072136729e-05], [4.45495097665e-05, 0.00173062994145, -0.00185044191312, 0.000662916107103, 0.00150339258835, -0.00512334657833, -0.00486153829843, 0.0199277121574, -0.006279645022, -0.00262941722758, 0.00341992848553, -0.00430048909038, 0.00125444808509], [0.000369828718249, -0.00178288947791, -7.25405479898e-05, -0.00157668453176, 0.000386859872378, 0.000537297164556, -0.000295770412777, -0.006279645022, 0.0184173677117, -0.0084380870685, -0.00565084256232, 0.00481824111193, -0.00268220924772], [-0.000561570457648, 0.00218425295316, -0.00109036534559, 0.00163390126545, -0.00229031639174, 0.00137003650889, 0.00228812475689, -0.00262941722758, -0.0084380870685, 0.0226382762194, -0.006900456734, -0.0022153723985, 0.00150472228415], [0.000381031946745, -0.00247665634379, 0.000698425865266, -0.00255954521708, 0.00341244763695, -0.00111481663771, -0.00372213847004, 0.00341992848553, -0.00565084256232, -0.006900456734, 0.0225849561393, -0.0133511489257, -0.00103071052581], [-0.000349469541106, 0.00291160074994, -0.00109548424371, 0.00357639510185, -0.00214477116242, 0.00247442559339, 0.000962996680755, -0.00430048909038, 0.00481824111193, -0.0022153723985, -0.0133511489257, 0.0250731203705, -0.007932622917], [9.71002446022e-05, -0.000612221308984, 0.00116626429372, -0.00143644958735, -0.000992401503026, -0.00132266292349, 7.3072136729e-05, 0.00125444808509, -0.00268220924772, 0.00150472228415, -0.00103071052581, -0.007932622917, 0.0179582536221]]
    },
    "melbands": {
        "dmean": [0.00252729584463, 0.00188380666077, 0.00130472786259, 0.000613766722381, 0.000228509597946, 0.000151339932927, 9.1685084044e-05, 6.32355950074e-05, 4.28630264651e-05, 3.64445659216e-05, 3.40909100487e-05, 4.24798345193e-05, 6.41772785457e-05, 3.19227183354e-05, 2.16530261241e-05, 9.73639816948e-06, 6.24104632152e-06, 8.89721377462e-06, 9.68758831732e-06, 5.12749602422e-06, 5.83191740589e-06, 5.22851587448e-06, 5.83096243645e-06, 2.58274053522e-06, 3.55756947101e-06, 9.09952996153e-06, 1.42095241245e-05, 4.58453496321e-06, 4.03031299356e-06, 6.99307202012e-06, 4.07968855143e-06, 4.45306386609e-06, 3.25913902088e-06, 1.88964384051e-06, 1.97259987544e-06, 1.77262245415e-06, 1.11304484562e-06, 7.90766137015e-07, 4.68559903766e-07, 2.44554826168e-07],
        "dmean2": [0.00326978228986, 0.00290536135435, 0.00226161116734, 0.00101631379221, 0.000369984598365, 0.000238166714553, 0.00015718206123, 9.90416956483e-05, 6.90963279339e-05, 6.10534771113e-05, 5.79190964345e-05, 7.88277466199e-05, 0.000120395678096, 5.85605594097e-05, 3.91948742617e-05, 1.72770942299e-05, 1.05917615656e-05, 1.52935390361e-05, 1.72611962626e-05, 8.71313295647e-06, 1.04032269519e-05, 8.99617316463e-06, 1.02664143924e-05, 4.25825919592e-06, 6.13187967247e-06, 1.64520479302e-05, 2.64732971118e-05, 7.95787764218e-06, 6.83432472215e-06, 1.24338084788e-05, 6.90502065481e-06, 7.40512723496e-06, 5.2880172916e-06, 2.89809236165e-06, 3.04470790979e-06, 2.71499061455e-06, 1.71496481016e-06, 1.17160186619e-06, 6.79533684433e-07, 3.65012226666e-07],
        "dvar": [4.59681396023e-05, 2.12274735532e-05, 1.30453772726e-05, 3.37397409567e-06, 4.60804500335e-07, 1.06692098711e-07, 5.5698045287e-08, 2.10922781463e-08, 1.47338479195e-08, 7.4314931986e-09, 1.14272964424e-08, 5.25389687311e-08, 1.33486167897e-07, 2.62350052793e-08, 5.72371527952e-09, 1.12840659039e-09, 2.84196749467e-10, 8.30778279504e-10, 1.12770048855e-09, 2.20518631133e-10, 4.10397049677e-10, 2.95293123287e-10, 6.36144803501e-10, 6.75641348424e-11, 1.27001659189e-10, 1.97572003202e-09, 5.48987788562e-09, 2.85903439812e-10, 2.25647375784e-10, 1.12281361986e-09, 2.35709535223e-10, 3.8836645011e-10, 1.17001630606e-10, 1.64548982079e-11, 2.29955551129e-11, 1.19062034537e-11, 4.19075668265e-12, 1.92895352469e-12, 7.59498800657e-13, 2.40599640905e-13],
        "dvar2": [9.58432865446e-05, 5.11777725478e-05, 3.59282639693e-05, 8.88779050001e-06, 1.25042470245e-06, 2.6010272336e-07, 1.45446705346e-07, 4.83857576228e-08, 3.87044813976e-08, 1.9980921806e-08, 3.05057064054e-08, 1.53958907845e-07, 3.91357701801e-07, 7.62674190469e-08, 1.66346474373e-08, 3.25383409105e-09, 7.78253961276e-10, 2.26784258039e-09, 3.17508508374e-09, 5.96302007771e-10, 1.1761449592e-09, 8.05178257401e-10, 1.78199155432e-09, 1.81706774627e-10, 3.52611884136e-10, 5.71395286642e-09, 1.60299240548e-08, 7.97085786264e-10, 6.26443341645e-10, 3.18214210537e-09, 6.54525211807e-10, 1.08431830181e-09, 3.21850962548e-10, 3.82823078793e-11, 6.02531566307e-11, 2.62671637913e-11, 9.95361952583e-12, 4.41811821503e-12, 1.64549201088e-12, 5.41436470311e-13],
        "max": [0.0913010463119, 0.0577289089561, 0.0381355956197, 0.027623873204, 0.0149886058643, 0.00753641780466, 0.00595180876553, 0.00497470563278, 0.00507563306019, 0.00335844489746, 0.00214460142888, 0.0036298034247, 0.00556690990925, 0.00237187882885, 0.000965809857007, 0.000415303715272, 0.00040143087972, 0.000337639881764, 0.000385218096199, 0.000172814558027, 0.000270120537607, 0.000175536872121, 0.000285564135993, 9.7766998806e-05, 0.000136600414407, 0.00053923384985, 0.000899067614228, 0.000155610498041, 0.000218821238377, 0.000428941246355, 0.000190430670045, 0.000261161330855, 0.000165592908161, 4.98223598697e-05, 6.79055883666e-05, 3.12683587254e-05, 2.47029784077e-05, 1.77910533239e-05, 1.11325362013e-05, 6.77589741827e-06],
        "mean": [0.0103949010372, 0.00548791140318, 0.00197763089091, 0.000772686966229, 0.000424764526542, 0.000334657524945, 0.00015650766727, 0.000126471859403, 8.7070686277e-05, 6.43051971565e-05, 4.43584031018e-05, 3.75804156647e-05, 5.06286924065e-05, 2.94406199828e-05, 2.39903438342e-05, 1.15887751235e-05, 8.53065739648e-06, 9.0045041361e-06, 9.32358034333e-06, 5.43324813407e-06, 5.94240918872e-06, 5.31136174686e-06, 5.14236080562e-06, 2.99153953165e-06, 3.60419721801e-06, 6.95298149367e-06, 9.52370373852e-06, 4.08193864132e-06, 3.85683779314e-06, 5.36751213076e-06, 3.81549853046e-06, 4.1864832383e-06, 3.62339756066e-06, 2.86376621261e-06, 2.72108923127e-06, 2.48587434726e-06, 1.70264968347e-06, 1.27735597744e-06, 7.73520412167e-07, 4.00165816927e-07],
