{
"highlevel": {
    "danceability": {
        "all": {
            "danceable": 0.999999761581,
            "not_danceable": 2.31413693541e-07
        },
        "probability": 0.999999761581,
        "value": "danceable"
    },
    "gender": {
        "all": {
            "female": 0.881854593754,
            "male": 0.118145406246
        },
        "probability": 0.881854593754,
        "value": "female"
    },
    "genre_electronic": {
        "all": {
            "ambient": 0.0407887287438,
            "dnb": 0.00586699787527,
            "house": 0.513549387455,
            "techno": 0.00684598879889,
            "trance": 0.43294891715
        },
        "probability": 0.513549387455,
        "value": "house"
    },
    "mood_acoustic": {
        "all": {
            "acoustic": 0.00160998420324,
            "not_acoustic": 0.99839001894
        },
        "probability": 0.99839001894,
        "value": "not_acoustic"
    },
    "mood_aggressive": {
        "all": {
            "aggressive": 0.0420332141221,
            "not_aggressive": 0.957966804504
        },
        "probability": 0.957966804504,
        "value": "not_aggressive"
    },
    "mood_electronic": {
        "all": {
            "electronic": 0.912974298,
            "not_electronic": 0.0870257243514
        },
        "probability": 0.912974298,
        "value": "electronic"
    },
    "mood_happy": {
        "all": {
            "happy": 0.106619730592,
            "not_happy": 0.893380284309
        },
        "probability": 0.893380284309,
        "value": "not_happy"
    },
    "mood_party": {
        "all": {
            "not_party": 0.00365347112529,
            "party": 0.996346533298
        },
        "probability": 0.996346533298,
        "value": "party"
    },
    "mood_relaxed": {
        "all": {
            "not_relaxed": 0.859954297543,
            "relaxed": 0.140045687556
        },
        "probability": 0.859954297543,
        "value": "not_relaxed"
    },
    "mood_sad": {
        "all": {
            "not_sad": 0.982305943966,
            "sad": 0.0176940783858
        },
        "probability": 0.982305943966,
        "value": "not_sad"
    },
    "moods_mirex": {
        "all": {
            "Cluster1": 0.109303563833,
            "Cluster2": 0.153078615665,
            "Cluster3": 0.144639894366,
            "Cluster4": 0.341807723045,
            "Cluster5": 0.251170188189
        },
        "probability": 0.341807723045,
        "value": "Cluster4"
    },
    "timbre": {
        "all": {
            "bright": 0.179447665811,
            "dark": 0.820552349091
        },
        "probability": 0.820552349091,
        "value": "dark"
    },
    "tonal_atonal": {
        "all": {
            "atonal": 0.997201919556,
            "tonal": 0.00279807718471
        },
        "probability": 0.997201919556,
        "value": "atonal"
    },
    "voice_instrumental": {
        "all": {
            "instrumental": 0.0970880910754,
            "voice": 0.902911901474
        },
        "probability": 0.902911901474,
        "value": "voice"
    }
},
"lowlevel": {
    "average_loudness": 0.912999749184,
    "barkbands_crest": {
        "dmean": 3.76853442192,
        "dmean2": 5.83543682098,
        "dvar": 14.2925577164,
        "dvar2": 33.1645622253,
        "max": 26.3860778809,
        "mean": 12.1510753632,
        "median": 10.9150686264,
        "min": 2.13017034531,
        "stdev": 5.98673534393,
        "var": 35.8409996033
    },
    "barkbands_flatness_db": {
        "dmean": 0.0391007475555,
        "dmean2": 0.0559605881572,
        "dvar": 0.00176204228774,
        "dvar2": 0.00385883939452,
        "max": 0.474821686745,
        "mean": 0.146495178342,
        "median": 0.130825936794,
        "min": 0.0200794860721,
        "stdev": 0.0794829875231,
        "var": 0.00631754565984
    },
    "barkbands_kurtosis": {
        "dmean": 10.2311964035,
        "dmean2": 15.979511261,
        "dvar": 1505.21813965,
        "dvar2": 3561.703125,
        "max": 832.002502441,
        "mean": 9.78520584106,
        "median": 0.462103247643,
        "min": -1.91669225693,
        "stdev": 40.7412490845,
        "var": 1659.8494873
    },
    "barkbands_skewness": {
        "dmean": 1.17059445381,
        "dmean2": 1.68246293068,
        "dvar": 2.96882605553,
        "dvar2": 6.56359815598,
        "max": 25.3774795532,
        "mean": 1.69048428535,
        "median": 1.07795214653,
        "min": -5.43520355225,
        "stdev": 2.5647521019,
        "var": 6.57795381546
    },
    "barkbands_spread": {
        "dmean": 11.6741428375,
        "dmean2": 17.53972435,
        "dvar": 183.014160156,
        "dvar2": 430.885284424,
        "max": 125.248840332,
        "mean": 34.63621521,
        "median": 30.7160377502,
        "min": 0.395577907562,
        "stdev": 23.0885810852,
        "var": 533.082580566
    },
    "dissonance": {
        "dmean": 0.0184907987714,
        "dmean2": 0.0309821274132,
        "dvar": 0.000371884700144,
        "dvar2": 0.000969564134721,
        "max": 0.500000059605,
        "mean": 0.472555786371,
        "median": 0.480494141579,
        "min": 0.30239161849,
        "stdev": 0.0258806161582,
        "var": 0.000669806264341
    },
    "dynamic_complexity": 3.6233522892,
    "erbbands_crest": {
        "dmean": 3.2492954731,
        "dmean2": 5.34915542603,
        "dvar": 9.65896987915,
        "dvar2": 23.2899894714,
        "max": 34.0165328979,
        "mean": 8.66669750214,
        "median": 7.43301773071,
        "min": 2.27636694908,
        "stdev": 4.43729496002,
        "var": 19.6895885468
    },
    "erbbands_flatness_db": {
        "dmean": 0.0224483422935,
        "dmean2": 0.032587852329,
        "dvar": 0.000468146696221,
        "dvar2": 0.000975572038442,
        "max": 0.52832788229,
        "mean": 0.150763139129,
        "median": 0.13361787796,
        "min": 0.0407352484763,
        "stdev": 0.0668796822429,
        "var": 0.00447289180011
    },
    "erbbands_kurtosis": {
        "dmean": 1.2175450325,
        "dmean2": 1.98039007187,
        "dvar": 4.12544298172,
        "dvar2": 10.7380161285,
        "max": 54.2249069214,
        "mean": 0.154211774468,
        "median": -0.436368346214,
        "min": -1.85327112675,
        "stdev": 2.25425720215,
        "var": 5.08167552948
    },
    "erbbands_skewness": {
        "dmean": 0.568164467812,
        "dmean2": 0.868607997894,
        "dvar": 0.377596795559,
        "dvar2": 0.856412887573,
        "max": 6.72253990173,
        "mean": 0.0097023351118,
        "median": -0.0542903319001,
        "min": -4.51604604721,
        "stdev": 0.873446166515,
        "var": 0.762908160686
    },
    "erbbands_spread": {
        "dmean": 16.412311554,
        "dmean2": 24.700969696,
        "dvar": 401.410430908,
        "dvar2": 908.933532715,
        "max": 186.35269165,
        "mean": 51.5158882141,
        "median": 45.4080200195,
        "min": 1.84253966808,
        "stdev": 29.3725585938,
        "var": 862.747253418
    },
    "hfc": {
        "dmean": 19.7008972168,
        "dmean2": 29.1495571136,
        "dvar": 787.440856934,
        "dvar2": 1911.81445312,
        "max": 261.756835938,
        "mean": 47.0516624451,
        "median": 35.633102417,
        "min": 1.05919239975e-16,
        "stdev": 45.5640449524,
        "var": 2076.08227539
    },
    "loudness_ebu128": {
        "integrated": -5.57623958588,
        "loudness_range": 8.29084968567,
        "momentary": {
            "dmean": 0.558766424656,
            "dmean2": 0.702497541904,
            "dvar": 12.2117948532,
            "dvar2": 13.8157587051,
            "max": -2.53249025345,
            "mean": -10.5467786789,
            "median": -5.37767887115,
            "min": -300.691009521,
            "stdev": 28.290927887,
            "var": 800.376647949
        },
        "short_term": {
            "dmean": 0.10866586864,
            "dmean2": 0.0896370112896,
            "dvar": 0.170611396432,
            "dvar2": 0.113342426717,
            "max": -3.57385373116,
            "mean": -7.65386247635,
            "median": -4.96186065674,
            "min": -91.9769515991,
            "stdev": 7.16486549377,
            "var": 51.3353004456
        }
    },
    "melbands_crest": {
        "dmean": 4.76456022263,
        "dmean2": 7.12220668793,
        "dvar": 20.3427753448,
        "dvar2": 49.0884513855,
        "max": 37.4382972717,
        "mean": 19.1440658569,
        "median": 18.5334224701,
        "min": 1.63217186928,
        "stdev": 8.67960262299,
        "var": 75.3354949951
    },
    "melbands_flatness_db": {
        "dmean": 0.0482618398964,
        "dmean2": 0.0682345554233,
        "dvar": 0.00274370098487,
        "dvar2": 0.00597303034738,
        "max": 0.582410275936,
        "mean": 0.192875266075,
        "median": 0.174038678408,
        "min": 0.00287264143117,
        "stdev": 0.100969202816,
        "var": 0.0101947793737
    },
    "melbands_kurtosis": {
        "dmean": 42.4220352173,
        "dmean2": 65.6230010986,
        "dvar": 17938.8925781,
        "dvar2": 37855.2265625,
        "max": 2842.09765625,
        "mean": 45.2590179443,
        "median": 7.4190659523,
        "min": -1.8808259964,
        "stdev": 154.188644409,
        "var": 23774.1367188
    },
    "melbands_skewness": {
        "dmean": 2.00195646286,
        "dmean2": 2.89045214653,
        "dvar": 9.22350025177,
        "dvar2": 18.957151413,
        "max": 42.809589386,
        "mean": 3.92955541611,
        "median": 2.57856822014,
        "min": -2.73955798149,
        "stdev": 4.43439340591,
        "var": 19.6638450623
    },
    "melbands_spread": {
        "dmean": 18.5141162872,
        "dmean2": 28.2984714508,
        "dvar": 759.463378906,
        "dvar2": 1623.93981934,
        "max": 265.73739624,
        "mean": 39.2902984619,
        "median": 30.0842056274,
        "min": 0.189781144261,
        "stdev": 38.3541564941,
        "var": 1471.04125977
    },
    "pitch_salience": {
        "dmean": 0.114842243493,
        "dmean2": 0.182439506054,
        "dvar": 0.0143116349354,
        "dvar2": 0.0321054123342,
        "max": 0.926843822002,
        "mean": 0.489504575729,
        "median": 0.519325017929,
        "min": 0.019919609651,
        "stdev": 0.191466853023,
        "var": 0.036659553647
    },
    "silence_rate_20dB": {
        "dmean": 0,
        "dmean2": 0,
        "dvar": 0,
        "dvar2": 0,
        "max": 1,
        "mean": 1,
        "median": 1,
        "min": 1,
        "stdev": 0,
        "var": 0
    },
    "silence_rate_30dB": {
        "dmean": 0.044659152627,
        "dmean2": 0.0893278941512,
        "dvar": 0.0426607877016,
        "dvar2": 0.119140215218,
        "max": 1,
        "mean": 0.973486483097,
        "median": 1,
        "min": 0,
        "stdev": 0.160654231906,
        "var": 0.0258097816259
    },
    "silence_rate_60dB": {
        "dmean": 0.0223295763135,
        "dmean2": 0.0446639470756,
        "dvar": 0.0218306966126,
        "dvar2": 0.0506075434387,
        "max": 1,
        "mean": 0.136109918356,
        "median": 0,
        "min": 0,
        "stdev": 0.34291267395,
        "var": 0.117589101195
    },
    "spectral_centroid": {
        "dmean": 503.19430542,
        "dmean2": 770.661254883,
        "dvar": 365437.09375,
        "dvar2": 737876.8125,
        "max": 11563.2089844,
        "mean": 2210.10961914,
        "median": 2265.52050781,
        "min": 137.199966431,
        "stdev": 1336.06933594,
        "var": 1785081.125
    },
    "spectral_complexity": {
        "dmean": 6.43907690048,
        "dmean2": 9.73223114014,
        "dvar": 58.357460022,
        "dvar2": 129.956268311,
        "max": 60,
        "mean": 19.1763629913,
        "median": 16,
        "min": 0,
        "stdev": 14.0657787323,
        "var": 197.846130371
    },
    "spectral_decrease": {
        "dmean": 3.11114178864e-09,
        "dmean2": 4.68905803075e-09,
        "dvar": 2.12793933115e-17,
        "dvar2": 4.64516210084e-17,
        "max": 7.03804332522e-12,
        "mean": -8.32149105179e-09,
        "median": -6.73632527537e-09,
        "min": -3.80755480478e-08,
        "stdev": 7.56862128526e-09,
        "var": 5.72840308945e-17
    },
    "spectral_energy": {
        "dmean": 0.0119120208547,
        "dmean2": 0.0178822651505,
        "dvar": 0.000280313484836,
        "dvar2": 0.000610393180978,
        "max": 0.150262758136,
        "mean": 0.0356749035418,
        "median": 0.0323126614094,
        "min": 9.80384882535e-21,
        "stdev": 0.0293004959822,
        "var": 0.000858519109897
    },
    "spectral_energyband_high": {
        "dmean": 0.00198849430308,
        "dmean2": 0.00289192306809,
        "dvar": 9.49482637225e-06,
        "dvar2": 2.25984404096e-05,
        "max": 0.029533656314,
        "mean": 0.00397395621985,
        "median": 0.00250802235678,
        "min": 7.07208727577e-21,
        "stdev": 0.00473312754184,
        "var": 2.24024970521e-05
    },
    "spectral_energyband_low": {
        "dmean": 0.0079950094223,
        "dmean2": 0.011594128795,
        "dvar": 0.00019513987354,
        "dvar2": 0.000433559966041,
        "max": 0.131815254688,
        "mean": 0.0179984401911,
        "median": 0.00447762571275,
        "min": 1.87052157714e-23,
        "stdev": 0.0252903662622,
        "var": 0.000639602658339
    },
    "spectral_energyband_middle_high": {
        "dmean": 0.00279369601049,
        "dmean2": 0.00443555368111,
        "dvar": 1.49970501298e-05,
        "dvar2": 3.85809580621e-05,
        "max": 0.0394509211183,
        "mean": 0.00546247093007,
        "median": 0.00355930719525,
        "min": 1.18965868965e-21,
        "stdev": 0.00579523155466,
        "var": 3.35847107635e-05
    },
    "spectral_energyband_middle_low": {
        "dmean": 0.00717297988012,
        "dmean2": 0.01151203271,
        "dvar": 0.000278469233308,
        "dvar2": 0.000548916694243,
        "max": 0.143787875772,
        "mean": 0.00893671624362,
        "median": 0.00376336788759,
        "min": 1.40787349423e-22,
        "stdev": 0.0181847494096,
        "var": 0.000330685114022
    },
    "spectral_entropy": {
        "dmean": 0.22002081573,
        "dmean2": 0.316610246897,
        "dvar": 0.0508602447808,
        "dvar2": 0.10693731904,
        "max": 9.82391548157,
        "mean": 7.95177650452,
        "median": 8.08393764496,
        "min": 5.02674150467,
        "stdev": 0.58640062809,
        "var": 0.343865692616
    },
    "spectral_flux": {
        "dmean": 0.0343865416944,
        "dmean2": 0.0516480505466,
        "dvar": 0.00165607593954,
        "dvar2": 0.00352933187969,
        "max": 0.379124879837,
        "mean": 0.109134741127,
        "median": 0.100568786263,
        "min": 6.26301024931e-11,
        "stdev": 0.0698344111443,
        "var": 0.00487684458494
    },
    "spectral_kurtosis": {
        "dmean": 1.40799045563,
        "dmean2": 2.30116319656,
        "dvar": 6.63149833679,
        "dvar2": 20.217420578,
        "max": 45.2855987549,
        "mean": 2.97080516815,
        "median": 2.03707361221,
        "min": -1.271900177,
        "stdev": 3.90341234207,
        "var": 15.2366275787
    },
    "spectral_rms": {
        "dmean": 0.000948723813053,
        "dmean2": 0.00141127686948,
        "dvar": 1.23685390463e-06,
        "dvar2": 2.65479548034e-06,
        "max": 0.0121077587828,
        "mean": 0.00528381206095,
        "median": 0.00561467278749,
        "min": 3.09268973278e-12,
        "stdev": 0.00262411939912,
        "var": 6.8860031206e-06
    },
    "spectral_rolloff": {
        "dmean": 1516.78222656,
        "dmean2": 2385.85595703,
        "dvar": 4690506.5,
        "dvar2": 8962782,
        "max": 19982.8125,
        "mean": 3519.74462891,
        "median": 2627.05078125,
        "min": 64.599609375,
        "stdev": 3654.35693359,
        "var": 13354324
    },
    "spectral_skewness": {
        "dmean": 0.230632275343,
        "dmean2": 0.362064301968,
        "dvar": 0.0757975354791,
        "dvar2": 0.187680229545,
        "max": 4.46037626266,
        "mean": 1.23123407364,
        "median": 1.1952072382,
        "min": -0.513301968575,
        "stdev": 0.503784179688,
        "var": 0.253798484802
    },
    "spectral_spread": {
        "dmean": 1010358.1875,
        "dmean2": 1496254.5,
        "dvar": 1.29671390822e+12,
        "dvar2": 2.5553183703e+12,
        "max": 42714092,
        "mean": 6779501,
        "median": 6369429.5,
        "min": 1046932.3125,
        "stdev": 4408915,
        "var": 1.94385312481e+13
    },
    "spectral_strongpeak": {
        "dmean": 0.519003152847,
        "dmean2": 0.846499919891,
        "dvar": 0.937076747417,
        "dvar2": 2.40706682205,
        "max": 17.3662605286,
        "mean": 0.859973490238,
        "median": 0.465996861458,
        "min": 0,
        "stdev": 1.19854056835,
        "var": 1.43649959564
    },
    "zerocrossingrate": {
        "dmean": 0.0282162614167,
        "dmean2": 0.0310871694237,
        "dvar": 0.000938827171922,
        "dvar2": 0.00128187960945,
        "max": 0.6064453125,
        "mean": 0.113685667515,
        "median": 0.09912109375,
        "min": 0.001953125,
        "stdev": 0.0881863683462,
        "var": 0.00777683546767
    },
    "barkbands": {
        "dmean": [0.000651919923257, 0.00695831514895, 0.00224994076416, 0.00144565175287, 0.00392925180495, 0.000789582612924, 0.000770223559812, 0.00100607180502, 0.000996773480438, 0.000892824784387, 0.000387406384107, 0.000480869348394, 0.000462530355435, 0.000419770600274, 0.000377575750463, 0.000318833306665, 0.000493767496664, 0.000425353326136, 0.000409825210227, 0.000326427165419, 0.000306259578792, 0.000309878552798, 0.000366350432159, 0.000459412054624, 0.000497887143865, 0.000247416755883, 3.72097747459e-05],
        "dmean2": [0.000931267568376, 0.00973857752979, 0.00395693769678, 0.00260526337661, 0.00631053186953, 0.00130357721355, 0.00127337686718, 0.00178697495721, 0.00162049767096, 0.00144275499042, 0.000587447138969, 0.000821483961772, 0.000778761343099, 0.000717375369277, 0.000623523897957, 0.000521453039255, 0.000827897689305, 0.00071763334563, 0.000702993071172, 0.000543477304745, 0.000509826466441, 0.000491607876029, 0.000531646655872, 0.000694954826031, 0.000746052479371, 0.000370736030163, 5.90513009229e-05],
        "dvar": [2.14996771319e-06, 0.000161251722602, 4.59472394141e-05, 2.02098854061e-05, 0.00023159153352, 2.61269474322e-06, 2.31903686654e-06, 7.75700118538e-06, 3.96869199903e-06, 3.80505980502e-06, 1.36312803534e-06, 1.94232575268e-06, 1.99874966711e-06, 8.05207605481e-07, 6.11149459928e-07, 9.56682697506e-07, 6.75106718973e-07, 4.75619231111e-07, 4.65509657488e-07, 2.61575479499e-07, 3.35571456844e-07, 2.32397880495e-07, 3.55705907396e-07, 5.87298188748e-07, 7.70553924667e-07, 2.22147733098e-07, 1.03685016128e-08],
        "dvar2": [3.92341962652e-06, 0.000347794295521, 0.000126746250317, 5.65454356547e-05, 0.000488089426653, 5.8049049585e-06, 5.05781054017e-06, 2.1184414436e-05, 9.68055610429e-06, 9.3779335657e-06, 2.51975325227e-06, 5.16219961355e-06, 4.81125653096e-06, 2.27681061915e-06, 1.57170109105e-06, 2.29442616728e-06, 1.71962449258e-06, 1.28683882394e-06, 1.3035282791e-06, 7.34910827305e-07, 9.39823792123e-07, 5.828624694e-07, 7.38262770028e-07, 1.3542465922e-06, 1.77022684511e-06, 4.90360946515e-07, 2.56268251064e-08],
        "max": [0.0168727319688, 0.120046235621, 0.0718176811934, 0.0413158014417, 0.131951525807, 0.0282704271376, 0.0238078180701, 0.0341322645545, 0.033246204257, 0.015654290095, 0.0331563130021, 0.0237517431378, 0.0284808445722, 0.0125920223072, 0.0171568281949, 0.02586540021, 0.0138973323628, 0.00907246395946, 0.00863817706704, 0.00728283589706, 0.00892396923155, 0.0073090554215, 0.0069565763697, 0.0121237421408, 0.0101220142096, 0.00481445388868, 0.00160819326993],
        "mean": [0.0013386287028, 0.0143358521163, 0.00194791075774, 0.00103944004513, 0.00357069540769, 0.000986139755696, 0.000831833982375, 0.000754404522013, 0.00101936934516, 0.00103284150828, 0.000531086290721, 0.000557196384761, 0.00044183130376, 0.000436882197391, 0.000442009273684, 0.000416256167227, 0.000665423693135, 0.000569744035602, 0.000545683200471, 0.000475901208119, 0.000519520894159, 0.000583844899666, 0.000660957070068, 0.000791284604929, 0.000763296207879, 0.000368898909073, 4.78694091726e-05],
        "median": [0.000115539696708, 0.00221166806296, 0.000274173420621, 5.67374336242e-05, 0.000217073480599, 0.00016963937378, 0.000185032375157, 9.9177705124e-05, 0.000187985904631, 0.000207265286008, 8.48592899274e-05, 0.000104259546788, 8.59671054059e-05, 0.000126157698105, 0.000145050609717, 0.000118440861115, 0.000236804189626, 0.000303529202938, 0.000313354190439, 0.000259247142822, 0.000268348143436, 0.000362401886377, 0.000364393141354, 0.000361093087122, 0.000275116646662, 0.000126468017697, 8.94183904165e-06],
        "min": [3.5403231866e-25, 2.25549275919e-24, 1.18994865362e-24, 1.01662082578e-24, 7.7681113378e-24, 8.9174453891e-24, 4.70617968305e-24, 9.94495959512e-24, 4.05050492547e-24, 1.07071404357e-23, 1.55153320611e-23, 2.54575101327e-23, 3.02408597393e-23, 3.65728537435e-23, 2.78668838193e-23, 5.90116298502e-23, 7.06713221955e-23, 1.18564746447e-22, 9.59361325417e-23, 1.42446999171e-22, 2.94495634627e-22, 2.96088300619e-22, 3.40287811107e-22, 5.58061358447e-22, 8.22345614645e-22, 1.34464095366e-21, 1.79662376966e-21],
        "stdev": [0.00259186606854, 0.0216911081225, 0.00576361455023, 0.0036600199528, 0.015304107219, 0.00232375133783, 0.00178057455923, 0.00229099742137, 0.00207363441586, 0.00215052883141, 0.00187127571553, 0.00171149533708, 0.00149302207865, 0.000877547485288, 0.0008353801677, 0.00102573877666, 0.00104345509317, 0.000794806750491, 0.000730870757252, 0.000586856913287, 0.000678771582898, 0.000709797430318, 0.000932560535148, 0.00114008097444, 0.00114683993161, 0.000586465932429, 0.000119456090033],
        "var": [6.71776933814e-06, 0.000470504164696, 3.32192539645e-05, 1.33957455546e-05, 0.000234215694945, 5.39982011105e-06, 3.17044577969e-06, 5.24866891283e-06, 4.29995998275e-06, 4.6247746468e-06, 3.50167283614e-06, 2.92921617984e-06, 2.229114898e-06, 7.70089570779e-07, 6.97860002674e-07, 1.05213996449e-06, 1.08879862637e-06, 6.31717796296e-07, 5.34172102107e-07, 3.44401030361e-07, 4.60730859686e-07, 5.03812429997e-07, 8.69669122494e-07, 1.29978468522e-06, 1.31524188873e-06, 3.43942303971e-07, 1.42697569316e-08]
    },
    "erbbands": {
        "dmean": [0.284181207418, 1.44343185425, 2.68694448471, 3.54939484596, 12.4475164413, 10.7371768951, 5.77460193634, 6.59001159668, 10.4202251434, 15.2860221863, 21.2643070221, 20.4066009521, 37.7184486389, 13.8734149933, 15.3383722305, 20.0542011261, 20.8045063019, 22.9180278778, 16.5703678131, 20.3532180786, 21.5554828644, 22.0484962463, 23.1539993286, 21.4563827515, 18.7005405426, 15.2447576523, 11.5593242645, 12.7656984329, 11.1808681488, 10.4023170471, 11.0629119873, 9.62443828583, 7.9768652916, 5.8149600029, 3.42552185059, 1.50761532784, 0.357900798321, 0.0718713179231, 0.00548848509789, 0.00024625507649],
        "dmean2": [0.370193839073, 2.22906780243, 4.58659553528, 6.21223497391, 20.4472465515, 17.451625824, 10.0207605362, 10.953587532, 16.9677467346, 26.097990036, 37.1111488342, 32.9679298401, 59.6719779968, 22.0840015411, 23.6458148956, 33.7036514282, 34.7406997681, 39.0356254578, 26.9693851471, 33.8529624939, 34.9867897034, 36.7535934448, 39.0823097229, 36.417930603, 32.3429412842, 25.6484260559, 19.1470928192, 21.0490970612, 18.0792636871, 16.0509243011, 16.3383655548, 14.6026105881, 11.8499317169, 8.69740772247, 5.16721200943, 2.2741253376, 0.540376126766, 0.110603071749, 0.00857789069414, 0.000384914397728],
        "dvar": [0.327184468508, 8.82201290131, 52.3487091064, 120.288887024, 2379.90478516, 1688.55078125, 227.383926392, 191.527557373, 458.3621521, 1345.18920898, 2430.98461914, 1720.77429199, 6597.56396484, 1024.33251953, 2179.99487305, 2965.02758789, 4299.59570312, 2989.51586914, 1160.72216797, 2539.82324219, 2206.08251953, 1332.33398438, 1605.24377441, 1061.25878906, 1162.98071289, 642.978210449, 438.136138916, 563.095214844, 336.994293213, 247.260543823, 356.056518555, 235.104217529, 184.62210083, 100.825935364, 38.4192657471, 8.83295631409, 0.46068379283, 0.0259790103883, 0.00022826998611, 6.95152891694e-07],
        "dvar2": [0.569536745548, 22.0877895355, 139.224655151, 337.977905273, 4730.36474609, 3922.72460938, 575.934265137, 446.672302246, 1049.00756836, 3511.75463867, 6522.61230469, 4255.70703125, 16026.09375, 2046.23840332, 4304.07714844, 7500.75, 10128.1650391, 8256.17382812, 2912.0559082, 6303.8203125, 5609.40722656, 3569.85473633, 4353.45019531, 2904.86987305, 3299.65478516, 1824.31396484, 1208.96179199, 1567.45751953, 879.778076172, 563.100463867, 769.155029297, 541.723693848, 422.72744751, 234.441619873, 88.0671386719, 19.7932071686, 1.03203058243, 0.0605615675449, 0.000563643523492, 1.69008785633e-06],
        "max": [6.77613449097, 29.5501422882, 72.9077911377, 94.8084487915, 418.372467041, 387.323150635, 353.570159912, 184.079391479, 316.658538818, 532.481445312, 594.470825195, 692.008422852, 666.426208496, 624.664672852, 1079.33337402, 915.137451172, 1465.25976562, 559.803100586, 470.345855713, 1149.02233887, 1351.4329834, 630.512939453, 461.621643066, 367.047790527, 582.418151855, 413.167114258, 394.671203613, 248.210296631, 203.136520386, 257.082855225, 225.178207397, 250.145202637, 197.896652222, 123.977615356, 76.8287887573, 38.027179718, 6.89015436172, 2.18653249741, 0.2467867136, 0.0212264228612],
        "mean": [0.649570345879, 2.23731946945, 2.64366698265, 2.85191583633, 11.5336027145, 9.21841239929, 5.5801987648, 8.12787818909, 12.5993204117, 13.5462532043, 17.2710952759, 22.1981678009, 42.9976844788, 18.2478656769, 21.0394382477, 25.0183830261, 21.0138759613, 24.0142021179, 20.5390968323, 24.3876476288, 31.0416717529, 31.7647018433, 30.9776363373, 29.4560470581, 26.0543479919, 22.1312618256, 20.0703334808, 21.073392868, 20.412530899, 19.9574794769, 19.3057441711, 16.6623592377, 12.9012947083, 9.0820608139, 5.06385707855, 2.12452530861, 0.550700545311, 0.10782828182, 0.00736116757616, 0.000360828038538],
        "median": [0.0511384755373, 0.402938842773, 0.582253336906, 0.26357409358, 0.461209654808, 0.621369838715, 0.829042673111, 1.50941205025, 2.64846014977, 2.9742975235, 3.04881620407, 5.04414367676, 7.70807552338, 5.91409492493, 4.66158151627, 5.49319648743, 5.31752681732, 7.9447183609, 7.34501314163, 9.3505191803, 11.932466507, 12.9597129822, 15.2821235657, 17.9667243958, 15.1649513245, 12.1584815979, 10.1528053284, 11.6174468994, 12.4309406281, 12.0424938202, 10.4326486588, 8.10450363159, 5.33589839935, 3.39785766602, 1.72670125961, 0.705156683922, 0.185011178255, 0.031627997756, 0.00162942940369, 0.000117173971375],
        "min": [8.51660039293e-23, 4.94814605765e-22, 3.23908438434e-21, 3.62829527882e-21, 9.73259335481e-21, 1.97417574555e-20, 4.71126049317e-20, 4.8270114952e-20, 1.64273804503e-19, 1.47097450782e-19, 2.27861091045e-19, 1.88998698301e-19, 3.59537077625e-19, 8.94400721249e-19, 7.19677531809e-19, 1.2727159103e-18, 1.57052615983e-18, 1.82744628674e-18, 2.22796734613e-18, 1.94731551085e-18, 3.06057116158e-18, 4.31981633221e-18, 4.42971058531e-18, 6.23882613609e-18, 5.76915587941e-18, 7.47042114038e-18, 1.01292840316e-17, 1.06745639729e-17, 9.55104425157e-18, 1.0762195487e-17, 1.0193358269e-17, 9.67430657055e-18, 8.94938616122e-18, 7.97971541635e-18, 6.11046673017e-18, 4.22556447808e-18, 2.26694078788e-18, 9.57014881499e-19, 2.40577364451e-19, 2.55467009681e-20],
        "stdev": [1.09844613075, 3.61579465866, 6.60275602341, 8.92539405823, 50.6030426025, 39.0441055298, 18.1214179993, 18.9427661896, 28.0843200684, 32.9051437378, 42.9400405884, 43.4386672974, 90.5383529663, 41.4797325134, 75.2481002808, 74.416267395, 70.8336791992, 50.5304260254, 39.8262290955, 51.7772407532, 54.4203605652, 46.5183830261, 44.5904998779, 36.42420578, 35.3365516663, 27.6949882507, 26.9848632812, 27.0411396027, 25.2469463348, 24.9498138428, 28.0546703339, 23.5075092316, 19.2311859131, 13.5061864853, 7.89186429977, 3.51841545105, 0.878971576691, 0.202419310808, 0.0176783036441, 0.00101250782609],
        "var": [1.20658385754, 13.0739707947, 43.5963859558, 79.6626663208, 2560.66796875, 1524.44226074, 328.385772705, 358.828369141, 788.729064941, 1082.74841309, 1843.84716797, 1886.91772461, 8197.19335938, 1720.56835938, 5662.27636719, 5537.78125, 5017.40966797, 2553.32397461, 1586.12854004, 2680.8828125, 2961.57568359, 2163.95996094, 1988.31262207, 1326.72277832, 1248.67175293, 767.012390137, 728.182861328, 731.223266602, 637.40826416, 622.493164062, 787.064575195, 552.603027344, 369.838531494, 182.41708374, 62.2815246582, 12.3792476654, 0.772590994835, 0.0409735776484, 0.000312522402965, 1.02517208234e-06]
    },
    "gfcc": {
        "mean": [-18.6372776031, 24.049287796, -112.102478027, 30.1446399689, -57.7645263672, 18.1520881653, -31.88879776, 22.1566333771, -16.9121189117, 5.97346448898, -13.0405025482, 5.16689682007, -10.398680687],
        "cov": [[36526.8398438, -2575.84619141, 557.09954834, 1724.0144043, -712.26739502, 1831.10290527, -688.011413574, 710.372131348, -575.339904785, 738.655822754, -696.090759277, 356.285888672, -386.228515625], [-2575.84619141, 4193.71826172, 310.621673584, 576.299926758, 679.760253906, -343.160919189, 218.75541687, -29.2723255157, 308.226257324, -181.233184814, 329.60043335, -144.738876343, 140.581680298], [557.09954834, 310.621673584, 2486.58911133, 908.456359863, 462.581359863, 625.380126953, -25.4596424103, 101.871078491, 46.1210784912, 155.301834106, -53.7046775818, 61.5367889404, -47.9208908081], [1724.0144043, 576.299926758, 908.456359863, 957.548034668, 461.590881348, 397.653045654, 78.2796478271, 51.7465438843, 90.4350814819, 39.1176757812, 2.03201818466, 30.0581588745, 45.7068367004], [-712.26739502, 679.760253906, 462.581359863, 461.590881348, 828.316345215, 319.435119629, 294.548828125, 104.157058716, 204.426330566, 83.3930892944, 81.8657531738, 31.3347549438, 94.2325668335], [1831.10290527, -343.160919189, 625.380126953, 397.653045654, 319.435119629, 733.491760254, 255.804107666, 243.132369995, 121.486419678, 169.030334473, -10.2844581604, 65.689781189, -9.44220733643], [-688.011413574, 218.75541687, -25.4596424103, 78.2796478271, 294.548828125, 255.804107666, 473.622802734, 217.186782837, 214.441986084, 57.8837165833, 72.2823562622, 7.78991889954, 76.1978759766], [710.372131348, -29.2723255157, 101.871078491, 51.7465438843, 104.157058716, 243.132369995, 217.186782837, 350.232513428, 195.355010986, 117.153610229, 45.2959365845, 46.9415397644, 34.1585083008], [-575.339904785, 308.226257324, 46.1210784912, 90.4350814819, 204.426330566, 121.486419678, 214.441986084, 195.355010986, 332.01763916, 130.563156128, 116.326370239, 20.9992218018, 66.9900360107], [738.655822754, -181.233184814, 155.301834106, 39.1176757812, 83.3930892944, 169.030334473, 57.8837165833, 117.153610229, 130.563156128, 264.404785156, 101.81451416, 85.6153259277, 1.05206537247], [-696.090759277, 329.60043335, -53.7046775818, 2.03201818466, 81.8657531738, -10.2844581604, 72.2823562622, 45.2959365845, 116.326370239, 101.81451416, 248.686447144, 86.6583633423, 46.0331344604], [356.285888672, -144.738876343, 61.5367889404, 30.0581588745, 31.3347549438, 65.689781189, 7.78991889954, 46.9415397644, 20.9992218018, 85.6153259277, 86.6583633423, 162.493148804, 52.6333808899], [-386.228515625, 140.581680298, -47.9208908081, 45.7068367004, 94.2325668335, -9.44220733643, 76.1978759766, 34.1585083008, 66.9900360107, 1.05206537247, 46.0331344604, 52.6333808899, 133.062698364]],
        "icov": [[6.61755693727e-05, -3.55119191227e-05, 0.000118351839774, -0.000212381608435, 0.000118714917335, -0.000155165849719, 0.000147005092003, -0.000205885662581, 0.000217445674934, -0.000292984914267, 0.000257051084191, -0.00012405855523, 7.17532966519e-05], [-3.55119191227e-05, 0.000525967741851, -0.000148703838931, -0.000193408399355, -0.00036616603029, 0.000615402648691, -0.000149856539792, -5.9275818785e-05, -0.000284179230221, 0.000647807784844, -0.00100524944719, 0.000730740546715, -4.52039166703e-05], [0.000118351839774, -0.000148703838931, 0.000957422947977, -0.000846809067298, 0.000113983020128, -0.000695406575687, 0.000650727713946, -0.000425505946623, 0.000438388698967, -0.000780705711804, 0.000748375430703, -0.00043436177657, 0.000441223935923], [-0.000212381608435, -0.000193408399355, -0.000846809067298, 0.00312411179766, -0.000955963099841, -0.000750140636228, 0.000247190939263, 0.00111514853779, -0.00106736691669, 0.00139399711043, -0.000488648773171, 0.000166311932844, -0.000964671489783], [0.000118714917335, -0.00036616603029, 0.000113983020128, -0.000955963099841, 0.00277718482539, -0.000847631308716, -0.000854701735079, 0.000537268409971, -0.000101329809695, -0.000996770104393, 0.000771469320171, -0.000435363763245, -0.000610304588918], [-0.000155165849719, 0.000615402648691, -0.000695406575687, -0.000750140636228, -0.000847631308716, 0.0045366268605, -0.0021260199137, -0.00101911101956, 0.000277286453638, -0.000322659412632, -0.000331143528456, -0.000102432670246, 0.00132596876938], [0.000147005092003, -0.000149856539792, 0.000650727713946, 0.000247190939263, -0.000854701735079, -0.0021260199137, 0.00546834152192, -0.00189816812053, -0.000779646739829, 0.000507018645294, -0.000225661147851, 0.000959683500696, -0.00136829924304], [-0.000205885662581, -5.9275818785e-05, -0.000425505946623, 0.00111514853779, 0.000537268409971, -0.00101911101956, -0.00189816812053, 0.00690723350272, -0.00356901134364, 0.000459546339698, 0.00039208700764, -0.00120829686057, -7.47701633372e-05], [0.000217445674934, -0.000284179230221, 0.000438388698967, -0.00106736691669, -0.000101329809695, 0.000277286453638, -0.000779646739829, -0.00356901134364, 0.00853921473026, -0.00394724030048, -0.000811192963738, 0.00233416445553, -0.00200047320686], [-0.000292984914267, 0.000647807784844, -0.000780705711804, 0.00139399711043, -0.000996770104393, -0.000322659412632, 0.000507018645294, 0.000459546339698, -0.00394724030048, 0.00933903176337, -0.00348703912459, -0.00170229771174, 0.00177293573506], [0.000257051084191, -0.00100524944719, 0.000748375430703, -0.000488648773171, 0.000771469320171, -0.000331143528456, -0.000225661147851, 0.00039208700764, -0.000811192963738, -0.00348703912459, 0.00939044170082, -0.00513403723016, 0.000922390376218], [-0.00012405855523, 0.000730740546715, -0.00043436177657, 0.000166311932844, -0.000435363763245, -0.000102432670246, 0.000959683500696, -0.00120829686057, 0.00233416445553, -0.00170229771174, -0.00513403723016, 0.012833610177, -0.00574593432248], [7.17532966519e-05, -4.52039166703e-05, 0.000441223935923, -0.000964671489783, -0.000610304588918, 0.00132596876938, -0.00136829924304, -7.47701633372e-05, -0.00200047320686, 0.00177293573506, 0.000922390376218, -0.00574593432248, 0.0125374281779]]
    },
    "melbands": {
        "dmean": [0.00211073481478, 0.00139601062983, 0.000828809395898, 0.000963750702795, 0.000217017834075, 0.000152748834807, 0.000158134236699, 0.000183019365068, 0.000169083621586, 0.000140941585414, 0.000186527773621, 5.38218737347e-05, 5.112967483e-05, 5.72086973989e-05, 4.38396236859e-05, 4.979861842e-05, 4.27409431722e-05, 2.74825379165e-05, 2.98930608551e-05, 2.55354461842e-05, 3.06787296722e-05, 2.76023420156e-05, 2.2732108846e-05, 1.91007929971e-05, 1.83911051863e-05, 1.55336383614e-05, 1.26400072986e-05, 1.05410199467e-05, 6.99052725395e-06, 8.2567521531e-06, 7.90774265624e-06, 6.54174436931e-06, 7.04030617271e-06, 5.8175205595e-06, 6.55820485918e-06, 6.6426837293e-06, 6.02851241638e-06, 5.86679789194e-06, 5.80552023166e-06, 4.83151825392e-06],
        "dmean2": [0.00286593218334, 0.00224802689627, 0.00139139511157, 0.00153540319297, 0.000380232348107, 0.000251723686233, 0.000257477513514, 0.000316553778248, 0.000292763521429, 0.000226921954891, 0.000295575824566, 8.6979700427e-05, 7.81544149504e-05, 9.67501327978e-05, 7.57649468142e-05, 8.30573480926e-05, 7.30504398234e-05, 4.54395631095e-05, 4.96392640343e-05, 4.28338280472e-05, 5.04600066051e-05, 4.67294012196e-05, 3.8144276914e-05, 3.25639630319e-05, 3.12103838951e-05, 2.70004657068e-05, 2.14194005821e-05, 1.79249018402e-05, 1.16048904601e-05, 1.37979168358e-05, 1.30373537104e-05, 1.07231235233e-05, 1.12241950774e-05, 8.96244000614e-06, 9.83778136288e-06, 9.99114763545e-06, 9.34349463932e-06, 8.95035645954e-06, 8.88971680979e-06, 7.39657207305e-06],
        "dvar": [1.52273905769e-05, 1.06117449832e-05, 5.68075211049e-06, 1.50155219671e-05, 3.46367670545e-07, 9.84629195955e-08, 1.02374720257e-07, 2.34813711586e-07, 1.33528928359e-07, 8.91126674674e-08, 1.62503241086e-07, 1.65677320751e-08, 2.50197214058e-08, 2.96995601445e-08, 1.07422000184e-08, 2.62023291953e-08, 9.77398606494e-09, 3.57897955716e-09, 4.11660749933e-09, 6.04318550756e-09, 3.56870888396e-09, 2.29461050161e-09, 1.62334479192e-09, 9.70628133423e-10, 8.38470903819e-10, 9.66145607961e-10, 4.26188973002e-10, 3.52746415411e-10, 1.30291513689e-10, 3.04887309843e-10, 1.94513918861e-10, 1.17100884545e-10, 1.1384913845e-10, 8.06732458614e-11, 1.27630184199e-10, 1.23823326592e-10, 9.20342066446e-11, 1.0798496819e-10, 1.23353799397e-10, 7.39881489409e-11],
        "dvar2": [2.82027249341e-05, 2.68616004178e-05, 1.32523782668e-05, 3.21609550156e-05, 9.29617328893e-07, 2.22201023803e-07, 2.25413216981e-07, 6.32024580227e-07, 3.5572642787e-07, 2.20569532416e-07, 3.95853703594e-07, 3.31734923975e-08, 4.69340228904e-08, 7.78159261472e-08, 2.90446795503e-08, 5.79975143467e-08, 2.72803983847e-08, 8.87619755474e-09, 1.06022373103e-08, 1.4658428249e-08, 9.08341402095e-09, 6.11606010281e-09, 4.25606572207e-09, 2.70338884611e-09, 2.27867413827e-09, 2.73462918976e-09, 1.18145171424e-09, 1.00307251394e-09, 3.61687790829e-10, 8.26270885046e-10, 5.2992615851e-10, 3.06209640977e-10, 2.83138790191e-10, 1.85033779965e-10, 2.79927081515e-10, 2.74688383151e-10, 2.19184712047e-10, 2.52954712732e-10, 2.93588431344e-10, 1.77128089973e-10],
        "max": [0.042776837945, 0.0321708880365, 0.0171111915261, 0.0342929325998, 0.0104538910091, 0.0041487775743, 0.00474156765267, 0.00664693070576, 0.00467076897621, 0.00535805150867, 0.00327944173478, 0.00241008773446, 0.00392402894795, 0.00336892157793, 0.00200846744701, 0.00346349249594, 0.000996741699055, 0.000896016543265, 0.00142752868123, 0.001991920406, 0.00125390861649, 0.000789490761235, 0.000693762209266, 0.000366193824448, 0.000360997160897, 0.000524639501236, 0.000324562424794, 0.000396109971916, 0.000182754141861, 0.000359250057954, 0.000187397337868, 0.000106509651232, 0.00025236181682, 0.000140165298944, 0.000138711198815, 0.000144750301843, 0.000158340932103, 0.000149423707626, 0.000116396317026, 0.000111745692266],
        "mean": [0.00469955615699, 0.00179876259062, 0.000744796649087, 0.000859005027451, 0.000197957357159, 0.000193272077013, 0.000190231134184, 0.000152336171595, 0.00013973559544, 0.000150018269778, 0.000210862781387, 6.69969667797e-05, 6.87083083903e-05, 6.91339737386e-05, 4.86032367917e-05, 4.6865457989e-05, 4.40254771092e-05, 3.13294913212e-05, 3.38754798577e-05, 2.94428864436e-05, 4.14793757955e-05, 3.62742939615e-05, 2.90585721814e-05, 2.49392069236e-05, 2.36991727434e-05, 1.96444252651e-05, 1.69019276655e-05, 1.42012495417e-05, 1.18411071526e-05, 1.25081114675e-05, 1.22644141811e-05, 1.10997789307e-05, 1.18688794828e-05, 1.07067662611e-05, 1.11255994852e-05, 1.08149088192e-05, 9.99090116238e-06, 9.10942526389e-06, 8.54636255099e-06, 7.39704864827e-06],
