{
"highlevel": {
    "danceability": {
        "all": {
            "danceable": 0.625362157822,
            "not_danceable": 0.374637812376
        },
        "probability": 0.625362157822,
        "value": "danceable"
    },
    "gender": {
        "all": {
            "female": 0.773855447769,
            "male": 0.226144522429
        },
        "probability": 0.773855447769,
        "value": "female"
    },
    "genre_electronic": {
        "all": {
            "ambient": 0.255013138056,
            "dnb": 0.00916371308267,
            "house": 0.648935198784,
            "techno": 0.054712921381,
            "trance": 0.032175026834
        },
        "probability": 0.648935198784,
        "value": "house"
    },
    "mood_acoustic": {
        "all": {
            "acoustic": 0.184240236878,
            "not_acoustic": 0.815759778023
        },
        "probability": 0.815759778023,
        "value": "not_acoustic"
    },
    "mood_aggressive": {
        "all": {
            "aggressive": 0.0253614392132,
            "not_aggressive": 0.974638581276
        },
        "probability": 0.974638581276,
        "value": "not_aggressive"
    },
    "mood_electronic": {
        "all": {
            "electronic": 0.758222997189,
            "not_electronic": 0.241776973009
        },
        "probability": 0.758222997189,
        "value": "electronic"
    },
    "mood_happy": {
        "all": {
            "happy": 0.370741456747,
            "not_happy": 0.629258513451
        },
        "probability": 0.629258513451,
        "value": "not_happy"
    },
    "mood_party": {
        "all": {
            "not_party": 0.754906415939,
            "party": 0.245093554258
        },
        "probability": 0.754906415939,
        "value": "not_party"
    },
    "mood_relaxed": {
        "all": {
            "not_relaxed": 0.211934760213,
            "relaxed": 0.788065254688
        },
        "probability": 0.788065254688,
        "value": "relaxed"
    },
    "mood_sad": {
        "all": {
            "not_sad": 0.778514206409,
            "sad": 0.221485808492
        },
        "probability": 0.778514206409,
        "value": "not_sad"
    },
    "moods_mirex": {
        "all": {
            "Cluster1": 0.047006662935,
            "Cluster2": 0.162404030561,
            "Cluster3": 0.113307014108,
            "Cluster4": 0.534299194813,
            "Cluster5": 0.142983078957
        },
        "probability": 0.534299194813,
        "value": "Cluster4"
    },
    "timbre": {
        "all": {
            "bright": 0.0322217009962,
            "dark": 0.967778325081
        },
        "probability": 0.967778325081,
        "value": "dark"
    },
    "tonal_atonal": {
        "all": {
            "atonal": 0.961355745792,
            "tonal": 0.0386442691088
        },
        "probability": 0.961355745792,
        "value": "atonal"
    },
    "voice_instrumental": {
        "all": {
            "instrumental": 0.986725211143,
            "voice": 0.0132747916505
        },
        "probability": 0.986725211143,
        "value": "instrumental"
    }
},
"lowlevel": {
    "average_loudness": 0.426060140133,
    "barkbands_crest": {
        "dmean": 2.35641932487,
        "dmean2": 3.58763051033,
        "dvar": 7.1261882782,
        "dvar2": 17.1743564606,
        "max": 26.9190597534,
        "mean": 12.0824050903,
        "median": 11.3810443878,
        "min": 2.1904630661,
        "stdev": 5.07345914841,
        "var": 25.739988327
    },
    "barkbands_flatness_db": {
        "dmean": 0.0376786068082,
        "dmean2": 0.0521966479719,
        "dvar": 0.00255971029401,
        "dvar2": 0.00500738620758,
        "max": 0.762836575508,
        "mean": 0.243972569704,
        "median": 0.218798935413,
        "min": 0.0193758327514,
        "stdev": 0.121588587761,
        "var": 0.0147837847471
    },
    "barkbands_kurtosis": {
        "dmean": 16.4631614685,
        "dmean2": 25.4801807404,
        "dvar": 3227.49145508,
        "dvar2": 7701.29980469,
        "max": 3673.5859375,
        "mean": 24.0034217834,
        "median": 5.13030338287,
        "min": -1.94481861591,
        "stdev": 67.3654937744,
        "var": 4538.109375
    },
    "barkbands_skewness": {
        "dmean": 1.10483717918,
        "dmean2": 1.6114923954,
        "dvar": 3.14796710014,
        "dvar2": 7.06258058548,
        "max": 49.0711631775,
        "mean": 2.59644007683,
        "median": 1.96882760525,
        "min": -4.67087316513,
        "stdev": 3.03391075134,
        "var": 9.20461463928
    },
    "barkbands_spread": {
        "dmean": 6.08850717545,
        "dmean2": 9.15975856781,
        "dvar": 99.520942688,
        "dvar2": 208.635360718,
        "max": 121.392990112,
        "mean": 17.0846614838,
        "median": 11.3045806885,
        "min": 0.0238254144788,
        "stdev": 18.047164917,
        "var": 325.700134277
    },
    "dissonance": {
        "dmean": 0.0217794589698,
        "dmean2": 0.0340575352311,
        "dvar": 0.000839194457512,
        "dvar2": 0.00180830899626,
        "max": 0.500000119209,
        "mean": 0.446011811495,
        "median": 0.464383900166,
        "min": 0.0279128365219,
        "stdev": 0.0607399903238,
        "var": 0.00368934636936
    },
    "dynamic_complexity": 5.76825904846,
    "erbbands_crest": {
        "dmean": 2.54044890404,
        "dmean2": 3.98435282707,
        "dvar": 7.25990867615,
        "dvar2": 16.9664916992,
        "max": 32.8741378784,
        "mean": 10.4148569107,
        "median": 9.21808815002,
        "min": 2.24471902847,
        "stdev": 5.21202993393,
        "var": 27.1652565002
    },
    "erbbands_flatness_db": {
        "dmean": 0.0266467165202,
        "dmean2": 0.036051351577,
        "dvar": 0.00135867309291,
        "dvar2": 0.00226873112842,
        "max": 0.637203276157,
        "mean": 0.221487402916,
        "median": 0.206508815289,
        "min": 0.0393430814147,
        "stdev": 0.0920457690954,
        "var": 0.0084724240005
    },
    "erbbands_kurtosis": {
        "dmean": 4.60715389252,
        "dmean2": 6.75699663162,
        "dvar": 161.763427734,
        "dvar2": 321.552154541,
        "max": 352.273742676,
        "mean": 6.37418699265,
        "median": -0.106226325035,
        "min": -1.91566121578,
        "stdev": 19.2744579315,
        "var": 371.504699707
    },
    "erbbands_skewness": {
        "dmean": 0.70332634449,
        "dmean2": 0.987298667431,
        "dvar": 0.972575485706,
        "dvar2": 1.83708846569,
        "max": 13.3671722412,
        "mean": 0.93470042944,
        "median": 0.411966145039,
        "min": -5.11919927597,
        "stdev": 1.98441648483,
        "var": 3.93790864944
    },
    "erbbands_spread": {
        "dmean": 12.3094902039,
        "dmean2": 18.4824752808,
        "dvar": 310.241119385,
        "dvar2": 646.726074219,
        "max": 169.743209839,
        "mean": 42.2201652527,
        "median": 36.7909545898,
        "min": 0.330333948135,
        "stdev": 30.3515758514,
        "var": 921.218139648
    },
    "hfc": {
        "dmean": 7.24697732925,
        "dmean2": 10.6685686111,
        "dvar": 328.628295898,
        "dvar2": 756.089416504,
        "max": 225.697875977,
        "mean": 12.8501701355,
        "median": 5.73492717743,
        "min": 1.14426488173e-16,
        "stdev": 21.2920780182,
        "var": 453.352600098
    },
    "loudness_ebu128": {
        "integrated": -15.3208179474,
        "loudness_range": 8.63451290131,
        "momentary": {
            "dmean": 1.0296818018,
            "dmean2": 1.39761531353,
            "dvar": 1.95447349548,
            "dvar2": 3.84410691261,
            "max": -9.65354156494,
            "mean": -18.0182247162,
            "median": -15.8987426758,
            "min": -85.2863464355,
            "stdev": 8.18895816803,
            "var": 67.0590362549
        },
        "short_term": {
            "dmean": 0.150220543146,
            "dmean2": 0.165022328496,
            "dvar": 0.0680111721158,
            "dvar2": 0.0765264630318,
            "max": -11.5640516281,
            "mean": -17.0434913635,
            "median": -15.669470787,
            "min": -78.9524078369,
            "stdev": 6.23468112946,
            "var": 38.8712463379
        }
    },
    "melbands_crest": {
        "dmean": 2.72796869278,
        "dmean2": 4.09455919266,
        "dvar": 9.22826290131,
        "dvar2": 20.9700698853,
        "max": 39.0686607361,
        "mean": 16.6729354858,
        "median": 16.0625724792,
        "min": 1.01263296604,
        "stdev": 6.39185714722,
        "var": 40.8558349609
    },
    "melbands_flatness_db": {
        "dmean": 0.0428925193846,
        "dmean2": 0.0583815835416,
        "dvar": 0.00342286028899,
        "dvar2": 0.00659143971279,
        "max": 0.944804191589,
        "mean": 0.302145421505,
        "median": 0.271483302116,
        "min": 2.46783770308e-06,
        "stdev": 0.158692792058,
        "var": 0.0251834038645
    },
    "melbands_kurtosis": {
        "dmean": 29.7459545135,
        "dmean2": 45.8191108704,
        "dvar": 7327.85253906,
        "dvar2": 16922.7460938,
        "max": 4672.56640625,
        "mean": 51.2964134216,
        "median": 15.9313764572,
        "min": -1.9329406023,
        "stdev": 108.155181885,
        "var": 11697.5439453
    },
    "melbands_skewness": {
        "dmean": 1.3543202877,
        "dmean2": 2.00168395042,
        "dvar": 4.19606256485,
        "dvar2": 8.87244033813,
        "max": 48.8347434998,
        "mean": 4.02888202667,
        "median": 3.1190032959,
        "min": -3.17678356171,
        "stdev": 3.64468860626,
        "var": 13.2837543488
    },
    "melbands_spread": {
        "dmean": 8.0757894516,
        "dmean2": 12.3796129227,
        "dvar": 262.300476074,
        "dvar2": 606.10168457,
        "max": 268.928894043,
        "mean": 20.2897701263,
        "median": 9.51660442352,
        "min": 0.0743085294962,
        "stdev": 26.6624546051,
        "var": 710.886535645
    },
    "pitch_salience": {
        "dmean": 0.0736366957426,
        "dmean2": 0.113033235073,
        "dvar": 0.00767168635502,
        "dvar2": 0.0185466315597,
        "max": 0.997663378716,
        "mean": 0.524472773075,
        "median": 0.531106114388,
        "min": 0.0245637334883,
        "stdev": 0.162079274654,
        "var": 0.0262696892023
    },
    "silence_rate_20dB": {
        "dmean": 0.00141937448643,
        "dmean2": 0.0028388928622,
        "dvar": 0.00141730520409,
        "dvar2": 0.00425006914884,
        "max": 1,
        "mean": 0.999290347099,
        "median": 1,
        "min": 0,
        "stdev": 0.0266338419169,
        "var": 0.000709361513145
    },
    "silence_rate_30dB": {
        "dmean": 0.0378161892295,
        "dmean2": 0.075636215508,
        "dvar": 0.0363768301904,
        "dvar2": 0.0771221145988,
        "max": 1,
        "mean": 0.952960252762,
        "median": 1,
        "min": 0,
        "stdev": 0.211712986231,
        "var": 0.0448223911226
    },
    "silence_rate_60dB": {
        "dmean": 0.0496781058609,
        "dmean2": 0.0993612483144,
        "dvar": 0.0472015812993,
        "dvar2": 0.0976121798158,
        "max": 1,
        "mean": 0.247566908598,
        "median": 0,
        "min": 0,
        "stdev": 0.431591868401,
        "var": 0.18627153337
    },
    "spectral_centroid": {
        "dmean": 297.556182861,
        "dmean2": 441.668518066,
        "dvar": 191954.546875,
        "dvar2": 388369.03125,
        "max": 11522.7910156,
        "mean": 1316.58056641,
        "median": 933.543334961,
        "min": 51.361869812,
        "stdev": 1089.81994629,
        "var": 1187707.625
    },
    "spectral_complexity": {
        "dmean": 3.39179801941,
        "dmean2": 5.11669874191,
        "dvar": 41.2115783691,
        "dvar2": 79.4210205078,
        "max": 70,
        "mean": 9.64775943756,
        "median": 6,
        "min": 0,
        "stdev": 10.0801973343,
        "var": 101.61038208
    },
    "spectral_decrease": {
        "dmean": 3.38931749333e-09,
        "dmean2": 5.17226439456e-09,
        "dvar": 9.04348688945e-17,
        "dvar2": 2.04383372405e-16,
        "max": 7.57907660081e-29,
        "mean": -7.30401605864e-09,
        "median": -2.83752221719e-09,
        "min": -1.18607879074e-07,
        "stdev": 1.17378320397e-08,
        "var": 1.37776698369e-16
    },
    "spectral_energy": {
        "dmean": 0.0132752768695,
        "dmean2": 0.0201770067215,
        "dvar": 0.00133678666316,
        "dvar2": 0.00300727738068,
        "max": 0.4521740973,
        "mean": 0.0287326518446,
        "median": 0.0117357159033,
        "min": 1.0364382436e-20,
        "stdev": 0.0453503727913,
        "var": 0.00205665640533
    },
    "spectral_energyband_high": {
        "dmean": 0.000625944987405,
        "dmean2": 0.000928493856918,
        "dvar": 3.20898993778e-06,
        "dvar2": 7.1262579695e-06,
        "max": 0.0283297840506,
        "mean": 0.000817540392745,
        "median": 0.000143638346344,
        "min": 7.38754924292e-21,
        "stdev": 0.00208303611726,
        "var": 4.33903960584e-06
    },
    "spectral_energyband_low": {
        "dmean": 0.00994644593447,
        "dmean2": 0.0155939552933,
        "dvar": 0.00122340058442,
        "dvar2": 0.00283479574136,
        "max": 0.443417906761,
        "mean": 0.0161015931517,
        "median": 0.00215033302084,
        "min": 2.3824198872e-23,
        "stdev": 0.0394828021526,
        "var": 0.00155889173038
    },
    "spectral_energyband_middle_high": {
        "dmean": 0.00099107704591,
        "dmean2": 0.00160089449491,
        "dvar": 6.90620299792e-06,
        "dvar2": 1.79411235877e-05,
        "max": 0.0443750470877,
        "mean": 0.00162020220887,
        "median": 0.000501937232912,
        "min": 1.4733732589e-21,
        "stdev": 0.00303095439449,
        "var": 9.18668501981e-06
    },
    "spectral_energyband_middle_low": {
        "dmean": 0.00482825329527,
        "dmean2": 0.00744669651613,
        "dvar": 0.000135636990308,
        "dvar2": 0.000347162946127,
        "max": 0.193009644747,
        "mean": 0.0129126254469,
        "median": 0.00532772298902,
        "min": 1.81828273468e-22,
        "stdev": 0.0177366957068,
        "var": 0.000314590375638
    },
    "spectral_entropy": {
        "dmean": 0.318282395601,
        "dmean2": 0.419217646122,
        "dvar": 0.191305145621,
        "dvar2": 0.324921041727,
        "max": 9.80395412445,
        "mean": 6.88609838486,
        "median": 7.08089733124,
        "min": 3.14765620232,
        "stdev": 1.06917417049,
        "var": 1.14313328266
    },
    "spectral_flux": {
        "dmean": 0.0298666153103,
        "dmean2": 0.045571833849,
        "dvar": 0.00339341489598,
        "dvar2": 0.00670098839328,
        "max": 0.60313385725,
        "mean": 0.0617732815444,
        "median": 0.0360669642687,
        "min": 6.90363391453e-11,
        "stdev": 0.079705439508,
        "var": 0.00635295687243
    },
    "spectral_kurtosis": {
        "dmean": 7.98774623871,
        "dmean2": 12.4796037674,
        "dvar": 1168.01623535,
        "dvar2": 2489.40356445,
        "max": 1007.86791992,
        "mean": 14.2451572418,
        "median": 3.62992501259,
        "min": -1.20173943043,
        "stdev": 46.7197494507,
        "var": 2182.73510742
    },
    "spectral_rms": {
        "dmean": 0.000914172444027,
        "dmean2": 0.0013019774342,
        "dvar": 3.22599271385e-06,
        "dvar2": 6.62103093418e-06,
        "max": 0.0210034642369,
        "mean": 0.00419872207567,
        "median": 0.00338370772079,
        "min": 3.17987303156e-12,
        "stdev": 0.00322527834214,
        "var": 1.04024202301e-05
    },
    "spectral_rolloff": {
        "dmean": 587.435913086,
        "dmean2": 965.108398438,
        "dvar": 1671647.25,
        "dvar2": 3491184,
        "max": 19272.2167969,
        "mean": 1755.07275391,
        "median": 452.197265625,
        "min": 21.533203125,
        "stdev": 2464.78686523,
        "var": 6075174.5
    },
    "spectral_skewness": {
        "dmean": 0.54949003458,
        "dmean2": 0.826988756657,
        "dvar": 1.51378846169,
        "dvar2": 2.78817296028,
        "max": 26.6383609772,
        "mean": 2.01178193092,
        "median": 1.31000614166,
        "min": -0.392409682274,
        "stdev": 2.32537341118,
        "var": 5.40736103058
    },
    "spectral_spread": {
        "dmean": 675524.25,
        "dmean2": 963460.25,
        "dvar": 847341158400,
        "dvar2": 1.55451077427e+12,
        "max": 40997332,
        "mean": 4405828,
        "median": 3753564.5,
        "min": 121455.140625,
        "stdev": 2408069.25,
        "var": 5.79879777075e+12
    },
    "spectral_strongpeak": {
        "dmean": 0.275596082211,
        "dmean2": 0.455386787653,
        "dvar": 0.241165742278,
        "dvar2": 0.635650515556,
        "max": 9.34717845917,
        "mean": 0.647358119488,
        "median": 0.479658067226,
        "min": 0,
        "stdev": 0.645743191242,
        "var": 0.416984260082
    },
    "zerocrossingrate": {
        "dmean": 0.0129873855039,
        "dmean2": 0.0141035951674,
        "dvar": 0.000381416408345,
        "dvar2": 0.00039570973604,
        "max": 0.57861328125,
        "mean": 0.0632354170084,
        "median": 0.03955078125,
        "min": 0,
        "stdev": 0.0640030503273,
        "var": 0.00409639067948
    },
    "barkbands": {
        "dmean": [0.000251247489359, 0.00729472609237, 0.00341264368035, 0.00247461907566, 0.00214660842903, 0.000454640045064, 0.000400332006393, 0.000200573020265, 0.000171877298271, 9.35726129683e-05, 0.000121480741655, 0.000150461622979, 0.000117678304377, 9.52078771661e-05, 0.000103505764855, 0.000126474813442, 9.045702609e-05, 0.000157362082973, 0.000176416040631, 0.000149053463247, 0.000173134350916, 0.000157724396558, 7.86977107055e-05, 0.000101629535493, 7.16692302376e-05, 2.46593936026e-05, 4.82398763779e-06],
        "dmean2": [0.0003296637733, 0.0114376218989, 0.00589678995311, 0.00373892346397, 0.00340156001039, 0.000729399383999, 0.000619455182459, 0.000315378216328, 0.000258440268226, 0.000150801963173, 0.000194223379367, 0.000248211465077, 0.00019464205252, 0.000150409556227, 0.000175806839252, 0.000213065373828, 0.000155295536388, 0.000264383503236, 0.000299991108477, 0.000248778436799, 0.000278983090539, 0.000228838951443, 0.00012047450582, 0.000149871266331, 0.000109767199319, 3.76639909518e-05, 7.5745151662e-06],
        "dvar": [7.09473795268e-07, 0.000839549174998, 0.000257542327745, 4.32346605521e-05, 3.50944319507e-05, 1.27603050259e-06, 1.16493015412e-06, 4.74816317819e-07, 2.16679865161e-07, 1.14890326586e-07, 1.33614150855e-07, 1.55470559093e-07, 1.21476105619e-07, 6.28012770676e-08, 7.09361671625e-08, 3.16114892485e-07, 6.46899920298e-08, 2.62768907078e-07, 1.9253910466e-07, 2.1475615597e-07, 2.37283785509e-07, 2.22814520612e-07, 5.84549724181e-08, 1.20604710219e-07, 7.39493799529e-08, 8.67621263723e-09, 1.02810249203e-09],
        "dvar2": [1.47445757648e-06, 0.00206165015697, 0.000731733744033, 0.00011006816203, 9.01817038539e-05, 3.27921020471e-06, 2.70350005849e-06, 1.16208298095e-06, 4.78240281154e-07, 2.81915731648e-07, 2.93488028547e-07, 3.98343047436e-07, 2.99438994489e-07, 1.43244449191e-07, 1.95540621917e-07, 8.26696691547e-07, 1.80993808385e-07, 6.93966455856e-07, 5.31239379598e-07, 5.70078270812e-07, 5.90275135437e-07, 4.72039175747e-07, 1.2918961545e-07, 2.95717768495e-07, 1.88794388123e-07, 2.23975362701e-08, 2.87665513632e-09],
        "max": [0.0235921479762, 0.429827511311, 0.267582654953, 0.13646247983, 0.0969378650188, 0.0174670312554, 0.0213247723877, 0.0186892785132, 0.0140713807195, 0.0129878893495, 0.0191334709525, 0.00977948494256, 0.0105574307963, 0.00931250490248, 0.00540163274854, 0.0222288444638, 0.00580667611212, 0.0127953216434, 0.00736276386306, 0.00835077092052, 0.0101303737611, 0.01047586184, 0.00434254016727, 0.00840397085994, 0.0065646325238, 0.00218460313044, 0.00170452019665],
        "mean": [0.000577330763917, 0.00884760916233, 0.00398596934974, 0.0054870666936, 0.00506145088002, 0.000874823890626, 0.000812504324131, 0.000325124681694, 0.000294146651868, 0.000122916011605, 0.00017319455219, 0.00019091811555, 0.000153885499458, 0.000140417891089, 0.000130679429276, 0.000135548398248, 0.000115836439363, 0.000173077627551, 0.000212462764466, 0.000164828481502, 0.000237111191382, 0.000207982579013, 9.95188820525e-05, 0.000107116073195, 7.25497375242e-05, 2.40251865762e-05, 4.32383149018e-06],
        "median": [3.35527079187e-06, 0.000119052783703, 0.000325615284964, 0.000795543834101, 0.00122084748, 0.000149040599354, 7.64717260608e-05, 3.00012143271e-05, 2.30709338211e-05, 8.19494016469e-06, 1.20630948004e-05, 2.05489886866e-05, 2.00001795747e-05, 2.19163412112e-05, 2.16939606617e-05, 2.00048707484e-05, 1.84543969226e-05, 2.62393969024e-05, 3.30232142005e-05, 1.99633032025e-05, 4.57311725768e-05, 2.75427482848e-05, 8.10804795037e-06, 4.76547756989e-06, 1.14232170745e-06, 3.60088847629e-07, 3.70422057472e-08],
        "min": [3.02681275054e-24, 7.33028485793e-24, 5.21970407209e-24, 2.66528647515e-23, 1.64872591834e-23, 9.41903549594e-24, 4.18108546554e-24, 1.04501926616e-23, 4.68327976095e-23, 4.81221339611e-23, 1.61508384064e-23, 6.40297633949e-23, 6.07935656609e-23, 5.29260854591e-23, 5.36657025112e-23, 9.41089287368e-23, 1.61781689657e-22, 1.24949874967e-22, 2.07491673141e-22, 4.38108507108e-22, 2.26730438141e-22, 3.62942003039e-22, 6.95139332432e-22, 8.89613361755e-22, 8.90350877282e-22, 1.59892931983e-21, 2.25707539245e-21],
        "stdev": [0.0014353407314, 0.0304895341396, 0.0132876913995, 0.00996237713844, 0.0089522562921, 0.00167520530522, 0.00178639707156, 0.00109098886605, 0.000753829837777, 0.000433954002801, 0.000499125511851, 0.000468358717626, 0.000474522588775, 0.000379210687242, 0.000300974556012, 0.000509994046297, 0.000289981573587, 0.000488517864142, 0.00044432253344, 0.000444495992269, 0.000520247616805, 0.000577726052143, 0.000289909512503, 0.000355565862264, 0.000258747575572, 8.61963999341e-05, 2.56584371527e-05],
        "var": [2.06020285987e-06, 0.000929611735046, 0.00017656275304, 9.92489585769e-05, 8.01428905106e-05, 2.80631275018e-06, 3.19121454595e-06, 1.1902566257e-06, 5.68259451939e-07, 1.88316064964e-07, 2.49126287599e-07, 2.19359890252e-07, 2.25171689294e-07, 1.4380074731e-07, 9.05856865074e-08, 2.6009391263e-07, 8.40893150666e-08, 2.38649704443e-07, 1.97422522774e-07, 1.97576682126e-07, 2.70657608326e-07, 3.33767388838e-07, 8.40475209429e-08, 1.26427082137e-07, 6.6950306632e-08, 7.42981987045e-09, 6.58355425731e-10]
    },
    "erbbands": {
        "dmean": [0.21000392735, 1.66448032856, 3.58935594559, 6.3183889389, 8.27562999725, 6.92401695251, 4.30031681061, 3.59399032593, 5.36592340469, 6.54502773285, 3.05590438843, 3.65406775475, 3.72202563286, 3.1405620575, 4.73795318604, 6.64348220825, 5.25093650818, 5.32834768295, 3.77661633492, 7.09144115448, 6.38646650314, 4.86587285995, 7.83910989761, 7.5790476799, 10.3470392227, 7.31532859802, 7.31594228745, 6.39021205902, 5.64806461334, 4.25360441208, 2.02316117287, 2.05135798454, 1.61958944798, 1.0047852993, 0.401103436947, 0.133597448468, 0.0427729301155, 0.00622330373153, 0.000902379513718, 6.1224505771e-05],
        "dmean2": [0.318606317043, 2.6985578537, 6.03942871094, 10.1366767883, 12.8776378632, 10.8944101334, 7.02931308746, 5.75155210495, 8.00218582153, 10.3948450089, 4.78306055069, 5.61352396011, 5.56575012207, 5.1900100708, 7.70506095886, 10.8318443298, 8.57207489014, 8.42024803162, 6.16851234436, 11.9872808456, 10.8774185181, 8.20250511169, 13.1728429794, 12.7678480148, 17.615606308, 12.2585582733, 12.1653385162, 9.50796318054, 8.35491275787, 6.64865541458, 2.92198872566, 3.02910137177, 2.41454124451, 1.54007768631, 0.619139373302, 0.203932330012, 0.0660028383136, 0.00981386285275, 0.00141338910908, 9.29690577323e-05],
        "dvar": [0.632063686848, 48.6368255615, 262.956115723, 420.483917236, 544.89074707, 324.232269287, 128.555541992, 83.0804824829, 196.367919922, 353.709777832, 109.001472473, 118.63092804, 110.915596008, 128.447769165, 175.011779785, 287.320068359, 234.47442627, 202.450088501, 111.307472229, 460.727874756, 565.860839844, 194.457107544, 608.97668457, 636.365966797, 690.813232422, 505.527282715, 471.852935791, 317.188110352, 288.089324951, 178.824951172, 36.3673667908, 52.641998291, 30.1374263763, 15.6906776428, 2.27072715759, 0.248990744352, 0.0272840354592, 0.00100260460749, 3.34162214131e-05, 1.01703889754e-07],
        "dvar2": [1.57290172577, 119.013626099, 722.336303711, 1160.39404297, 1380.21362305, 847.416931152, 331.262084961, 211.709594727, 421.549438477, 856.564453125, 255.56602478, 271.62487793, 232.304702759, 336.013397217, 409.8956604, 716.376464844, 573.399963379, 474.418273926, 279.680969238, 1231.12841797, 1501.08117676, 519.940002441, 1605.3182373, 1736.39111328, 1918.20397949, 1364.94555664, 1256.24707031, 678.825073242, 618.698852539, 427.455444336, 76.9544143677, 129.548126221, 73.7022171021, 40.3025894165, 5.85166597366, 0.638362050056, 0.0713589861989, 0.00277706584893, 9.36006908887e-05, 2.75260362059e-07],
        "max": [13.2620458603, 99.3009872437, 291.40927124, 420.587097168, 423.507415771, 307.490356445, 231.463439941, 140.348144531, 295.98236084, 507.240997314, 520.620666504, 318.848449707, 539.966918945, 350.752990723, 651.425964355, 502.677062988, 508.138824463, 430.299407959, 457.932128906, 645.228149414, 793.187072754, 270.296081543, 576.71307373, 622.79473877, 371.848114014, 373.874023438, 515.994934082, 376.736846924, 445.61050415, 311.020935059, 91.5722579956, 193.63885498, 107.87297821, 92.4846954346, 39.3400650024, 11.3996829987, 4.57519817352, 1.65359449387, 0.332381606102, 0.0202221106738],
        "mean": [0.29732042551, 1.80629336834, 4.44165802002, 12.4364099503, 19.8625488281, 15.6993236542, 8.11282920837, 6.98742198944, 11.5194091797, 12.4555797577, 4.93377447128, 5.76528406143, 6.46519470215, 4.2878446579, 6.7603392601, 8.77453327179, 7.32080888748, 8.09712409973, 5.25639295578, 8.69410228729, 7.17538690567, 6.36713123322, 8.94289875031, 9.10946464539, 12.1422119141, 8.45732402802, 9.13975143433, 8.71740150452, 7.46973371506, 5.35561513901, 2.522803545, 2.20500206947, 1.66304731369, 1.02511739731, 0.402510911226, 0.132875353098, 0.0401026271284, 0.00561309792101, 0.000825020018965, 7.77941022534e-05],
        "median": [0.00266532041132, 0.0437356010079, 0.421872258186, 2.31753969193, 2.79365134239, 4.15320110321, 1.91865324974, 1.2242064476, 1.28568089008, 1.2392821312, 0.696586370468, 0.562232375145, 0.530352175236, 0.478835403919, 0.796916723251, 1.17448043823, 1.16283082962, 1.38639783859, 0.708206892014, 1.28672361374, 1.32050323486, 1.14404678345, 1.47483778, 1.8386913538, 1.6857509613, 1.30727314949, 1.85972547531, 1.20060801506, 1.11143016815, 0.55362033844, 0.231125771999, 0.117539957166, 0.0572424679995, 0.0197658874094, 0.00608402770013, 0.00202292087488, 0.000608842819929, 7.89098266978e-05, 2.64305344899e-05, 2.40336412389e-05],
        "min": [4.0692103637e-22, 9.89894066846e-22, 5.66556802222e-21, 4.10512548163e-20, 8.65424468069e-20, 5.08054429165e-20, 3.95147635973e-20, 7.78154910117e-20, 7.66400544365e-20, 2.08293978559e-19, 4.82220240929e-19, 9.49170520955e-19, 1.63470689676e-18, 1.66474678789e-18, 1.23073794178e-18, 2.72539840455e-18, 3.02693758428e-18, 5.14818932561e-18, 2.82244674953e-18, 5.41845487433e-18, 4.68012586728e-18, 1.00095637e-17, 6.76058354234e-18, 9.70264908705e-18, 1.33816250241e-17, 1.87166868578e-17, 1.14865683028e-17, 8.49850572575e-18, 1.18374823069e-17, 1.9039522216e-17, 1.73484474065e-17, 1.87617119529e-17, 1.51151507425e-17, 9.67419572834e-18, 6.74225156561e-18, 4.81057638578e-18, 2.75982504126e-18, 1.1964423098e-18, 2.86346250021e-19, 3.35126699868e-20],
        "stdev": [0.915334761143, 6.95904779434, 14.2154245377, 23.4930171967, 36.2992897034, 25.6068134308, 14.9889183044, 13.8989171982, 26.6375656128, 29.2379722595, 17.647480011, 16.3042831421, 16.6808128357, 13.4891910553, 17.6450214386, 21.2081508636, 21.1910896301, 20.4526977539, 13.9098892212, 23.0464382172, 21.9454536438, 15.5073480606, 23.9263496399, 23.9768619537, 26.0088348389, 21.4509506226, 20.810338974, 21.8078308105, 20.4674663544, 15.2402276993, 7.32076931, 7.38043260574, 5.60159301758, 3.74857640266, 1.41676783562, 0.468205690384, 0.149629697204, 0.0260126665235, 0.00462988996878, 0.00027042903821],
        "var": [0.83783775568, 48.4283485413, 202.078308105, 551.921813965, 1317.63830566, 655.70892334, 224.667678833, 193.179901123, 709.559875488, 854.859008789, 311.433532715, 265.829620361, 278.249542236, 181.958282471, 311.346801758, 449.785644531, 449.062286377, 418.312866211, 193.485015869, 531.138305664, 481.602935791, 240.477844238, 572.470214844, 574.889892578, 676.459472656, 460.143310547, 433.07019043, 475.581451416, 418.917144775, 232.264526367, 53.5936660767, 54.4707832336, 31.3778457642, 14.0518255234, 2.00723099709, 0.219216570258, 0.0223890468478, 0.00067665881943, 2.14358806261e-05, 7.31318579028e-08]
    },
    "gfcc": {
        "mean": [-123.122489929, 77.4968490601, -110.148735046, 41.8146514893, -59.8963661194, -4.75640249252, -36.1577529907, -12.780828476, -25.8962249756, -3.50515294075, -12.4654598236, -5.12706136703, -9.78979873657],
        "cov": [[20990.4472656, -346.92288208, -645.27947998, 2013.41430664, -136.950332642, 1360.2331543, 22.921333313, 468.691223145, -573.921691895, -379.073699951, -910.283447266, -416.816375732, -516.762878418], [-346.92288208, 6848.20214844, 2879.30688477, 894.069152832, 1500.87451172, -184.682861328, 395.841247559, -334.277679443, 335.71270752, -349.383239746, 206.80557251, -406.421936035, 88.8171463013], [-645.27947998, 2879.30688477, 5744.27148438, 1685.5032959, 1232.99304199, 308.297576904, -278.245727539, -266.438476562, -113.945304871, -47.3744468689, -32.3947525024, -111.388504028, -51.1461906433], [2013.41430664, 894.069152832, 1685.5032959, 1481.82141113, 660.675170898, 487.339538574, 58.0629730225, -82.6904220581, -196.59538269, -171.650283813, -161.563995361, -138.991638184, -48.4800834656], [-136.950332642, 1500.87451172, 1232.99304199, 660.675170898, 1182.32104492, 456.247894287, 330.788665771, 19.489522934, 63.1871795654, -116.406204224, 6.60845279694, -120.094047546, 39.8204574585], [1360.2331543, -184.682861328, 308.297576904, 487.339538574, 456.247894287, 713.916442871, 243.142166138, 186.460479736, -28.2366390228, -47.0633392334, -104.290237427, -30.4744129181, -19.1757125854], [22.921333313, 395.841247559, -278.245727539, 58.0629730225, 330.788665771, 243.142166138, 490.756317139, 177.66267395, 136.514221191, -35.0037498474, 39.4505462646, -46.5379981995, 43.1413002014], [468.691223145, -334.277679443, -266.438476562, -82.6904220581, 19.489522934, 186.460479736, 177.66267395, 341.322143555, 176.028091431, 137.209915161, 47.5988235474, 31.5527744293, -17.349811554], [-573.921691895, 335.71270752, -113.945304871, -196.59538269, 63.1871795654, -28.2366390228, 136.514221191, 176.028091431, 357.81362915, 193.944534302, 166.113311768, 19.8375682831, 19.2519664764], [-379.073699951, -349.383239746, -47.3744468689, -171.650283813, -116.406204224, -47.0633392334, -35.0037498474, 137.209915161, 193.944534302, 285.885925293, 156.194320679, 90.7958526611, -7.88025856018], [-910.283447266, 206.80557251, -32.3947525024, -161.563995361, 6.60845279694, -104.290237427, 39.4505462646, 47.5988235474, 166.113311768, 156.194320679, 255.712860107, 94.6230010986, 59.9187164307], [-416.816375732, -406.421936035, -111.388504028, -138.991638184, -120.094047546, -30.4744129181, -46.5379981995, 31.5527744293, 19.8375682831, 90.7958526611, 94.6230010986, 159.78062439, 58.6656303406], [-516.762878418, 88.8171463013, -51.1461906433, -48.4800834656, 39.8204574585, -19.1757125854, 43.1413002014, -17.349811554, 19.2519664764, -7.88025856018, 59.9187164307, 58.6656303406, 151.160354614]],
        "icov": [[9.26579523366e-05, -7.7526376117e-05, 7.67494566389e-05, -0.000154877838213, 0.000116520277516, -0.000147357248352, 0.000108139742224, -0.000211945894989, 0.000148949533468, -0.000122813376947, 0.000223683193326, -3.39455873473e-05, 0.000133169771289], [-7.7526376117e-05, 0.000528862408828, -0.000234134771745, 6.72872265568e-05, -0.000361928308848, 0.000483569281641, -0.000219708905206, 0.000390594854252, -0.000885952438693, 0.00108025618829, -0.000858451239765, 0.000781795708463, -0.000163176548085], [7.67494566389e-05, -0.000234134771745, 0.000497032946441, -0.000457537651528, -0.000206448035897, -8.62962915562e-05, 0.000551312346943, -0.000208011770155, 0.000308308983222, -0.000616710924078, 0.000454715598607, -0.000449750805274, 0.00020648696227], [-0.000154877838213, 6.72872265568e-05, -0.000457537651528, 0.00183390604798, -0.000290903350106, -0.000629203161225, -0.000239234999754, 0.000554452824872, 0.00052947353106, -1.4629823454e-05, -0.000392778136302, 0.000782773422543, -0.000223216906306], [0.000116520277516, -0.000361928308848, -0.000206448035897, -0.000290903350106, 0.00256498064846, -0.00150374392979, -0.000776763889007, 0.000307734357193, -3.89170127164e-05, 3.76252974092e-05, -0.000268913892796, 0.000584030873142, -0.000274750753306], [-0.000147357248352, 0.000483569281641, -8.62962915562e-05, -0.000629203161225, -0.00150374392979, 0.00402943603694, -0.000975792936515, -0.00134540896397, -9.93529192783e-06, 0.000420286494773, 0.000824859016575, -0.00088775792392, 5.32252161065e-05], [0.000108139742224, -0.000219708905206, 0.000551312346943, -0.000239234999754, -0.000776763889007, -0.000975792936515, 0.00500829843804, -0.00232872087508, -0.000832921650726, 0.0018604969373, -0.00101015227847, 0.000980473705567, -0.000784255913459], [-0.000211945894989, 0.000390594854252, -0.000208011770155, 0.000554452824872, 0.000307734357193, -0.00134540896397, -0.00232872087508, 0.00771603826433, -0.0029284551274, -0.00169055350125, 0.000670865934808, -0.000810817000456, 0.000785472919233], [0.000148949533468, -0.000885952438693, 0.000308308983222, 0.00052947353106, -3.89170127164e-05, -9.93529192783e-06, -0.000832921650726, -0.0029284551274, 0.00957694835961, -0.00591967999935, -0.000916772638448, 0.00211623613723, -0.000771767925471], [-0.000122813376947, 0.00108025618829, -0.000616710924078, -1.4629823454e-05, 3.76252974092e-05, 0.000420286494773, 0.0018604969373, -0.00169055350125, -0.00591967999935, 0.0130974967033, -0.0053549404256, -0.00135122099891, 0.00213423813693], [0.000223683193326, -0.000858451239765, 0.000454715598607, -0.000392778136302, -0.000268913892796, 0.000824859016575, -0.00101015227847, 0.000670865934808, -0.000916772638448, -0.0053549404256, 0.01170195546, -0.00557599496096, -0.000799150846433], [-3.39455873473e-05, 0.000781795708463, -0.000449750805274, 0.000782773422543, 0.000584030873142, -0.00088775792392, 0.000980473705567, -0.000810817000456, 0.00211623613723, -0.00135122099891, -0.00557599496096, 0.0148939294741, -0.00502594746649], [0.000133169771289, -0.000163176548085, 0.00020648696227, -0.000223216906306, -0.000274750753306, 5.32252161065e-05, -0.000784255913459, 0.000785472919233, -0.000771767925471, 0.00213423813693, -0.000799150846433, -0.00502594746649, 0.0100349280983]]
    },
    "melbands": {
        "dmean": [0.00197994685732, 0.00182344554923, 0.00111915497109, 0.000525785493664, 0.000175344670424, 8.30143908388e-05, 8.22732326924e-05, 6.67677813908e-05, 2.35212919506e-05, 2.37924268731e-05, 1.87222540262e-05, 1.23661939142e-05, 1.79533399205e-05, 1.54981044034e-05, 1.56249334395e-05, 1.14087197289e-05, 9.67319647316e-06, 6.02339105171e-06, 7.65521144785e-06, 1.00974939414e-05, 7.03745354258e-06, 4.73052887173e-06, 6.08129175816e-06, 8.97762402019e-06, 5.79382685828e-06, 7.62926447351e-06, 6.2894491748e-06, 4.48053197033e-06, 4.62643629362e-06, 4.36352956967e-06, 3.57862177225e-06, 3.25050518768e-06, 3.13059535983e-06, 2.2372425974e-06, 1.32548791498e-06, 8.26222617434e-07, 1.4195940139e-06, 1.1967122191e-06, 9.79977585303e-07, 8.11038376014e-07],
        "dmean2": [0.00307379662991, 0.00297287781723, 0.00177014467772, 0.000828664924484, 0.000281536515104, 0.000131824956043, 0.000123474208522, 0.000105787097709, 3.68526016246e-05, 3.63178696716e-05, 2.80311196548e-05, 2.06387630897e-05, 2.8725440643e-05, 2.56290295511e-05, 2.57906031038e-05, 1.86431770999e-05, 1.53058845171e-05, 9.8281298051e-06, 1.30897897179e-05, 1.70091880136e-05, 1.20857730508e-05, 8.02030081104e-06, 1.00996740002e-05, 1.5437051843e-05, 9.80436198006e-06, 1.29654617922e-05, 1.07492242023e-05, 7.49460423322e-06, 7.77159220888e-06, 7.1019421739e-06, 5.24956112713e-06, 4.83431631437e-06, 4.7727794481e-06, 3.59952446161e-06, 1.91164394892e-06, 1.24463531392e-06, 2.11168230635e-06, 1.78629125003e-06, 1.51047231611e-06, 1.24650352973e-06],
        "dvar": [6.01455867582e-05, 5.48112329852e-05, 1.08845897557e-05, 2.11484189094e-06, 1.9660427597e-07, 4.37036504763e-08, 4.5902663004e-08, 3.81868971999e-08, 6.69556365906e-09, 4.62748550589e-09, 2.7929798474e-09, 2.21935914091e-09, 2.8118236628e-09, 1.65647173755e-09, 1.89527771255e-09, 1.05790609606e-09, 7.25671356339e-10, 3.18651327547e-10, 4.29366153742e-10, 2.07619388348e-09, 5.22029919292e-10, 1.87926785244e-10, 3.54543283621e-10, 8.71201388808e-10, 4.27417157223e-10, 3.05783592891e-10, 4.05310757179e-10, 1.8812292002e-10, 1.8945800484e-10, 1.45233006177e-10, 1.04409259016e-10, 1.0162902464e-10, 8.43055208977e-11, 5.03413769004e-11, 1.52078419302e-11, 7.57167852722e-12, 2.63225743286e-11, 1.57929919142e-11, 1.37868085004e-11, 1.13756183293e-11],
        "dvar2": [0.000149330255226, 0.00013786405907, 2.93318335025e-05, 5.44832391824e-06, 5.06817229962e-07, 1.09327004338e-07, 1.00931785596e-07, 9.36663155926e-08, 1.59827884261e-08, 1.05566986264e-08, 5.88691984049e-09, 5.88918380728e-09, 6.19005824376e-09, 4.24439372537e-09, 4.85909490422e-09, 2.52459675387e-09, 1.69947034223e-09, 7.94326271425e-10, 1.17012910472e-09, 5.41020517275e-09, 1.40384592839e-09, 5.00208374721e-10, 9.49856637789e-10, 2.37037767192e-09, 1.1650110876e-09, 8.4822998625e-10, 1.12432063659e-09, 5.01259256325e-10, 5.09388531356e-10, 3.59010293716e-10, 2.15207046628e-10, 2.20659504557e-10, 1.88842746995e-10, 1.26383278842e-10, 3.14202310003e-11, 1.76008790875e-11, 6.57929266623e-11, 3.81878452471e-11, 3.5214480637e-11, 2.9613554664e-11],
        "max": [0.117489412427, 0.117298655212, 0.06708791852, 0.0238704755902, 0.00774867366999, 0.00350361713208, 0.00427340390161, 0.0053176456131, 0.00460158288479, 0.00198833248578, 0.00262990710326, 0.00142304378096, 0.00295451725833, 0.00106775388122, 0.00145714636892, 0.00102993415203, 0.000856346159708, 0.00089992507128, 0.000387149833841, 0.00192744890228, 0.000604833883699, 0.000316894234857, 0.000445891375421, 0.00100617005955, 0.000556789920665, 0.000240170862526, 0.000332322641043, 0.00024435625528, 0.000286609953037, 0.000307269656332, 0.000181627066922, 0.000249972275924, 0.000205644741072, 0.000172575586475, 6.31115908618e-05, 5.38338936167e-05, 0.000139956493513, 8.09898410807e-05, 8.5571402451e-05, 8.85968329385e-05],
        "mean": [0.00253332965076, 0.00238832645118, 0.00239960919134, 0.00126588379499, 0.000363208790077, 0.000163377218996, 0.000176568530151, 0.000123290155898, 3.54055409844e-05, 3.92335568904e-05, 3.18200254696e-05, 1.58442526299e-05, 2.56305593211e-05, 1.90971768461e-05, 2.10759390029e-05, 1.57305621542e-05, 1.44424493556e-05, 8.09712764749e-06, 9.30025180423e-06, 1.13126752694e-05, 7.74995623942e-06, 6.14109330854e-06, 7.02244187778e-06, 9.60641591519e-06, 6.6036654971e-06, 9.21244645724e-06, 7.15460419087e-06, 4.88271825816e-06, 5.42390534974e-06, 5.81464973948e-06, 4.8211018111e-06, 4.14510896007e-06, 4.00989074478e-06, 2.62482853941e-06, 1.63078266269e-06, 9.36718834055e-07, 1.48260721744e-06, 1.21671359921e-06, 9.8150701433e-07, 8.29014254577e-07],
