{
"highlevel": {
    "danceability": {
        "all": {
            "danceable": 0.990643322468,
            "not_danceable": 0.00935665145516
        },
        "probability": 0.990643322468,
        "value": "danceable"
    },
    "gender": {
        "all": {
            "female": 0.987156271935,
            "male": 0.0128437476233
        },
        "probability": 0.987156271935,
        "value": "female"
    },
    "genre_electronic": {
        "all": {
            "ambient": 0.271511077881,
            "dnb": 0.0298330727965,
            "house": 0.475348740816,
            "techno": 0.130588084459,
            "trance": 0.0927190333605
        },
        "probability": 0.475348740816,
        "value": "house"
    },
    "mood_acoustic": {
        "all": {
            "acoustic": 0.168085843325,
            "not_acoustic": 0.831914186478
        },
        "probability": 0.831914186478,
        "value": "not_acoustic"
    },
    "mood_aggressive": {
        "all": {
            "aggressive": 0.118243955076,
            "not_aggressive": 0.881756067276
        },
        "probability": 0.881756067276,
        "value": "not_aggressive"
    },
    "mood_electronic": {
        "all": {
            "electronic": 0.877759099007,
            "not_electronic": 0.122240923345
        },
        "probability": 0.877759099007,
        "value": "electronic"
    },
    "mood_happy": {
        "all": {
            "happy": 0.468273133039,
            "not_happy": 0.531726896763
        },
        "probability": 0.531726896763,
        "value": "not_happy"
    },
    "mood_party": {
        "all": {
            "not_party": 0.313901990652,
            "party": 0.686097979546
        },
        "probability": 0.686097979546,
        "value": "party"
    },
    "mood_relaxed": {
        "all": {
            "not_relaxed": 0.249206721783,
            "relaxed": 0.750793278217
        },
        "probability": 0.750793278217,
        "value": "relaxed"
    },
    "mood_sad": {
        "all": {
            "not_sad": 0.615568161011,
            "sad": 0.384431809187
        },
        "probability": 0.615568161011,
        "value": "not_sad"
    },
    "moods_mirex": {
        "all": {
            "Cluster1": 0.159607216716,
            "Cluster2": 0.127335980535,
            "Cluster3": 0.296775877476,
            "Cluster4": 0.233258143067,
            "Cluster5": 0.183022782207
        },
        "probability": 0.296775877476,
        "value": "Cluster3"
    },
    "timbre": {
        "all": {
            "bright": 0.816394209862,
            "dark": 0.183605760336
        },
        "probability": 0.816394209862,
        "value": "bright"
    },
    "tonal_atonal": {
        "all": {
            "atonal": 0.718763411045,
            "tonal": 0.281236559153
        },
        "probability": 0.718763411045,
        "value": "atonal"
    },
    "voice_instrumental": {
        "all": {
            "instrumental": 0.191999778152,
            "voice": 0.808000206947
        },
        "probability": 0.808000206947,
        "value": "voice"
    }
},
"lowlevel": {
    "average_loudness": 0.937090694904,
    "barkbands_crest": {
        "dmean": 3.18531370163,
        "dmean2": 4.9279665947,
        "dvar": 9.64661598206,
        "dvar2": 21.9014606476,
        "max": 26.5202522278,
        "mean": 17.1559333801,
        "median": 18.3956222534,
        "min": 3.41685557365,
        "stdev": 5.52292490005,
        "var": 30.502696991
    },
    "barkbands_flatness_db": {
        "dmean": 0.0428086183965,
        "dmean2": 0.0559420771897,
        "dvar": 0.00152634398546,
        "dvar2": 0.00283805211075,
        "max": 0.49243336916,
        "mean": 0.230475261807,
        "median": 0.220926254988,
        "min": 0.0482595190406,
        "stdev": 0.0955591350794,
        "var": 0.00913154799491
    },
    "barkbands_kurtosis": {
        "dmean": 31.7075462341,
        "dmean2": 43.7792854309,
        "dvar": 3361.83422852,
        "dvar2": 6735.98535156,
        "max": 1132.82824707,
        "mean": 56.1293640137,
        "median": 18.170501709,
        "min": -1.92603349686,
        "stdev": 100.320068359,
        "var": 10064.1162109
    },
    "barkbands_skewness": {
        "dmean": 1.71296572685,
        "dmean2": 2.34056615829,
        "dvar": 3.45336580276,
        "dvar2": 6.57892417908,
        "max": 32.0126953125,
        "mean": 5.10751724243,
        "median": 3.93281912804,
        "min": -1.68284642696,
        "stdev": 4.23903751373,
        "var": 17.9694385529
    },
    "barkbands_spread": {
        "dmean": 9.12281131744,
        "dmean2": 13.6357250214,
        "dvar": 183.830444336,
        "dvar2": 370.283111572,
        "max": 107.498321533,
        "mean": 19.0062999725,
        "median": 10.1930131912,
        "min": 0.182335808873,
        "stdev": 21.3580513,
        "var": 456.166381836
    },
    "dissonance": {
        "dmean": 0.0238294117153,
        "dmean2": 0.0396268926561,
        "dvar": 0.000527449883521,
        "dvar2": 0.00141870987136,
        "max": 0.499898970127,
        "mean": 0.454808861017,
        "median": 0.46262383461,
        "min": 0.228212013841,
        "stdev": 0.0324357673526,
        "var": 0.00105207890738
    },
    "dynamic_complexity": 4.1006064415,
    "erbbands_crest": {
        "dmean": 3.3133919239,
        "dmean2": 5.31420898438,
        "dvar": 9.09963512421,
        "dvar2": 22.7896175385,
        "max": 29.3825378418,
        "mean": 10.8537569046,
        "median": 9.59414672852,
        "min": 2.50111603737,
        "stdev": 4.99708366394,
        "var": 24.9708442688
    },
    "erbbands_flatness_db": {
        "dmean": 0.0228844750673,
        "dmean2": 0.0332897268236,
        "dvar": 0.000462178839371,
        "dvar2": 0.000908613030333,
        "max": 0.350288510323,
        "mean": 0.13805603981,
        "median": 0.127661451697,
        "min": 0.0490991473198,
        "stdev": 0.0495900548995,
        "var": 0.00245917355642
    },
    "erbbands_kurtosis": {
        "dmean": 1.97136890888,
        "dmean2": 2.98216223717,
        "dvar": 7.19334363937,
        "dvar2": 15.125164032,
        "max": 54.5721206665,
        "mean": 1.53720664978,
        "median": 0.181607961655,
        "min": -1.94337975979,
        "stdev": 4.24750804901,
        "var": 18.0413227081
    },
    "erbbands_skewness": {
        "dmean": 0.651992440224,
        "dmean2": 0.955245256424,
        "dvar": 0.399413049221,
        "dvar2": 0.79832971096,
        "max": 7.01385593414,
        "mean": 0.744670569897,
        "median": 0.72409927845,
        "min": -3.20230603218,
        "stdev": 1.27228176594,
        "var": 1.61870098114
    },
    "erbbands_spread": {
        "dmean": 20.2274932861,
        "dmean2": 30.3378753662,
        "dvar": 363.838928223,
        "dvar2": 761.698852539,
        "max": 203.118545532,
        "mean": 71.4621963501,
        "median": 62.9170722961,
        "min": 4.54148006439,
        "stdev": 42.6134147644,
        "var": 1815.90319824
    },
    "hfc": {
        "dmean": 6.61344766617,
        "dmean2": 10.150094986,
        "dvar": 80.505317688,
        "dvar2": 178.874557495,
        "max": 72.8534851074,
        "mean": 12.9314460754,
        "median": 8.1379776001,
        "min": 2.38412521867e-05,
        "stdev": 12.9400596619,
        "var": 167.445144653
    },
    "loudness_ebu128": {
        "integrated": -10.3799200058,
        "loudness_range": 5.48906135559,
        "momentary": {
            "dmean": 1.09455811977,
            "dmean2": 1.55449199677,
            "dvar": 1.62326216698,
            "dvar2": 3.52304339409,
            "max": -7.71276760101,
            "mean": -11.4645576477,
            "median": -10.6453256607,
            "min": -49.0434265137,
            "stdev": 3.94786143303,
            "var": 15.585609436
        },
        "short_term": {
            "dmean": 0.122998438776,
            "dmean2": 0.17792275548,
            "dvar": 0.0195744410157,
            "dvar2": 0.0312020201236,
            "max": -8.50642681122,
            "mean": -11.0331687927,
            "median": -9.07099723816,
            "min": -19.9367370605,
            "stdev": 2.45000624657,
            "var": 6.0025305748
        }
    },
    "melbands_crest": {
        "dmean": 3.18215370178,
        "dmean2": 5.01623010635,
        "dvar": 11.3151111603,
        "dvar2": 27.1965751648,
        "max": 34.3400535583,
        "mean": 20.9390850067,
        "median": 20.1295909882,
        "min": 3.89879798889,
        "stdev": 5.33344459534,
        "var": 28.4456291199
    },
    "melbands_flatness_db": {
        "dmean": 0.0505916811526,
        "dmean2": 0.0658571645617,
        "dvar": 0.00217112177052,
        "dvar2": 0.00411061337218,
        "max": 0.621913909912,
        "mean": 0.32619124651,
        "median": 0.317047387362,
        "min": 0.0508476905525,
        "stdev": 0.111008107662,
        "var": 0.0123227993026
    },
    "melbands_kurtosis": {
        "dmean": 74.6748657227,
        "dmean2": 107.135124207,
        "dvar": 12157.71875,
        "dvar2": 22204.2011719,
        "max": 1117.60339355,
        "mean": 159.739105225,
        "median": 69.3062667847,
        "min": -1.18278336525,
        "stdev": 215.579483032,
        "var": 46474.515625
    },
    "melbands_skewness": {
        "dmean": 2.40499973297,
        "dmean2": 3.44108128548,
        "dvar": 5.7559299469,
        "dvar2": 10.7416305542,
        "max": 26.3019657135,
        "mean": 8.06054019928,
        "median": 6.81447696686,
        "min": -0.348421573639,
        "stdev": 5.66784095764,
        "var": 32.124420166
    },
    "melbands_spread": {
        "dmean": 5.55056524277,
        "dmean2": 8.67599582672,
        "dvar": 76.8687133789,
        "dvar2": 174.630661011,
        "max": 97.7429504395,
        "mean": 10.7337856293,
        "median": 5.1664481163,
        "min": 0.283491164446,
        "stdev": 12.1751317978,
        "var": 148.233825684
    },
    "pitch_salience": {
        "dmean": 0.0952150225639,
        "dmean2": 0.142168462276,
        "dvar": 0.00902737211436,
        "dvar2": 0.0195887833834,
        "max": 0.839745163918,
        "mean": 0.330353140831,
        "median": 0.325090646744,
        "min": 0.043559294194,
        "stdev": 0.150952681899,
        "var": 0.0227867104113
    },
    "silence_rate_20dB": {
        "dmean": 0,
        "dmean2": 0,
        "dvar": 0,
        "dvar2": 0,
        "max": 1,
        "mean": 1,
        "median": 1,
        "min": 1,
        "stdev": 0,
        "var": 0
    },
    "silence_rate_30dB": {
        "dmean": 0.0536497309804,
        "dmean2": 0.107313297689,
        "dvar": 0.0507698766887,
        "dvar2": 0.0957985445857,
        "max": 1,
        "mean": 0.868214070797,
        "median": 1,
        "min": 0,
        "stdev": 0.338262319565,
        "var": 0.114421404898
    },
    "silence_rate_60dB": {
        "dmean": 0.016507608816,
        "dmean2": 0.0328904949129,
        "dvar": 0.0162360128015,
        "dvar2": 0.0408328808844,
        "max": 1,
        "mean": 0.0290135387331,
        "median": 0,
        "min": 0,
        "stdev": 0.167839899659,
        "var": 0.0281702298671
    },
    "spectral_centroid": {
        "dmean": 361.869812012,
        "dmean2": 545.963623047,
        "dvar": 224754.90625,
        "dvar2": 470576.0625,
        "max": 4346.06054688,
        "mean": 962.893493652,
        "median": 784.498718262,
        "min": 109.17615509,
        "stdev": 758.331970215,
        "var": 575067.375
    },
    "spectral_complexity": {
        "dmean": 2.32499361038,
        "dmean2": 3.7041144371,
        "dvar": 9.7197637558,
        "dvar2": 22.4752082825,
        "max": 31,
        "mean": 6.38517093658,
        "median": 5,
        "min": 0,
        "stdev": 4.07354974747,
        "var": 16.5938072205
    },
    "spectral_decrease": {
        "dmean": 5.65717162004e-09,
        "dmean2": 8.47689562988e-09,
        "dvar": 9.93431739578e-17,
        "dvar2": 2.10903289402e-16,
        "max": -6.70419854428e-16,
        "mean": -1.18551088946e-08,
        "median": -5.1753494823e-09,
        "min": -8.6842440794e-08,
        "stdev": 1.65037423727e-08,
        "var": 2.72373502706e-16
    },
    "spectral_energy": {
        "dmean": 0.0217703133821,
        "dmean2": 0.0327346324921,
        "dvar": 0.0014447462745,
        "dvar2": 0.00306105869822,
        "max": 0.330790728331,
        "mean": 0.0459168292582,
        "median": 0.0208051707596,
        "min": 1.12818234754e-08,
        "stdev": 0.0629717633128,
        "var": 0.0039654430002
    },
    "spectral_energyband_high": {
        "dmean": 0.000416350085288,
        "dmean2": 0.000622411200311,
        "dvar": 5.45173804767e-07,
        "dvar2": 1.18821901651e-06,
        "max": 0.00700309686363,
        "mean": 0.000707984727342,
        "median": 0.00040556260501,
        "min": 1.56750556979e-09,
        "stdev": 0.000939831719734,
        "var": 8.83283689745e-07
    },
    "spectral_energyband_low": {
        "dmean": 0.0197516400367,
        "dmean2": 0.0292294844985,
        "dvar": 0.00141782977153,
        "dvar2": 0.00319872726686,
        "max": 0.325723558664,
        "mean": 0.0377025268972,
        "median": 0.014285184443,
        "min": 8.21677036307e-13,
        "stdev": 0.058949008584,
        "var": 0.00347498548217
    },
    "spectral_energyband_middle_high": {
        "dmean": 0.000650207512081,
        "dmean2": 0.00104329700116,
        "dvar": 3.45097055288e-06,
        "dvar2": 9.19149533729e-06,
        "max": 0.0200072079897,
        "mean": 0.000841031316668,
        "median": 0.000243156580837,
        "min": 8.96833052266e-10,
        "stdev": 0.00192535039969,
        "var": 3.70697421204e-06
    },
    "spectral_energyband_middle_low": {
        "dmean": 0.00906338449568,
        "dmean2": 0.0154248233885,
        "dvar": 0.00062918412732,
        "dvar2": 0.00167913152836,
        "max": 0.193682193756,
        "mean": 0.00846370868385,
        "median": 0.00205536582507,
        "min": 9.65235391615e-11,
        "stdev": 0.0215426422656,
        "var": 0.000464085460408
    },
    "spectral_entropy": {
        "dmean": 0.321316897869,
        "dmean2": 0.444901376963,
        "dvar": 0.10978256911,
        "dvar2": 0.206212684512,
        "max": 8.73062419891,
        "mean": 7.4008398056,
        "median": 7.44980335236,
        "min": 4.89151620865,
        "stdev": 0.735675096512,
        "var": 0.541217803955
    },
    "spectral_flux": {
        "dmean": 0.0465872511268,
        "dmean2": 0.0766100883484,
        "dvar": 0.00409836228937,
        "dvar2": 0.00975802820176,
        "max": 0.48824056983,
        "mean": 0.096463739872,
        "median": 0.0585184134543,
        "min": 0.000106215928099,
        "stdev": 0.0957822725177,
        "var": 0.00917424354702
    },
    "spectral_kurtosis": {
        "dmean": 1.76409637928,
        "dmean2": 2.74070453644,
        "dvar": 11.1572313309,
        "dvar2": 26.6549835205,
        "max": 54.6715278625,
        "mean": 3.00102591515,
        "median": 1.80252122879,
        "min": -1.1144067049,
        "stdev": 4.58357381821,
        "var": 21.009147644
    },
    "spectral_rms": {
        "dmean": 0.00133561796974,
        "dmean2": 0.00198591826484,
        "dvar": 3.37669666806e-06,
        "dvar2": 6.16376792095e-06,
        "max": 0.0179644823074,
        "mean": 0.00557382497936,
        "median": 0.00450529996306,
        "min": 3.31762817041e-06,
        "stdev": 0.0037053306587,
        "var": 1.3729474631e-05
    },
    "spectral_rolloff": {
        "dmean": 679.565490723,
        "dmean2": 1209.34069824,
        "dvar": 2621653.75,
        "dvar2": 6094124,
        "max": 12532.3242188,
        "mean": 840.971679688,
        "median": 172.265625,
        "min": 64.599609375,
        "stdev": 1653.85009766,
        "var": 2735220
    },
    "spectral_skewness": {
        "dmean": 0.307668149471,
        "dmean2": 0.446986407042,
        "dvar": 0.139800459146,
        "dvar2": 0.290736109018,
        "max": 5.87392187119,
        "mean": 1.33451700211,
        "median": 1.2268601656,
        "min": 0.105815693736,
        "stdev": 0.67073994875,
        "var": 0.449892044067
    },
    "spectral_spread": {
        "dmean": 1056021.375,
        "dmean2": 1474899,
        "dvar": 1.29127769702e+12,
        "dvar2": 2.39830486221e+12,
        "max": 29131704,
        "mean": 7329871.5,
        "median": 7057865,
        "min": 1231467.25,
        "stdev": 3007045.25,
        "var": 9.04232173568e+12
    },
    "spectral_strongpeak": {
        "dmean": 0.26469156146,
        "dmean2": 0.447374820709,
        "dvar": 0.244272857904,
        "dvar2": 0.655424296856,
        "max": 4.28201627731,
        "mean": 0.584086537361,
        "median": 0.405664473772,
        "min": 0,
        "stdev": 0.546327590942,
        "var": 0.298473834991
    },
    "zerocrossingrate": {
        "dmean": 0.0130401449278,
        "dmean2": 0.0155607610941,
        "dvar": 0.000226358301006,
        "dvar2": 0.000286853697617,
        "max": 0.2626953125,
        "mean": 0.0445558689535,
        "median": 0.0322265625,
        "min": 0.00341796875,
        "stdev": 0.0370691269636,
        "var": 0.00137412012555
    },
    "barkbands": {
        "dmean": [0.00019939050253, 0.0148332389072, 0.0109521634877, 0.00475871190429, 0.00303014088422, 0.00039291207213, 0.000481453869725, 0.000784683681559, 0.00055988621898, 0.000241143861786, 0.0001933346648, 0.000144344725413, 6.07756337558e-05, 6.93465772201e-05, 5.79963998462e-05, 3.23013482557e-05, 5.2951159887e-05, 4.36915506725e-05, 4.56575835415e-05, 4.76435016026e-05, 3.72549511667e-05, 5.00456008012e-05, 0.000143046316225, 9.42676124396e-05, 7.14442285243e-05, 4.19885873271e-05, 1.09269203676e-05],
        "dmean2": [0.000282805325696, 0.0223857406527, 0.0160770881921, 0.00824109092355, 0.0053902422078, 0.000660122488625, 0.000811942969449, 0.00132498028688, 0.000924649881199, 0.000385212828405, 0.000338786892826, 0.000221441528993, 0.000103992235381, 0.000112432739115, 0.000101739635284, 5.53791833227e-05, 8.63265158841e-05, 7.19895760994e-05, 7.51952029532e-05, 8.23892696644e-05, 5.9640078689e-05, 7.95068845036e-05, 0.000220408706809, 0.000146245525684, 0.000108273503429, 6.36520417174e-05, 1.6315278117e-05],
        "dvar": [2.00896096203e-07, 0.00132805563044, 0.000800802896265, 0.000231969766901, 9.91116758087e-05, 7.88079603353e-07, 1.04175205706e-06, 8.00590805738e-06, 2.77581057162e-06, 1.18931654924e-06, 6.65707489134e-07, 5.06067635797e-07, 3.67900447884e-08, 5.95322369179e-08, 5.06620203566e-08, 6.1033964549e-09, 1.26303945081e-08, 5.32760990879e-09, 5.065497799e-09, 7.54263407288e-09, 2.53825627183e-09, 6.18358964033e-09, 7.51332791538e-08, 2.77373981561e-08, 1.88059487982e-08, 6.58984955493e-09, 3.35829392073e-10],
        "dvar2": [3.74542281634e-07, 0.00281592947431, 0.00177958828863, 0.000612715433817, 0.0002769214625, 1.98731208911e-06, 3.03095885101e-06, 1.98927482415e-05, 7.54725897423e-06, 3.12835891236e-06, 1.89525383121e-06, 1.02700334992e-06, 9.5978492709e-08, 1.29457248477e-07, 1.38755950729e-07, 1.59561430735e-08, 3.24110445149e-08, 1.42254981128e-08, 1.32605695313e-08, 2.03656593811e-08, 6.31032470721e-09, 1.5634256556e-08, 1.74341195702e-07, 5.87777648775e-08, 3.83810743187e-08, 1.44409986191e-08, 7.19587833764e-10],
        "max": [0.00515237031505, 0.293499976397, 0.228955328465, 0.1255954355, 0.0791638419032, 0.00784693658352, 0.0138251166791, 0.0352430939674, 0.0202360283583, 0.0176642928272, 0.00963729061186, 0.0149997277185, 0.00244608335197, 0.0039638611488, 0.00240811146796, 0.000793486484326, 0.00110606907401, 0.000728227139916, 0.000694622285664, 0.00121008651331, 0.000458451017039, 0.000730415747967, 0.00290942867287, 0.0016807471402, 0.00112394744065, 0.000647843058687, 0.000214629486436],
        "mean": [0.00026341638295, 0.0230562277138, 0.0126334633678, 0.00353252724744, 0.00249029626139, 0.000383598235203, 0.00054630759405, 0.000695117400028, 0.000624455453362, 0.000232692706049, 0.00017540169938, 0.000154621520778, 5.52891942789e-05, 8.8399683591e-05, 4.48216560471e-05, 2.91420219583e-05, 6.01903775532e-05, 5.75672056584e-05, 5.7028781157e-05, 5.15341671417e-05, 5.9879192122e-05, 6.84703190927e-05, 0.000191411105334, 0.000178526490345, 0.000107292551547, 5.42549059901e-05, 2.50763569056e-05],
        "median": [1.03528409454e-05, 0.00625133886933, 0.00267074652947, 0.000322094478179, 0.000245859991992, 7.93435319792e-05, 0.000140318807098, 8.56554179336e-05, 2.31752092077e-05, 6.68107077217e-06, 1.79362905328e-05, 1.59088522196e-05, 6.99304928276e-06, 1.04479586298e-05, 7.38698963687e-06, 5.83887003813e-06, 1.73467542481e-05, 1.97234439838e-05, 2.43654012593e-05, 2.19769899559e-05, 3.50671871274e-05, 4.21304866904e-05, 8.32329460536e-05, 6.79938821122e-05, 3.892361201e-05, 1.10278633656e-05, 1.02568001239e-05],
        "min": [3.73252183284e-14, 6.69705447782e-13, 3.87920185069e-14, 1.98357226911e-13, 9.72734805031e-13, 1.6733094077e-11, 3.57478213697e-11, 2.83868397538e-11, 4.1902340972e-12, 1.44085091081e-11, 3.44646221284e-11, 1.47758721925e-10, 1.13173762029e-10, 4.29987677408e-11, 5.78986997235e-11, 6.33613370105e-11, 6.81157283355e-11, 7.33702612554e-11, 4.56457094344e-11, 6.55401150018e-11, 1.16622433932e-10, 6.47033537859e-11, 2.64256588833e-10, 1.21709239909e-10, 1.5133404252e-10, 3.87573168004e-11, 1.07751516043e-11],
        "stdev": [0.000627927773166, 0.0448026396334, 0.0302555654198, 0.0127513827756, 0.00795202329755, 0.000888255657628, 0.00112420076039, 0.0026814318262, 0.00213257269934, 0.00111893704161, 0.000673169444781, 0.000859035761096, 0.000184209013241, 0.000363698956789, 0.00018306261336, 7.21155884094e-05, 0.000118644107715, 8.81058585946e-05, 7.94239749666e-05, 7.84546282375e-05, 6.78361175233e-05, 8.53913152241e-05, 0.000315258745104, 0.000239437940763, 0.000173875596374, 9.60372926784e-05, 3.19590981235e-05],
        "var": [3.94293266481e-07, 0.00200727651827, 0.000915399286896, 0.000162597760209, 6.32346782368e-05, 7.88998136159e-07, 1.26382724375e-06, 7.19007675798e-06, 4.54786641058e-06, 1.25202006984e-06, 4.53157127822e-07, 7.37942400519e-07, 3.39329595533e-08, 1.32276937848e-07, 3.35119203498e-08, 5.20065812637e-09, 1.40764244705e-08, 7.76264208469e-09, 6.30816732183e-09, 6.15512840696e-09, 4.60173898986e-09, 7.29167703994e-09, 9.93880675537e-08, 5.73305278806e-08, 3.02327229917e-08, 9.22316178986e-09, 1.0213839774e-09]
    },
    "erbbands": {
        "dmean": [0.215789824724, 3.95647406578, 10.6340446472, 10.5995292664, 16.7319793701, 7.5749206543, 3.51824712753, 3.28563165665, 3.87288093567, 17.6147117615, 10.9090270996, 9.2790184021, 15.6550226212, 5.09205007553, 6.04015254974, 5.96773862839, 3.38222002983, 3.87634515762, 2.70912337303, 2.65950202942, 1.85202240944, 3.03145956993, 2.1902320385, 2.1944258213, 2.48910570145, 2.13982129097, 1.43921232224, 1.70504653454, 1.4195933342, 3.86143255234, 3.64469027519, 2.21826481819, 1.37796592712, 0.799125254154, 0.501858115196, 0.265138536692, 0.0582484789193, 0.0117739606649, 0.00200601341203, 0.000129709616886],
        "dmean2": [0.329303085804, 5.86862897873, 14.4392852783, 17.2710208893, 29.9734573364, 13.2152748108, 5.24612045288, 5.71541643143, 6.95081186295, 28.9098892212, 19.0178546906, 15.6146154404, 24.6460075378, 8.92129039764, 10.5293035507, 8.88665866852, 5.28723669052, 6.10624265671, 4.75215339661, 4.65119838715, 3.1689221859, 5.01550626755, 3.62029051781, 3.55966949463, 4.13076877594, 3.6592977047, 2.27941560745, 2.83125376701, 2.24366736412, 5.81114816666, 5.70598983765, 3.49683117867, 2.10477089882, 1.21211838722, 0.764947652817, 0.401512891054, 0.0886803418398, 0.0173693653196, 0.00300156581216, 0.000201367947739],
        "dvar": [0.243939012289, 92.7597579956, 619.71472168, 739.569213867, 3722.13305664, 389.816070557, 58.0725021362, 61.9031639099, 99.9730072021, 2918.29223633, 920.088378906, 544.969787598, 5386.07470703, 515.393188477, 585.812316895, 766.647094727, 123.779792786, 185.048965454, 117.956390381, 99.0276794434, 18.0712203979, 38.7867431641, 14.9308395386, 11.8195409775, 13.9326000214, 16.30610466, 4.07323122025, 6.49392938614, 4.79429388046, 61.8036499023, 45.3294677734, 13.7275838852, 6.23896741867, 2.23921871185, 1.03844535351, 0.27937272191, 0.0122992321849, 0.00035389084951, 1.18567313621e-05, 4.80468784758e-08],
        "dvar2": [0.503342807293, 194.502838135, 1289.60778809, 1349.81494141, 10328.4072266, 1065.71325684, 113.132286072, 170.112548828, 286.518798828, 7194.8515625, 2422.94311523, 1441.06408691, 15253.0146484, 1436.72912598, 1665.55651855, 1548.96325684, 251.91343689, 386.247741699, 323.047729492, 271.41583252, 46.6640701294, 100.876029968, 39.9960594177, 30.101688385, 36.2063941956, 44.2672080994, 9.64470291138, 16.8442306519, 11.8976478577, 137.170150757, 109.028701782, 29.4617710114, 13.3040838242, 4.5576043129, 2.14129519463, 0.620820045471, 0.025613874197, 0.000717498129234, 2.54260376096e-05, 1.14156421205e-07],
        "max": [3.88909268379, 79.0057601929, 211.197219849, 215.774185181, 462.158752441, 185.9740448, 100.056663513, 69.1890029907, 90.0263137817, 850.733825684, 308.521484375, 284.227050781, 1177.03442383, 276.528198242, 291.189666748, 572.940429688, 219.867202759, 232.228591919, 108.512443542, 118.142303467, 40.6437454224, 64.0887908936, 37.4986534119, 29.206571579, 41.0850601196, 60.0313453674, 20.8248920441, 23.2365188599, 20.1895694733, 82.8028564453, 77.2329483032, 35.6198768616, 27.2037067413, 14.2473154068, 7.11181020737, 4.33692741394, 0.859012544155, 0.17410159111, 0.0485996305943, 0.00254710670561],
        "mean": [0.404253721237, 6.04355573654, 15.6065483093, 12.7255544662, 11.857126236, 6.59300088882, 4.40211677551, 2.97049474716, 3.69945287704, 18.9561290741, 9.29791259766, 9.84540271759, 18.2739009857, 4.53541183472, 5.70315217972, 6.66976881027, 3.72133278847, 5.15994930267, 2.20909786224, 2.25836539268, 1.86783254147, 3.47226428986, 2.88104057312, 3.18440651894, 2.99607157707, 2.41686153412, 2.34065365791, 2.27121686935, 1.9143434763, 5.03605604172, 4.97343683243, 4.17168521881, 2.73694467545, 1.40658760071, 0.620753407478, 0.310079216957, 0.0801797062159, 0.0223219823092, 0.00444419914857, 0.000266289483989],
        "median": [0.0769655257463, 1.67695355415, 4.51760292053, 2.07522153854, 1.1375169754, 0.817138552666, 0.901879549026, 0.772066116333, 1.36063396931, 3.62808322906, 1.29322910309, 0.491600900888, 0.45743483305, 0.468877494335, 0.771766960621, 0.644752383232, 0.439710110426, 0.583739280701, 0.261041045189, 0.499213397503, 0.407727181911, 1.09905385971, 1.0018709898, 0.982460260391, 1.46145236492, 1.09870350361, 1.11859154701, 1.37304317951, 1.14076018333, 2.06975007057, 2.29163789749, 1.7924708128, 1.10271418095, 0.54568362236, 0.148589119315, 0.0529576577246, 0.0163057856262, 0.00864051189274, 0.00185215089004, 0.000125684950035],
        "min": [2.32295450237e-11, 1.3051032477e-10, 9.58889148639e-11, 3.83276022031e-10, 2.3855017961e-09, 3.23705551253e-09, 2.33758310486e-08, 2.85401796418e-07, 5.22848722539e-07, 6.19450645445e-07, 4.0046646177e-07, 1.09926851621e-07, 2.70609689323e-07, 8.96000074135e-07, 3.50399886884e-06, 4.53805478173e-06, 5.5171931308e-06, 3.39105781677e-06, 2.86037266051e-06, 3.0475650874e-06, 3.6299616113e-06, 4.23112805947e-06, 3.87106683775e-06, 2.57642932411e-06, 2.39897008214e-06, 3.08043422592e-06, 4.19109483119e-06, 4.62965272163e-06, 2.25828034672e-06, 6.29956912235e-06, 7.20049729352e-06, 6.54658288113e-06, 2.40889107772e-06, 1.77625634024e-06, 6.36912318441e-07, 1.46958953451e-07, 7.79774893545e-08, 9.12941899855e-08, 2.61107455657e-08, 1.41451550473e-09],
        "stdev": [0.769675910473, 11.8417434692, 31.4898796082, 30.7898464203, 48.2477989197, 16.6922988892, 9.85065937042, 6.78711509705, 8.13997459412, 56.0459976196, 26.8576622009, 29.2445697784, 80.8738555908, 18.7355957031, 20.1218585968, 35.0173835754, 13.7752008438, 20.9310054779, 9.0642156601, 8.16874408722, 4.11424779892, 6.52735853195, 4.42712593079, 4.58409643173, 3.99223899841, 3.66920113564, 2.95122313499, 2.70104718208, 2.38898468018, 9.00904750824, 7.59436655045, 5.44021701813, 3.6281952858, 2.03724646568, 1.20276486874, 0.594440162182, 0.139332339168, 0.0290039610118, 0.00581561308354, 0.000328299589455],
        "var": [0.592401027679, 140.226898193, 991.612487793, 948.014648438, 2327.85009766, 278.6328125, 97.0354919434, 46.0649299622, 66.259185791, 3141.15380859, 721.33404541, 855.244873047, 6540.58007812, 351.02255249, 404.889160156, 1226.21716309, 189.756164551, 438.106994629, 82.1600036621, 66.7283859253, 16.9270362854, 42.6064109802, 19.599445343, 21.0139408112, 15.9379720688, 13.4630365372, 8.70971775055, 7.29565525055, 5.70724725723, 81.162940979, 57.6744003296, 29.5959606171, 13.1638002396, 4.15037298203, 1.44664347172, 0.353359133005, 0.0194134991616, 0.000841229804792, 3.3821357647e-05, 1.07780628866e-07]
    },
    "gfcc": {
        "mean": [-57.3175125122, 70.6672744751, -52.5358695984, 55.2001838684, -49.0465621948, 20.9560508728, -21.241147995, 13.2005987167, -10.9606046677, -0.6027379632, -4.71334886551, -4.18639945984, -18.1013965607],
        "cov": [[7400.97167969, -2498.29467773, 792.958618164, -722.026123047, -608.43762207, 212.753112793, -740.05065918, 427.610565186, -445.752105713, -124.935623169, -576.30859375, -10.0459852219, -259.315490723], [-2498.29467773, 2712.64306641, -981.994934082, 66.126701355, 329.916320801, -415.304443359, 358.188049316, -288.521728516, 66.8847198486, -121.32509613, 197.486602783, -242.609786987, 219.318817139], [792.958618164, -981.994934082, 1891.90344238, 324.203704834, -1.54675865173, 115.363838196, -286.623718262, -24.5235233307, 24.6946411133, -55.2827186584, -44.248714447, 136.744827271, 0.661300957203], [-722.026123047, 66.126701355, 324.203704834, 592.300354004, 130.564285278, -28.5113716125, -40.7793464661, -105.288238525, 77.9705429077, 14.7797727585, 164.152816772, 68.9771957397, 22.9212741852], [-608.43762207, 329.916320801, -1.54675865173, 130.564285278, 325.002410889, 0.383238106966, 87.1138687134, -72.1773986816, 36.1821975708, -6.93143939972, 87.2853469849, 13.3811359406, 52.0500335693], [212.753112793, -415.304443359, 115.363838196, -28.5113716125, 0.383238106966, 350.839263916, 47.5931587219, 24.2187461853, -30.3769493103, 45.8229560852, 5.7685213089, 37.993106842, -64.6986236572], [-740.05065918, 358.188049316, -286.623718262, -40.7793464661, 87.1138687134, 47.5931587219, 253.895507812, -22.4223823547, 43.9133682251, 2.00508475304, 72.4855804443, -34.716381073, 30.9740505219], [427.610565186, -288.521728516, -24.5235233307, -105.288238525, -72.1773986816, 24.2187461853, -22.4223823547, 180.847915649, 15.2145662308, 48.0029411316, -45.5998687744, 26.5011043549, -23.4364242554], [-445.752105713, 66.8847198486, 24.6946411133, 77.9705429077, 36.1821975708, -30.3769493103, 43.9133682251, 15.2145662308, 167.576828003, 36.735748291, 75.9925613403, 20.5804424286, 43.7278785706], [-124.935623169, -121.32509613, -55.2827186584, 14.7797727585, -6.93143939972, 45.8229560852, 2.00508475304, 48.0029411316, 36.735748291, 132.714050293, 38.0251350403, 49.5168190002, -29.8130283356], [-576.30859375, 197.486602783, -44.248714447, 164.152816772, 87.2853469849, 5.7685213089, 72.4855804443, -45.5998687744, 75.9925613403, 38.0251350403, 178.806381226, 47.0168266296, 52.2778968811], [-10.0459852219, -242.609786987, 136.744827271, 68.9771957397, 13.3811359406, 37.993106842, -34.716381073, 26.5011043549, 20.5804424286, 49.5168190002, 47.0168266296, 135.456344604, 20.6413421631], [-259.315490723, 219.318817139, 0.661300957203, 22.9212741852, 52.0500335693, -64.6986236572, 30.9740505219, -23.4364242554, 43.7278785706, -29.8130283356, 52.2778968811, 20.6413421631, 122.085990906]],
        "icov": [[0.00039006373845, 0.000243890739512, -1.06990728455e-06, 0.000335810065735, 8.23637401481e-06, -7.9442455899e-05, 0.000857269507833, -0.000536318111699, 0.000567653682083, 0.0004697823897, -0.000244521681452, 0.000484767835587, -0.000104578699393], [0.000243890739512, 0.00129736214876, 0.000297053979011, 0.000167134785443, -0.000504711060785, 0.000930350623094, -0.000213464329136, 0.000610519142356, 0.000702010816894, -3.22783926094e-05, -0.000696078815963, 0.00190873024985, -0.00124997785315], [-1.06990728455e-06, 0.000297053979011, 0.000944843050092, -0.000461893185275, -0.00020230114751, -0.000313248252496, 0.000686503946781, 0.000359502009815, -0.000492844264954, 0.00063559965929, 0.000530267541762, -0.000239442757447, -0.000494066509418], [0.000335810065735, 0.000167134785443, -0.000461893185275, 0.00359432422556, -0.000651979877148, 0.000400199205615, 0.00175375503022, 0.000576277903747, -0.000166611236637, 0.000886253081262, -0.00332982977852, -0.000140957869007, 0.00162221991923], [8.23637401481e-06, -0.000504711060785, -0.00020230114751, -0.000651979877148, 0.00439044600353, -0.00049174646847, -0.00101035647094, 0.000507516611833, 2.65828257398e-05, -9.54477582127e-06, -6.00786115683e-05, -0.000915151205845, -0.00056238041725], [-7.9442455899e-05, 0.000930350623094, -0.000313248252496, 0.000400199205615, -0.00049174646847, 0.0049895439297, -0.00260697957128, 0.000761137052905, 0.00125349732116, -0.00103791919537, -0.00115132913925, -4.20270916948e-05, 0.00154554494657], [0.000857269507833, -0.000213464329136, 0.000686503946781, 0.00175375503022, -0.00101035647094, -0.00260697957128, 0.00971498712897, -0.00172576401383, -0.000524490373209, 0.0021850860212, -0.00296678440645, 0.00210077594966, -0.000238816268393], [-0.000536318111699, 0.000610519142356, 0.000359502009815, 0.000576277903747, 0.000507516611833, 0.000761137052905, -0.00172576401383, 0.00983093772084, -0.00245812139474, -0.00319408858195, 0.00233422545716, -0.00142609968316, -0.000491991871968], [0.000567653682083, 0.000702010816894, -0.000492844264954, -0.000166611236637, 2.65828257398e-05, 0.00125349732116, -0.000524490373209, -0.00245812139474, 0.0102779753506, -0.00217317673378, -0.00309460517019, 0.00264451256953, -0.00304126506671], [0.0004697823897, -3.22783926094e-05, 0.00063559965929, 0.000886253081262, -9.54477582127e-06, -0.00103791919537, 0.0021850860212, -0.00319408858195, -0.00217317673378, 0.0138890482485, -0.00332483788952, -0.00406289566308, 0.0054531628266], [-0.000244521681452, -0.000696078815963, 0.000530267541762, -0.00332982977852, -6.00786115683e-05, -0.00115132913925, -0.00296678440645, 0.00233422545716, -0.00309460517019, -0.00332483788952, 0.0146481972188, -0.00388100417331, -0.00335014425218], [0.000484767835587, 0.00190873024985, -0.000239442757447, -0.000140957869007, -0.000915151205845, -4.20270916948e-05, 0.00210077594966, -0.00142609968316, 0.00264451256953, -0.00406289566308, -0.00388100417331, 0.0153671177104, -0.00568594643846], [-0.000104578699393, -0.00124997785315, -0.000494066509418, 0.00162221991923, -0.00056238041725, 0.00154554494657, -0.000238816268393, -0.000491991871968, -0.00304126506671, 0.0054531628266, -0.00335014425218, -0.00568594643846, 0.0157542135566]]
    },
    "melbands": {
        "dmean": [0.0031807788182, 0.00447983061895, 0.00204183231108, 0.000830384262372, 0.000144769495819, 7.3481554864e-05, 6.6543216235e-05, 0.000198972120415, 7.95268279035e-05, 7.04423364368e-05, 7.61865521781e-05, 1.80218357855e-05, 2.46970303124e-05, 1.02591839095e-05, 1.76894027391e-05, 6.05954346611e-06, 7.01780800227e-06, 4.39263749286e-06, 3.57169301424e-06, 2.97727956422e-06, 2.11354540625e-06, 3.52214829036e-06, 1.77783692834e-06, 2.48969786298e-06, 1.74815693299e-06, 1.84531540981e-06, 1.89418653918e-06, 1.35972879889e-06, 9.25938138607e-07, 9.89239993032e-07, 1.0170239193e-06, 7.64302455991e-07, 1.11385668333e-06, 2.7930880151e-06, 2.2766823804e-06, 1.74639990291e-06, 1.29589807329e-06, 1.02847604921e-06, 8.83997756773e-07, 6.3909601522e-07],
        "dmean2": [0.00483335973695, 0.00651613948867, 0.00303924642503, 0.00149005616549, 0.000223769777222, 0.000127511346363, 0.000116910327051, 0.000327603542246, 0.000140480682603, 0.000115367700346, 0.00011985936726, 3.17305602948e-05, 4.29995852755e-05, 1.65750534507e-05, 2.57622905337e-05, 1.04710343294e-05, 1.092857201e-05, 7.70790484239e-06, 6.26728569841e-06, 5.16863883604e-06, 3.59901787306e-06, 5.84413510296e-06, 2.94577216664e-06, 4.13689531342e-06, 2.85518126475e-06, 3.04678906105e-06, 3.23240283251e-06, 2.33595733334e-06, 1.46753814079e-06, 1.61385275987e-06, 1.70831845026e-06, 1.23556367271e-06, 1.79406526968e-06, 4.22077118856e-06, 3.63495723832e-06, 2.73109526461e-06, 2.05615674531e-06, 1.59033356795e-06, 1.37823599289e-06, 9.69863549471e-07],
        "dvar": [5.94715165789e-05, 8.97620702744e-05, 3.01760519505e-05, 7.9840183389e-06, 9.11444715257e-08, 3.08777714508e-08, 2.3667759308e-08, 4.31447006122e-07, 4.75230201857e-08, 4.04150846123e-08, 1.2706492214e-07, 7.14439352123e-09, 9.1447356354e-09, 1.61384039465e-09, 7.53488560434e-09, 3.19853782349e-10, 6.61923016398e-10, 3.47206485785e-10, 1.98121782868e-10, 9.61339827188e-11, 2.06683906101e-11, 5.62861042497e-11, 1.11727424187e-11, 1.76048516043e-11, 8.06178561408e-12, 7.67699705889e-12, 9.8442807725e-12, 7.31963101241e-12, 1.85896870813e-12, 1.74012648908e-12, 2.50408049331e-12, 1.51378020362e-12, 3.33239750898e-12, 3.74084790922e-11, 2.0374511106e-11, 7.22069496209e-12, 5.04465262965e-12, 3.54271169692e-12, 2.42115095334e-12, 1.52034168675e-12],
        "dvar2": [0.000125728140119, 0.000186287579709, 6.3915278588e-05, 2.22314374696e-05, 1.98872072588e-07, 8.42012539692e-08, 6.85977212811e-08, 1.05921117211e-06, 1.27855656729e-07, 1.07865375298e-07, 3.58184280458e-07, 1.99058796113e-08, 2.61105057575e-08, 3.8606415842e-09, 1.35305260329e-08, 8.40280178771e-10, 1.3368874896e-09, 9.41407618527e-10, 5.42033529172e-10, 2.60446553213e-10, 5.24660488666e-11, 1.47453271815e-10, 2.84828844538e-11, 4.68016250754e-11, 2.06698685945e-11, 2.00580559107e-11, 2.6180474455e-11, 1.99678277385e-11, 4.49155079449e-12, 4.42350539878e-12, 6.54971823305e-12, 3.82331406118e-12, 8.52370951598e-12, 8.15922121533e-11, 5.05459597788e-11, 1.63056235181e-11, 1.12633253418e-11, 7.65757336013e-12, 5.55589255158e-12, 2.97650402589e-12],
        "max": [0.0623705387115, 0.075177937746, 0.0459116697311, 0.0221017450094, 0.00298090698197, 0.00151474797167, 0.00123846007045, 0.00982114579529, 0.0019099782221, 0.00241304910742, 0.00572446221486, 0.0010470924899, 0.00114159786608, 0.00058278918732, 0.00203410768881, 0.000188461955986, 0.000455493514892, 0.000189239377505, 0.000160357973073, 0.000111569715955, 4.04855236411e-05, 7.23591292626e-05, 3.17937956424e-05, 4.04009915655e-05, 2.42634505412e-05, 3.00265146507e-05, 3.70847046725e-05, 4.07021543651e-05, 1.48359249579e-05, 1.30462822199e-05, 1.28645096993e-05, 1.33109042508e-05, 2.10198941204e-05, 5.99964732828e-05, 5.3702518926e-05, 2.76370592474e-05, 1.99340975087e-05, 2.20871897909e-05, 1.59895935212e-05, 1.18997859317e-05],
        "mean": [0.00516886776313, 0.00810564123094, 0.00227778591216, 0.000630024704151, 0.000179434879101, 6.62154416204e-05, 6.81567835272e-05, 0.00020764367946, 6.16582474322e-05, 7.88233737694e-05, 8.98431098904e-05, 1.43998959174e-05, 2.32639813476e-05, 1.05150156742e-05, 1.94024396478e-05, 6.58208864479e-06, 9.21733499126e-06, 3.24495704263e-06, 2.84396469397e-06, 2.53380358117e-06, 2.11592919186e-06, 3.94613107346e-06, 2.13500834434e-06, 3.23796166413e-06, 2.471521384e-06, 2.182767048e-06, 2.06637560041e-06, 1.45034709931e-06, 1.38577570397e-06, 1.53262737967e-06, 1.20792628877e-06, 9.20901584323e-07, 1.58057605404e-06, 3.42363728123e-06, 2.6870907277e-06, 3.26118424709e-06, 2.20389188144e-06, 1.82922030945e-06, 1.83097290574e-06, 9.79709398052e-07],
