{
"highlevel": {
    "danceability": {
        "all": {
            "danceable": 0.999999880791,
            "not_danceable": 1.00000008274e-07
        },
        "probability": 0.999999880791,
        "value": "danceable"
    },
    "gender": {
        "all": {
            "female": 0.545105576515,
            "male": 0.454894453287
        },
        "probability": 0.545105576515,
        "value": "female"
    },
    "genre_electronic": {
        "all": {
            "ambient": 0.0114135453478,
            "dnb": 0.0240466501564,
            "house": 0.681477308273,
            "techno": 0.00898088887334,
            "trance": 0.274081617594
        },
        "probability": 0.681477308273,
        "value": "house"
    },
    "mood_acoustic": {
        "all": {
            "acoustic": 0.0520507767797,
            "not_acoustic": 0.947949230671
        },
        "probability": 0.947949230671,
        "value": "not_acoustic"
    },
    "mood_aggressive": {
        "all": {
            "aggressive": 0.997299790382,
            "not_aggressive": 0.00270018610172
        },
        "probability": 0.997299790382,
        "value": "aggressive"
    },
    "mood_electronic": {
        "all": {
            "electronic": 0.884026288986,
            "not_electronic": 0.115973718464
        },
        "probability": 0.884026288986,
        "value": "electronic"
    },
    "mood_happy": {
        "all": {
            "happy": 0.139999181032,
            "not_happy": 0.86000084877
        },
        "probability": 0.86000084877,
        "value": "not_happy"
    },
    "mood_party": {
        "all": {
            "not_party": 0.0184116363525,
            "party": 0.981588363647
        },
        "probability": 0.981588363647,
        "value": "party"
    },
    "mood_relaxed": {
        "all": {
            "not_relaxed": 0.0486314967275,
            "relaxed": 0.951368510723
        },
        "probability": 0.951368510723,
        "value": "relaxed"
    },
    "mood_sad": {
        "all": {
            "not_sad": 0.00738742435351,
            "sad": 0.992612600327
        },
        "probability": 0.992612600327,
        "value": "sad"
    },
    "moods_mirex": {
        "all": {
            "Cluster1": 0.107522785664,
            "Cluster2": 0.19315199554,
            "Cluster3": 0.063451744616,
            "Cluster4": 0.455403268337,
            "Cluster5": 0.180470213294
        },
        "probability": 0.455403268337,
        "value": "Cluster4"
    },
    "timbre": {
        "all": {
            "bright": 0.99999922514,
            "dark": 7.99813847152e-07
        },
        "probability": 0.99999922514,
        "value": "bright"
    },
    "tonal_atonal": {
        "all": {
            "atonal": 0.999993145466,
            "tonal": 6.83793041389e-06
        },
        "probability": 0.999993145466,
        "value": "atonal"
    },
    "voice_instrumental": {
        "all": {
            "instrumental": 0.0578538104892,
            "voice": 0.94214618206
        },
        "probability": 0.94214618206,
        "value": "voice"
    }
},
"lowlevel": {
    "average_loudness": 0.865879356861,
    "barkbands_crest": {
        "dmean": 3.16239309311,
        "dmean2": 4.52903795242,
        "dvar": 13.2124319077,
        "dvar2": 23.2632465363,
        "max": 26.9298725128,
        "mean": 15.6304941177,
        "median": 15.0214157104,
        "min": 2.14963674545,
        "stdev": 7.59827518463,
        "var": 57.7337875366
    },
    "barkbands_flatness_db": {
        "dmean": 0.0365655273199,
        "dmean2": 0.0526485033333,
        "dvar": 0.00210248795338,
        "dvar2": 0.0041321022436,
        "max": 1,
        "mean": 0.185837715864,
        "median": 0.186138004065,
        "min": 0.0321192629635,
        "stdev": 0.085582010448,
        "var": 0.00732428068295
    },
    "barkbands_kurtosis": {
        "dmean": 62.1035194397,
        "dmean2": 103.484771729,
        "dvar": 673336.875,
        "dvar2": 1698894.375,
        "max": 37704.4140625,
        "mean": 65.1854019165,
        "median": 6.52131080627,
        "min": -1.94652044773,
        "stdev": 857.918518066,
        "var": 736024.1875
    },
    "barkbands_skewness": {
        "dmean": 1.38632965088,
        "dmean2": 2.10374450684,
        "dvar": 21.1504020691,
        "dvar2": 48.4588127136,
        "max": 146.793777466,
        "mean": 3.23647022247,
        "median": 2.40270471573,
        "min": -3.53716778755,
        "stdev": 5.77862977982,
        "var": 33.3925628662
    },
    "barkbands_spread": {
        "dmean": 7.9885058403,
        "dmean2": 12.5125026703,
        "dvar": 116.291023254,
        "dvar2": 266.205780029,
        "max": 114.776329041,
        "mean": 19.5509395599,
        "median": 12.9954509735,
        "min": 0.00291546992958,
        "stdev": 18.4367389679,
        "var": 339.913330078
    },
    "dissonance": {
        "dmean": 0.0199587810785,
        "dmean2": 0.0338569507003,
        "dvar": 0.000503136892803,
        "dvar2": 0.00137528334744,
        "max": 0.500000238419,
        "mean": 0.467530339956,
        "median": 0.478493601084,
        "min": 0,
        "stdev": 0.0350754633546,
        "var": 0.00123028806411
    },
    "dynamic_complexity": 2.01640486717,
    "erbbands_crest": {
        "dmean": 2.18986964226,
        "dmean2": 3.68059039116,
        "dvar": 5.4846367836,
        "dvar2": 14.4945030212,
        "max": 35.7714080811,
        "mean": 7.19025564194,
        "median": 5.94781732559,
        "min": 2.07403087616,
        "stdev": 4.04229164124,
        "var": 16.3401222229
    },
    "erbbands_flatness_db": {
        "dmean": 0.0194232705981,
        "dmean2": 0.0299485381693,
        "dvar": 0.000448114442406,
        "dvar2": 0.000928347173613,
        "max": 0.456195890903,
        "mean": 0.150865420699,
        "median": 0.136810302734,
        "min": 0.0362788438797,
        "stdev": 0.0580446086824,
        "var": 0.00336917676032
    },
    "erbbands_kurtosis": {
        "dmean": 1.09555101395,
        "dmean2": 1.82995533943,
        "dvar": 31.9930782318,
        "dvar2": 79.3550643921,
        "max": 319.902435303,
        "mean": 0.648243129253,
        "median": -0.257322072983,
        "min": -1.86723089218,
        "stdev": 6.33256626129,
        "var": 40.101398468
    },
    "erbbands_skewness": {
        "dmean": 0.403718173504,
        "dmean2": 0.643370568752,
        "dvar": 0.270063251257,
        "dvar2": 0.65990370512,
        "max": 16.6366767883,
        "mean": 0.405248582363,
        "median": 0.35598295927,
        "min": -3.3972556591,
        "stdev": 0.890186011791,
        "var": 0.792431116104
    },
    "erbbands_spread": {
        "dmean": 10.6062860489,
        "dmean2": 16.7940273285,
        "dvar": 155.971115112,
        "dvar2": 370.410217285,
        "max": 205.364227295,
        "mean": 46.7985305786,
        "median": 45.3745002747,
        "min": 2.19321250916,
        "stdev": 22.5146999359,
        "var": 506.911682129
    },
    "hfc": {
        "dmean": 13.4137382507,
        "dmean2": 20.7765045166,
        "dvar": 441.717773438,
        "dvar2": 1018.39929199,
        "max": 271.975372314,
        "mean": 28.7661552429,
        "median": 21.6905708313,
        "min": 1.05461815714e-16,
        "stdev": 24.8819694519,
        "var": 619.112365723
    },
    "loudness_ebu128": {
        "integrated": -7.53202724457,
        "loudness_range": 5.13984489441,
        "momentary": {
            "dmean": 0.471833825111,
            "dmean2": 0.577653288841,
            "dvar": 7.34507656097,
            "dvar2": 9.96849727631,
            "max": -4.72033309937,
            "mean": -9.38758182526,
            "median": -7.25809955597,
            "min": -300.691009521,
            "stdev": 17.3783588409,
            "var": 302.007385254
        },
        "short_term": {
            "dmean": 0.0583584569395,
            "dmean2": 0.0437719076872,
            "dvar": 0.00504667731002,
            "dvar2": 0.00302554480731,
            "max": -5.56072425842,
            "mean": -8.07566642761,
            "median": -7.34453678131,
            "min": -18.5438480377,
            "stdev": 2.34672617912,
            "var": 5.50712347031
        }
    },
    "melbands_crest": {
        "dmean": 4.12097454071,
        "dmean2": 6.60972118378,
        "dvar": 24.7466239929,
        "dvar2": 57.0485687256,
        "max": 40,
        "mean": 19.7021446228,
        "median": 20.3277320862,
        "min": 1.55270791054,
        "stdev": 8.51977062225,
        "var": 72.5864944458
    },
    "melbands_flatness_db": {
        "dmean": 0.0448940694332,
        "dmean2": 0.0636600404978,
        "dvar": 0.00288699683733,
        "dvar2": 0.00587857328355,
        "max": 1,
        "mean": 0.241935253143,
        "median": 0.245541960001,
        "min": 0.00339145329781,
        "stdev": 0.107571043074,
        "var": 0.0115715293214
    },
    "melbands_kurtosis": {
        "dmean": 3366823,
        "dmean2": 6734028,
        "dvar": 6.26604761772e+16,
        "dvar2": 1.38283833669e+17,
        "max": 22010302464,
        "mean": 4222437,
        "median": 20.7634162903,
        "min": -1.90718913078,
        "stdev": 294759808,
        "var": 8.68833486973e+16
    },
    "melbands_skewness": {
        "dmean": 23.3757972717,
        "dmean2": 45.9593429565,
        "dvar": 2251542.75,
        "dvar2": 4886187.5,
        "max": 128328.015625,
        "mean": 31.2031002045,
        "median": 3.88996553421,
        "min": -1.9681981802,
        "stdev": 1763.28796387,
        "var": 3109184.25
    },
    "melbands_spread": {
        "dmean": 8.88536453247,
        "dmean2": 13.8062314987,
        "dvar": 231.607879639,
        "dvar2": 537.201965332,
        "max": 276.08493042,
        "mean": 19.601348877,
        "median": 10.0401201248,
        "min": 8.39901126426e-09,
        "stdev": 25.2644939423,
        "var": 638.294616699
    },
    "pitch_salience": {
        "dmean": 0.10432998836,
        "dmean2": 0.156076148152,
        "dvar": 0.01622344926,
        "dvar2": 0.0323747955263,
        "max": 0.929968297482,
        "mean": 0.42137119174,
        "median": 0.435483694077,
        "min": 1.63846343639e-05,
        "stdev": 0.233324155211,
        "var": 0.0544401630759
    },
    "silence_rate_20dB": {
        "dmean": 0,
        "dmean2": 0,
        "dvar": 0,
        "dvar2": 0,
        "max": 1,
        "mean": 1,
        "median": 1,
        "min": 1,
        "stdev": 0,
        "var": 0
    },
    "silence_rate_30dB": {
        "dmean": 0.0886522531509,
        "dmean2": 0.177315890789,
        "dvar": 0.0807935446501,
        "dvar2": 0.153198584914,
        "max": 1,
        "mean": 0.657216191292,
        "median": 1,
        "min": 0,
        "stdev": 0.474615514278,
        "var": 0.225259885192
    },
    "silence_rate_60dB": {
        "dmean": 0.0210404768586,
        "dmean2": 0.0420836545527,
        "dvar": 0.0206043850631,
        "dvar2": 0.0474966280162,
        "max": 1,
        "mean": 0.0449005775154,
        "median": 0,
        "min": 0,
        "stdev": 0.207081317902,
        "var": 0.0428826697171
    },
    "spectral_centroid": {
        "dmean": 342.391967773,
        "dmean2": 543.959655762,
        "dvar": 166941.390625,
        "dvar2": 375025.5,
        "max": 11714.7236328,
        "mean": 1454.95996094,
        "median": 1278.3605957,
        "min": 118.059020996,
        "stdev": 974.019104004,
        "var": 948713.1875
    },
    "spectral_complexity": {
        "dmean": 6.37295532227,
        "dmean2": 9.42750835419,
        "dvar": 48.7417449951,
        "dvar2": 96.2107543945,
        "max": 66,
        "mean": 22.5010910034,
        "median": 21,
        "min": 0,
        "stdev": 12.4831142426,
        "var": 155.828140259
    },
    "spectral_decrease": {
        "dmean": 4.33337543626e-09,
        "dmean2": 5.83239723184e-09,
        "dvar": 2.52966488959e-17,
        "dvar2": 4.23721978379e-17,
        "max": 1.91306882496e-28,
        "mean": -1.86027637739e-08,
        "median": -1.56118957761e-08,
        "min": -6.1500365689e-08,
        "stdev": 1.50131977961e-08,
        "var": 2.25396102539e-16
    },
    "spectral_energy": {
        "dmean": 0.0165698379278,
        "dmean2": 0.0224474929273,
        "dvar": 0.000349529465893,
        "dvar2": 0.000597112579271,
        "max": 0.23367126286,
        "mean": 0.0728200525045,
        "median": 0.0629680752754,
        "min": 9.91628318855e-21,
        "stdev": 0.0564579479396,
        "var": 0.0031874999404
    },
    "spectral_energyband_high": {
        "dmean": 0.0011838467326,
        "dmean2": 0.00181799184065,
        "dvar": 4.71199246022e-06,
        "dvar2": 1.06366815089e-05,
        "max": 0.0275804176927,
        "mean": 0.00177444936708,
        "median": 0.00073148967931,
        "min": 1.46294191764e-23,
        "stdev": 0.00265687075444,
        "var": 7.05896172803e-06
    },
    "spectral_energyband_low": {
        "dmean": 0.0174966678023,
        "dmean2": 0.0226543657482,
        "dvar": 0.000644209212624,
        "dvar2": 0.00102730037179,
        "max": 0.227517351508,
        "mean": 0.0547829568386,
        "median": 0.0238248929381,
        "min": 1.59154864884e-23,
        "stdev": 0.0596458241343,
        "var": 0.00355762429535
    },
    "spectral_energyband_middle_high": {
        "dmean": 0.00264989538118,
        "dmean2": 0.00413763755932,
        "dvar": 1.69184240804e-05,
        "dvar2": 4.02138612117e-05,
        "max": 0.0883416235447,
        "mean": 0.00514286383986,
        "median": 0.00323168793693,
        "min": 3.45957057821e-22,
        "stdev": 0.00584289897233,
        "var": 3.41394697898e-05
    },
    "spectral_energyband_middle_low": {
        "dmean": 0.00623819418252,
        "dmean2": 0.00969330407679,
        "dvar": 9.03124455363e-05,
        "dvar2": 0.000188031379366,
        "max": 0.189798116684,
        "mean": 0.0112992906943,
        "median": 0.0069781774655,
        "min": 1.58858032303e-22,
        "stdev": 0.0118698151782,
        "var": 0.000140892501804
    },
    "spectral_entropy": {
        "dmean": 0.194030657411,
        "dmean2": 0.293292731047,
        "dvar": 0.0454447455704,
        "dvar2": 0.103537447751,
        "max": 9.82079219818,
        "mean": 7.73538923264,
        "median": 7.79318761826,
        "min": 5.02436733246,
        "stdev": 0.547828912735,
        "var": 0.300116539001
    },
    "spectral_flux": {
        "dmean": 0.0388235338032,
        "dmean2": 0.0605307370424,
        "dvar": 0.00213930895552,
        "dvar2": 0.00488669192418,
        "max": 0.406533300877,
        "mean": 0.119856506586,
        "median": 0.100293979049,
        "min": 6.41448283378e-11,
        "stdev": 0.0745210796595,
        "var": 0.00555339083076
    },
    "spectral_kurtosis": {
        "dmean": 1.80918037891,
        "dmean2": 3.08290624619,
        "dvar": 11.8437309265,
        "dvar2": 33.2232589722,
        "max": 112.077545166,
        "mean": 4.02114868164,
        "median": 2.54014086723,
        "min": -1.50764834881,
        "stdev": 7.29693651199,
        "var": 53.2452850342
    },
    "spectral_rms": {
        "dmean": 0.00102786417119,
        "dmean2": 0.00141747284215,
        "dvar": 1.17781553399e-06,
        "dvar2": 2.12753684536e-06,
        "max": 0.0150987403467,
        "mean": 0.00758233852684,
        "median": 0.00783787388355,
        "min": 3.1103735039e-12,
        "stdev": 0.00368135748431,
        "var": 1.35523923745e-05
    },
    "spectral_rolloff": {
        "dmean": 769.458007812,
        "dmean2": 1278.44812012,
        "dvar": 2656075.5,
        "dvar2": 6308430.5,
        "max": 19767.4804688,
        "mean": 1502.87072754,
        "median": 516.796875,
        "min": 21.533203125,
        "stdev": 2549.61987305,
        "var": 6500561.5
    },
    "spectral_skewness": {
        "dmean": 0.263552695513,
        "dmean2": 0.432937264442,
        "dvar": 0.094084084034,
        "dvar2": 0.24765227735,
        "max": 7.91321802139,
        "mean": 1.38269257545,
        "median": 1.25711143017,
        "min": -0.498923033476,
        "stdev": 0.718566179276,
        "var": 0.516337394714
    },
    "spectral_spread": {
        "dmean": 847449.875,
        "dmean2": 1289050.375,
        "dvar": 2.1292244009e+12,
        "dvar2": 4.83021658522e+12,
        "max": 51984624,
        "mean": 5241083.5,
        "median": 4418709,
        "min": 669879.4375,
        "stdev": 3412323.25,
        "var": 1.16439499407e+13
    },
    "spectral_strongpeak": {
        "dmean": 0.397843182087,
        "dmean2": 0.660354077816,
        "dvar": 0.560154795647,
        "dvar2": 1.54704463482,
        "max": 18.8359622955,
        "mean": 0.823822140694,
        "median": 0.769079566002,
        "min": 0,
        "stdev": 0.793795466423,
        "var": 0.630111217499
    },
    "zerocrossingrate": {
        "dmean": 0.0150273106992,
        "dmean2": 0.0183966569602,
        "dvar": 0.000434393587057,
        "dvar2": 0.000654117553495,
        "max": 0.54248046875,
        "mean": 0.054553385824,
        "median": 0.03466796875,
        "min": 0,
        "stdev": 0.0613186769187,
        "var": 0.00375997996889
    },
    "barkbands": {
        "dmean": [0.00222473638132, 0.0170808900148, 0.00308216153644, 0.00143675005529, 0.00165947678033, 0.00248664990067, 0.00165335799102, 0.000750680628698, 0.00140575424302, 0.0009234645986, 0.000630940601695, 0.000477213354316, 0.000466901459731, 0.000410361972172, 0.000236680440139, 0.000186948382179, 0.000189784070244, 0.000207344026421, 0.000199207686819, 0.000239675369812, 0.000316163379466, 0.000193961765035, 0.000140070405905, 0.000205021118745, 0.000230183941312, 0.000110520639282, 7.48059107991e-08],
        "dmean2": [0.00401171157137, 0.0225092917681, 0.00500046042725, 0.00266604521312, 0.0030297015328, 0.00407118117437, 0.0027996795252, 0.00129123113584, 0.00236600544304, 0.00152781046927, 0.0010797213763, 0.000788193952758, 0.000776768662035, 0.00069297029404, 0.000388215761632, 0.000304258690448, 0.000305532856146, 0.000333061703714, 0.000320734572597, 0.000374070863472, 0.000490144477226, 0.0002850224555, 0.000210663856706, 0.000336467986926, 0.000370298948837, 0.000175110253622, 1.31471509235e-07],
        "dvar": [3.98119191232e-05, 0.000693682814017, 5.32538797415e-05, 1.33584244395e-05, 1.45632120621e-05, 2.37108324654e-05, 9.38371340453e-06, 1.6570762682e-06, 7.42948077459e-06, 4.74574835607e-06, 1.37475819884e-06, 6.76911554365e-07, 1.15833347536e-06, 1.17497563679e-06, 1.90583222093e-07, 1.77140904611e-07, 1.33176868644e-07, 1.02947517178e-07, 1.05131654493e-07, 1.75118628931e-07, 2.91523207352e-07, 1.40255949077e-07, 7.9008486864e-08, 3.40995910619e-07, 5.3833690572e-07, 1.06003895439e-07, 1.18132405442e-13],
        "dvar2": [0.000111008514068, 0.000990209984593, 0.000132003129693, 3.79702578357e-05, 4.24947611464e-05, 5.54413782083e-05, 2.45089831878e-05, 4.58204112874e-06, 2.02387564059e-05, 1.27846369651e-05, 3.6313720102e-06, 1.76988089606e-06, 3.0733690437e-06, 2.93532684736e-06, 4.93512288813e-07, 4.31574989079e-07, 3.15056297495e-07, 2.62421565367e-07, 2.65614403361e-07, 4.20238336574e-07, 6.62907154947e-07, 2.74233343589e-07, 1.7696081045e-07, 9.03391821794e-07, 1.30919124786e-06, 2.47373350248e-07, 3.28239714055e-13],
        "max": [0.0638002753258, 0.224477171898, 0.0551691427827, 0.0284932591021, 0.044684227556, 0.179834991693, 0.0408305712044, 0.0188855603337, 0.0538443475962, 0.0582024939358, 0.0346206761897, 0.0138766746968, 0.0423558726907, 0.0569009482861, 0.0154516901821, 0.0205957125872, 0.021475084126, 0.00386237096973, 0.00493261078373, 0.00888046529144, 0.00873481761664, 0.010075009428, 0.0035233697854, 0.00989166740328, 0.0105233583599, 0.00449821026996, 9.85041788226e-06],
        "mean": [0.00176817760803, 0.0503915809095, 0.00261474307626, 0.00103797507472, 0.00159735942725, 0.00328957452439, 0.00208294438198, 0.00101945176721, 0.0018529528752, 0.00117236981168, 0.000732985092327, 0.000683560909238, 0.000629091693554, 0.000538158637937, 0.000344837928424, 0.000291426986223, 0.000286994909402, 0.000298863829812, 0.000269026029855, 0.000370177236618, 0.000477689987747, 0.000290212512482, 0.000198840163648, 0.000238881810219, 0.000225124764256, 0.000117371149827, 6.12872597117e-08],
        "median": [0.000422390061431, 0.00978279672563, 0.00044887769036, 0.000242353053181, 0.000773944891989, 0.00152103055734, 0.000932710594498, 0.000583568587899, 0.00100628659129, 0.0005202855682, 0.000315616023727, 0.000323866261169, 0.00023225863697, 0.000220568850636, 0.000167660517036, 0.000125881284475, 0.000114479189506, 0.000131516135298, 0.000138540577609, 0.000199589238036, 0.000176786415977, 8.03003058536e-05, 4.47681559308e-05, 5.13276645506e-05, 1.70692328538e-05, 3.60628609997e-06, 6.01638472375e-09],
        "min": [3.04748554081e-25, 2.35841839972e-24, 1.54784133707e-24, 1.39518856748e-24, 8.80440793227e-24, 8.80707033783e-24, 7.19947199832e-24, 9.5825419069e-24, 1.02816588401e-23, 1.36537354985e-23, 1.55318287204e-23, 2.49163057978e-23, 2.60276782846e-23, 1.85609189123e-23, 1.21534687849e-23, 7.81096068445e-24, 4.75721819476e-24, 3.17189847051e-24, 2.17440397181e-24, 2.64281064467e-24, 3.38732849511e-24, 6.0517424901e-25, 5.2801472849e-25, 5.30634535556e-25, 3.79226894156e-24, 3.77947992857e-24, 1.77033423058e-24],
        "stdev": [0.00506122922525, 0.0592774115503, 0.00678815087304, 0.00283702346496, 0.00309844431467, 0.005814592354, 0.00339985033497, 0.00146799790673, 0.00275744288228, 0.00241180858575, 0.00123779347632, 0.00101757468656, 0.00130742357578, 0.00126768392511, 0.000585721398238, 0.000700070755556, 0.000676007359289, 0.000402692850912, 0.000369886256522, 0.000526590680238, 0.000728887331206, 0.000521470385138, 0.000361514044926, 0.000545304210391, 0.000706921273377, 0.000358843011782, 2.9614315622e-07],
        "var": [2.56160419667e-05, 0.00351381162181, 4.60789924546e-05, 8.04870251159e-06, 9.60035686148e-06, 3.38094832841e-05, 1.15589828056e-05, 2.1550179099e-06, 7.6034907579e-06, 5.81682024858e-06, 1.53213272824e-06, 1.03545812635e-06, 1.7093562974e-06, 1.60702256835e-06, 3.43069530118e-07, 4.90099068884e-07, 4.5698598683e-07, 1.62161526873e-07, 1.36815842211e-07, 2.77297715456e-07, 5.31276782567e-07, 2.71931384077e-07, 1.30692413336e-07, 2.97356677947e-07, 4.99737723203e-07, 1.2876830624e-07, 8.77007749192e-14]
    },
    "erbbands": {
        "dmean": [0.610564887524, 3.63757896423, 3.874147892, 3.89318847656, 4.88055992126, 6.38149738312, 10.7582960129, 23.250120163, 26.2975978851, 19.6616287231, 18.5615119934, 27.6780281067, 35.8372459412, 24.4493675232, 22.0838088989, 19.0263729095, 18.9956989288, 20.2862663269, 15.8207950592, 10.515712738, 9.53596115112, 10.4235811234, 10.6598558426, 11.1077890396, 9.81770324707, 11.5766267776, 13.4814062119, 10.913228035, 7.69300031662, 4.9146399498, 3.85731220245, 3.550604105, 4.03605794907, 3.00076770782, 1.33108651638, 0.639703810215, 0.175100803375, 0.0104804113507, 0.000225871364819, 2.86665017484e-05],
        "dmean2": [0.812977313995, 4.70315599442, 5.58257007599, 6.92693185806, 8.8295917511, 11.7372045517, 18.4858703613, 38.4194908142, 44.3154678345, 32.7985992432, 32.3213996887, 46.9992294312, 59.9177055359, 41.2695960999, 37.0987586975, 31.2477302551, 31.1878318787, 34.4357261658, 25.8827362061, 16.8095054626, 15.5605773926, 16.7521953583, 17.0027618408, 17.8161125183, 15.6252603531, 18.0425014496, 21.2916755676, 16.6304206848, 11.3806934357, 7.37701416016, 5.81318664551, 5.57155942917, 6.72159385681, 4.87649869919, 2.12132787704, 1.0256690979, 0.273424386978, 0.016113627702, 0.000349446490873, 4.25026555604e-05],
        "dvar": [1.05596613884, 29.9526634216, 56.4326171875, 93.3043289185, 128.494369507, 202.812362671, 538.307922363, 1945.97961426, 2311.20043945, 1207.66589355, 931.342346191, 2774.59008789, 4926.50683594, 2365.91772461, 1844.80078125, 1080.97290039, 1775.52258301, 1941.65612793, 2384.61376953, 471.651397705, 388.435699463, 350.239135742, 276.344238281, 323.492523193, 253.044082642, 408.460601807, 532.760437012, 419.742492676, 230.199478149, 88.0207519531, 57.6335258484, 56.605506897, 185.841720581, 98.7617721558, 18.0525989532, 3.81927752495, 0.259440362453, 0.000956761359703, 3.96352334064e-07, 1.92731319792e-09],
        "dvar2": [1.89858257771, 37.8091964722, 123.959922791, 253.615875244, 365.064819336, 605.873657227, 1378.38391113, 4644.30810547, 5803.57714844, 3263.63769531, 2646.03222656, 7604.60595703, 12934.4375, 6363.98974609, 4868.07666016, 2785.4074707, 4509.84033203, 5490.05859375, 5193.31494141, 1149.63085938, 931.610046387, 821.377990723, 712.29296875, 828.147766113, 619.111816406, 985.038757324, 1274.30700684, 902.64453125, 466.827941895, 183.658004761, 128.501846313, 138.409347534, 490.981719971, 241.292572021, 44.6662864685, 9.03503799438, 0.585302948952, 0.00199761241674, 8.59919111917e-07, 4.51923121148e-09],
        "max": [8.0633392334, 49.107131958, 66.2681274414, 75.8926315308, 97.9572372437, 167.219833374, 711.850524902, 1503.80578613, 656.915100098, 531.352966309, 351.299377441, 1087.00927734, 1462.26916504, 1132.35192871, 1297.99804688, 570.535644531, 2315.41015625, 1239.63525391, 3403.92797852, 1127.67687988, 1230.3963623, 1106.67504883, 275.826812744, 258.175109863, 237.900802612, 417.266418457, 487.618530273, 368.468048096, 401.516571045, 167.909301758, 102.95149231, 124.558349609, 227.191864014, 153.653717041, 64.9077072144, 27.4388370514, 10.5495996475, 0.67603635788, 0.011645087041, 0.000598465907387],
        "mean": [1.60410642624, 10.6280269623, 5.89777803421, 3.23810315132, 4.28611707687, 5.6278219223, 12.064948082, 30.1969070435, 33.130695343, 27.7831764221, 25.6130638123, 37.598285675, 43.9297523499, 32.2461929321, 28.8496055603, 28.5079841614, 27.5959510803, 27.8526935577, 23.3314361572, 16.8109378815, 15.7409915924, 15.9414396286, 15.6747655869, 15.7494258881, 13.8466377258, 17.6019134521, 20.7583351135, 16.4058837891, 11.1709775925, 7.14172697067, 5.50330400467, 4.8005862236, 4.15897130966, 2.89307355881, 1.33221292496, 0.659680724144, 0.193434506655, 0.0121399536729, 0.000290488853352, 9.88703177427e-05],
        "median": [0.250807404518, 2.01569128036, 2.27721452713, 1.05887699127, 1.64233767986, 2.15911889076, 5.33151721954, 14.8400115967, 13.7902765274, 13.9930667877, 16.6653518677, 21.6354103088, 20.4377651215, 15.7128343582, 13.7357120514, 13.6219415665, 11.5835094452, 12.5381069183, 9.05451488495, 8.16920566559, 7.16458272934, 6.86063814163, 7.23113918304, 7.49755477905, 7.23122596741, 9.23073863983, 9.60083675385, 4.99737405777, 3.07388162613, 1.7754420042, 1.27263700962, 1.12423932552, 0.799721837044, 0.290643900633, 0.081501558423, 0.0229138620198, 0.00581047404557, 0.000361485930625, 6.91448221914e-05, 9.81489865808e-05],
        "min": [4.0327181631e-23, 5.91078102961e-22, 2.00917566366e-21, 5.53070971349e-21, 1.67288619342e-20, 2.369175006e-20, 4.55736063215e-20, 8.37843164519e-20, 1.25553066439e-19, 9.30275298846e-20, 2.5595074878e-19, 2.68473384375e-19, 5.06748989525e-19, 6.85327461005e-19, 7.87506807327e-19, 1.07949220608e-18, 1.79988132001e-18, 2.47495789357e-18, 1.96165447997e-18, 2.89337500552e-18, 5.27394559414e-18, 4.08623707084e-18, 4.38284914925e-18, 5.63826447364e-18, 6.92218485553e-18, 8.49346571428e-18, 1.11536736012e-17, 9.04119907331e-18, 9.46090058995e-18, 1.24068613282e-17, 1.19217827646e-17, 1.05601152634e-17, 9.26106947039e-18, 7.78660265772e-18, 6.42499802219e-18, 3.91818457605e-18, 2.25721976132e-18, 9.65927545804e-19, 2.36730405916e-19, 2.9233348023e-20],
        "stdev": [2.0261926651, 12.5953578949, 9.17003536224, 8.03629302979, 9.02008533478, 11.5349912643, 24.6613540649, 51.8071060181, 54.2762184143, 45.093914032, 30.2285022736, 52.9287605286, 74.4613418579, 52.997051239, 46.0265388489, 41.3793106079, 52.9980278015, 51.2316665649, 62.3447875977, 32.5428886414, 37.2674942017, 34.4314651489, 20.9137706757, 21.4589233398, 18.978509903, 24.9976558685, 30.077911377, 27.9533939362, 20.3815517426, 13.0476799011, 9.81405258179, 8.68547344208, 12.0214757919, 9.35206413269, 4.17514610291, 2.04857707024, 0.606162130833, 0.0399445742369, 0.000778343644924, 6.95915878168e-05],
        "var": [4.10545682907, 158.643035889, 84.0895462036, 64.5820083618, 81.3619384766, 133.056030273, 608.182373047, 2683.97607422, 2945.90795898, 2033.46105957, 913.762329102, 2801.45361328, 5544.49121094, 2808.6875, 2118.44213867, 1712.24743652, 2808.79077148, 2624.68383789, 3886.87231445, 1059.03967285, 1388.86621094, 1185.52587891, 437.385772705, 460.48538208, 360.183837891, 624.882751465, 904.680786133, 781.392272949, 415.407623291, 170.241943359, 96.3156204224, 75.4374465942, 144.515869141, 87.4610977173, 17.4318466187, 4.1966676712, 0.367432534695, 0.0015955689596, 6.05818797794e-07, 4.84298867676e-09]
    },
    "gfcc": {
        "mean": [0.740990459919, 92.8016891479, -116.109321594, 32.654083252, -66.9081726074, 17.6246738434, -26.0215644836, 15.929857254, -15.5804281235, 13.1260032654, -4.20335006714, 1.25178384781, 0.0898652821779],
        "cov": [[19171.7753906, -425.176361084, -922.002502441, 1249.9309082, -674.601745605, 889.267211914, -168.677108765, 407.448364258, -283.519104004, 115.162773132, -340.092254639, 124.063591003, -223.535552979], [-425.176361084, 2209.1340332, -211.384353638, 86.1142425537, 502.326812744, -154.510940552, 518.894104004, -97.7913208008, 337.976348877, -164.067382812, 338.697814941, -209.590698242, 263.858215332], [-922.002502441, -211.384353638, 1309.40087891, 274.053985596, 376.189056396, 384.900299072, 125.052375793, 228.710632324, 111.981277466, 74.6951370239, -77.9065933228, 79.370803833, -108.107879639], [1249.9309082, 86.1142425537, 274.053985596, 774.75994873, 260.886199951, 319.447296143, 287.79473877, 147.104537964, 197.231750488, -31.4050960541, 5.55492925644, -3.96388149261, 28.686044693], [-674.601745605, 502.326812744, 376.189056396, 260.886199951, 606.722473145, 193.238952637, 293.79019165, 112.562820435, 167.519744873, -31.490354538, 72.7083816528, -43.7464561462, 33.6837387085], [889.267211914, -154.510940552, 384.900299072, 319.447296143, 193.238952637, 431.229217529, 160.498825073, 149.618026733, 74.0167160034, 26.0326709747, -3.56562781334, 24.7926197052, -42.3002967834], [-168.677108765, 518.894104004, 125.052375793, 287.79473877, 293.79019165, 160.498825073, 425.63659668, 99.9636917114, 193.742050171, -9.31427764893, 139.691482544, -29.0996112823, 95.073059082], [407.448364258, -97.7913208008, 228.710632324, 147.104537964, 112.562820435, 149.618026733, 99.9636917114, 178.648208618, 77.3605194092, 50.5125427246, 7.84824514389, 38.1728248596, -7.89613866806], [-283.519104004, 337.976348877, 111.981277466, 197.231750488, 167.519744873, 74.0167160034, 193.742050171, 77.3605194092, 238.241928101, -0.643927574158, 105.801376343, -2.94008255005, 76.5774841309], [115.162773132, -164.067382812, 74.6951370239, -31.4050960541, -31.490354538, 26.0326709747, -9.31427764893, 50.5125427246, -0.643927574158, 110.340385437, 10.8079195023, 37.504573822, -5.10335302353], [-340.092254639, 338.697814941, -77.9065933228, 5.55492925644, 72.7083816528, -3.56562781334, 139.691482544, 7.84824514389, 105.801376343, 10.8079195023, 181.776779175, -13.8012924194, 85.6627807617], [124.063591003, -209.590698242, 79.370803833, -3.96388149261, -43.7464561462, 24.7926197052, -29.0996112823, 38.1728248596, -2.94008255005, 37.504573822, -13.8012924194, 96.0291442871, -11.5413837433], [-223.535552979, 263.858215332, -108.107879639, 28.686044693, 33.6837387085, -42.3002967834, 95.073059082, -7.89613866806, 76.5774841309, -5.10335302353, 85.6627807617, -11.5413837433, 126.763893127]],
        "icov": [[0.0001616730151, -0.000390551693272, 0.000322435516864, -0.000411179178627, 0.000324766559061, -0.000541192246601, 0.000430663407315, -0.000676222494803, 0.000518624845427, -0.000392947724322, 0.000306028610794, -0.00041313280235, 0.000260509259533], [-0.000390551693272, 0.00242869509384, -0.000856170721818, 0.00134735333268, -0.00140515144449, 0.00195822166279, -0.0020918759983, 0.00244726031087, -0.00216093333438, 0.00203325063922, -0.00160569045693, 0.00256596668623, -0.00132494652644], [0.000322435516864, -0.000856170721818, 0.00212996592745, -0.000667862012051, -0.000132575776661, -0.00184775597882, 0.00108640489634, -0.00175865087658, 0.000382031605113, -0.00145882205106, 0.00148175831418, -0.00166927906685, 0.00136980088428], [-0.000411179178627, 0.00134735333268, -0.000667862012051, 0.00387117406353, -0.000909178168513, 1.09406410047e-05, -0.00238956650719, 0.00162407103926, -0.00320066115819, 0.00212108669803, 0.000903291569557, 0.00144461123273, -0.00129659206141], [0.000324766559061, -0.00140515144449, -0.000132575776661, -0.000909178168513, 0.00424186931923, -0.00146338867489, -0.000232718419284, -0.00232276669703, 0.000986326602288, -2.63947858912e-05, 0.000755313434638, 5.60722492082e-06, 0.000897761899978], [-0.000541192246601, 0.00195822166279, -0.00184775597882, 1.09406410047e-05, -0.00146338867489, 0.00717910425738, -0.00271235080436, 0.00074512406718, -0.000919763871934, 0.00165885093156, -0.00241600698791, 0.00192181952298, 0.00068653258495], [0.000430663407315, -0.0020918759983, 0.00108640489634, -0.00238956650719, -0.000232718419284, -0.00271235080436, 0.00834885239601, -0.00355639285408, 0.00109983771108, -0.0015596098965, -0.00128192547709, -0.00120829266962, -0.000716433511116], [-0.000676222494803, 0.00244726031087, -0.00175865087658, 0.00162407103926, -0.00232276669703, 0.00074512406718, -0.00355639285408, 0.0149920051917, -0.00508670508862, -0.00202403659932, -0.000280099484371, -1.86782872333e-05, -0.000507801654749], [0.000518624845427, -0.00216093333438, 0.000382031605113, -0.00320066115819, 0.000986326602288, -0.000919763871934, 0.00109983771108, -0.00508670508862, 0.0121255721897, -0.000880462583154, -0.00240726443008, -0.00256917718798, -0.00121573777869], [-0.000392947724322, 0.00203325063922, -0.00145882205106, 0.00212108669803, -2.63947858912e-05, 0.00165885093156, -0.0015596098965, -0.00202403659932, -0.000880462583154, 0.0148957334459, -0.00356138753705, -0.000411625311244, -0.00154428987298], [0.000306028610794, -0.00160569045693, 0.00148175831418, 0.000903291569557, 0.000755313434638, -0.00241600698791, -0.00128192547709, -0.000280099484371, -0.00240726443008, -0.00356138753705, 0.0131562249735, -0.00153000396676, -0.00284074456431], [-0.00041313280235, 0.00256596668623, -0.00166927906685, 0.00144461123273, 5.60722492082e-06, 0.00192181952298, -0.00120829266962, -1.86782872333e-05, -0.00256917718798, -0.000411625311244, -0.00153000396676, 0.0167345944792, -0.00218220776878], [0.000260509259533, -0.00132494652644, 0.00136980088428, -0.00129659206141, 0.000897761899978, 0.00068653258495, -0.000716433511116, -0.000507801654749, -0.00121573777869, -0.00154428987298, -0.00284074456431, -0.00218220776878, 0.0154570303857]]
    },
    "melbands": {
        "dmean": [0.00513122742996, 0.00244057434611, 0.000658133765683, 0.000369652640074, 0.000347941182554, 0.000508885888848, 0.000389352877392, 0.000195209649974, 0.00016733337543, 0.000184562901268, 0.00018242400256, 0.000103385857074, 8.07663673186e-05, 5.50784679945e-05, 4.7804267524e-05, 4.43579410785e-05, 3.7677011278e-05, 2.86043468805e-05, 1.63530839927e-05, 1.37552779051e-05, 1.13330370368e-05, 1.10275877887e-05, 1.13156311272e-05, 1.02156636785e-05, 9.35349180509e-06, 7.32781882107e-06, 7.41357780498e-06, 8.333759979e-06, 8.38041523821e-06, 8.65444781084e-06, 5.8876021285e-06, 4.81675760966e-06, 3.41229042533e-06, 2.61962281911e-06, 2.34314256886e-06, 2.19517391997e-06, 2.24469522436e-06, 2.63149559032e-06, 3.39060648002e-06, 2.27548139264e-06],
        "dmean2": [0.00646746437997, 0.00328393583186, 0.00114499649499, 0.00067482405575, 0.000607733498327, 0.000837379891891, 0.000656377233099, 0.000325585802784, 0.000291646749247, 0.000312339892844, 0.000305658642901, 0.000174684711965, 0.000137584735057, 9.09502341528e-05, 7.89604455349e-05, 7.3778006481e-05, 6.44504543743e-05, 4.68906400783e-05, 2.6425022952e-05, 2.22549151658e-05, 1.86463475984e-05, 1.79064936674e-05, 1.87940058822e-05, 1.63339100254e-05, 1.51593094415e-05, 1.18209118227e-05, 1.19647784231e-05, 1.31338974825e-05, 1.33333933263e-05, 1.36074513648e-05, 9.04789430933e-06, 7.28412032913e-06, 5.16095997227e-06, 4.07115294365e-06, 3.60903527508e-06, 3.37597862199e-06, 3.57050066668e-06, 4.41725615019e-06, 5.61809474675e-06, 3.66900871995e-06],
        "dvar": [6.30352078588e-05, 1.32162258524e-05, 2.32985416915e-06, 7.20772334262e-07, 5.60270791539e-07, 9.49387811033e-07, 4.88988177949e-07, 1.20164756368e-07, 7.62942775623e-08, 1.47865605982e-07, 1.32160806743e-07, 5.2527951766e-08, 2.3217591405e-08, 1.00547836723e-08, 8.58964277484e-09, 1.34643132199e-08, 6.9233285771e-09, 1.0402795958e-08, 8.86685502799e-10, 1.13656928313e-09, 6.63446242388e-10, 5.05600616929e-10, 3.9349620784e-10, 2.5453522623e-10, 2.45764075757e-10, 1.31306174267e-10, 1.67131614104e-10, 2.20064549916e-10, 2.23172105795e-10, 2.48575188211e-10, 1.2644163494e-10, 9.83565381918e-11, 4.39906167049e-11, 2.75745589556e-11, 2.24743695876e-11, 1.85170993122e-11, 2.49121452633e-11, 7.12893910571e-11, 1.55167212412e-10, 5.35431317339e-11],
        "dvar2": [9.59700482781e-05, 1.98178677238e-05, 6.12119811194e-06, 2.09335166801e-06, 1.49601817157e-06, 2.25214353122e-06, 1.23892129977e-06, 3.25134351442e-07, 2.1764783753e-07, 4.06254542895e-07, 3.48843826714e-07, 1.43347378412e-07, 6.06687322602e-08, 2.63455479654e-08, 2.29206911229e-08, 3.59025129626e-08, 1.99507717014e-08, 2.24128999804e-08, 2.26141239068e-09, 2.80623901894e-09, 1.62332913778e-09, 1.1972050018e-09, 1.08008346711e-09, 6.42952246999e-10, 6.41898978415e-10, 3.28725990872e-10, 4.10385891936e-10, 5.39537914346e-10, 5.4211107825e-10, 5.85384574148e-10, 2.75747341627e-10, 2.11412873319e-10, 8.75907471554e-11, 6.24288745699e-11, 5.2974648973e-11, 4.30434854426e-11, 6.25101428953e-11, 1.92767704577e-10, 3.9105055305e-10, 1.2950414352e-10],
        "max": [0.0673044025898, 0.0331688337028, 0.0117576224729, 0.00972311757505, 0.0213617030531, 0.0335655659437, 0.00912330020219, 0.00539184687659, 0.00372150889598, 0.00833127833903, 0.00796699337661, 0.00593303469941, 0.00552062503994, 0.00169474945869, 0.00250048656017, 0.00396500248462, 0.00264238426462, 0.00704530393705, 0.00149703235365, 0.00194212095812, 0.00151218182873, 0.00137596554123, 0.000661556026898, 0.000208349971217, 0.00023672930547, 0.000146011007018, 0.000254518032307, 0.000271197088296, 0.000376462005079, 0.000292558543151, 0.000180899980478, 0.000224974981393, 0.00019714901282, 6.74146212987e-05, 6.48418135825e-05, 9.1337809863e-05, 7.0090747613e-05, 0.000142815159052, 0.00021431154164, 0.000107058585854],
        "mean": [0.0147591009736, 0.0065701440908, 0.000584811728913, 0.000343541818438, 0.000382526341127, 0.00067470187787, 0.000498310721014, 0.000276538630715, 0.000226838077651, 0.000245067756623, 0.000219259192818, 0.000131693625008, 9.85634978861e-05, 7.93514409452e-05, 6.85888371663e-05, 6.01876927249e-05, 4.98964145663e-05, 4.00285716751e-05, 2.43077483901e-05, 2.09223908314e-05, 1.78572754521e-05, 1.64083648997e-05, 1.51740987349e-05, 1.42868211697e-05, 1.25857422972e-05, 9.91284287011e-06, 1.00361503428e-05, 1.21752027553e-05, 1.26804061438e-05, 1.23393565445e-05, 8.42821918923e-06, 6.66433788865e-06, 4.81709366795e-06, 3.64795164387e-06, 3.15142960972e-06, 3.02432363242e-06, 2.888097697e-06, 2.76442870017e-06, 3.15353258884e-06, 2.19459957407e-06],
