{
"highlevel": {
    "danceability": {
        "all": {
            "danceable": 0.999981582165,
            "not_danceable": 1.84050859389e-05
        },
        "probability": 0.999981582165,
        "value": "danceable"
    },
    "gender": {
        "all": {
            "female": 0.886138319969,
            "male": 0.113861657679
        },
        "probability": 0.886138319969,
        "value": "female"
    },
    "genre_electronic": {
        "all": {
            "ambient": 0.0168022159487,
            "dnb": 0.0102202342823,
            "house": 0.387292385101,
            "techno": 0.0232112351805,
            "trance": 0.56247395277
        },
        "probability": 0.56247395277,
        "value": "trance"
    },
    "mood_acoustic": {
        "all": {
            "acoustic": 0.000156560141477,
            "not_acoustic": 0.999843418598
        },
        "probability": 0.999843418598,
        "value": "not_acoustic"
    },
    "mood_aggressive": {
        "all": {
            "aggressive": 0.8834400177,
            "not_aggressive": 0.116560004652
        },
        "probability": 0.8834400177,
        "value": "aggressive"
    },
    "mood_electronic": {
        "all": {
            "electronic": 0.946478903294,
            "not_electronic": 0.0535211227834
        },
        "probability": 0.946478903294,
        "value": "electronic"
    },
    "mood_happy": {
        "all": {
            "happy": 0.10301335156,
            "not_happy": 0.896986663342
        },
        "probability": 0.896986663342,
        "value": "not_happy"
    },
    "mood_party": {
        "all": {
            "not_party": 0.0374520123005,
            "party": 0.962547957897
        },
        "probability": 0.962547957897,
        "value": "party"
    },
    "mood_relaxed": {
        "all": {
            "not_relaxed": 0.651296615601,
            "relaxed": 0.348703384399
        },
        "probability": 0.651296615601,
        "value": "not_relaxed"
    },
    "mood_sad": {
        "all": {
            "not_sad": 0.992022752762,
            "sad": 0.00797722674906
        },
        "probability": 0.992022752762,
        "value": "not_sad"
    },
    "moods_mirex": {
        "all": {
            "Cluster1": 0.168406784534,
            "Cluster2": 0.174860015512,
            "Cluster3": 0.0485134124756,
            "Cluster4": 0.470999330282,
            "Cluster5": 0.137220442295
        },
        "probability": 0.470999330282,
        "value": "Cluster4"
    },
    "timbre": {
        "all": {
            "bright": 0.00207994692028,
            "dark": 0.997920036316
        },
        "probability": 0.997920036316,
        "value": "dark"
    },
    "tonal_atonal": {
        "all": {
            "atonal": 0.995263636112,
            "tonal": 0.00473634991795
        },
        "probability": 0.995263636112,
        "value": "atonal"
    },
    "voice_instrumental": {
        "all": {
            "instrumental": 0.0190802179277,
            "voice": 0.980919778347
        },
        "probability": 0.980919778347,
        "value": "voice"
    }
},
"lowlevel": {
    "average_loudness": 0.668487548828,
    "barkbands_crest": {
        "dmean": 2.62911820412,
        "dmean2": 4.27808856964,
        "dvar": 7.56735706329,
        "dvar2": 19.0387916565,
        "max": 26.6819400787,
        "mean": 11.9475574493,
        "median": 11.5292720795,
        "min": 1.67895936966,
        "stdev": 6.28313732147,
        "var": 39.4778175354
    },
    "barkbands_flatness_db": {
        "dmean": 0.0356416665018,
        "dmean2": 0.053974930197,
        "dvar": 0.00234462763183,
        "dvar2": 0.00514092110097,
        "max": 0.879132926464,
        "mean": 0.160776466131,
        "median": 0.138911902905,
        "min": 0.0212200395763,
        "stdev": 0.10856205225,
        "var": 0.0117857195437
    },
    "barkbands_kurtosis": {
        "dmean": 18.5697059631,
        "dmean2": 29.6370735168,
        "dvar": 4832.09472656,
        "dvar2": 11170.5527344,
        "max": 2898.36645508,
        "mean": 23.812374115,
        "median": 2.3629155159,
        "min": -1.8638061285,
        "stdev": 91.8679122925,
        "var": 8439.71289062
    },
    "barkbands_skewness": {
        "dmean": 1.15257751942,
        "dmean2": 1.79824709892,
        "dvar": 3.48406505585,
        "dvar2": 8.55814647675,
        "max": 38.5051574707,
        "mean": 2.65843510628,
        "median": 1.70583689213,
        "min": -4.70447158813,
        "stdev": 3.21284127235,
        "var": 10.3223495483
    },
    "barkbands_spread": {
        "dmean": 8.65721511841,
        "dmean2": 13.842259407,
        "dvar": 105.513793945,
        "dvar2": 258.478179932,
        "max": 111.652030945,
        "mean": 25.6434936523,
        "median": 23.3181419373,
        "min": 0.0235817842185,
        "stdev": 17.6952266693,
        "var": 313.121063232
    },
    "dissonance": {
        "dmean": 0.0115739190951,
        "dmean2": 0.0199618451297,
        "dvar": 0.000191641709534,
        "dvar2": 0.000531224650331,
        "max": 0.500000059605,
        "mean": 0.482932031155,
        "median": 0.486979573965,
        "min": 0.146787628531,
        "stdev": 0.0163552984595,
        "var": 0.000267495779553
    },
    "dynamic_complexity": 4.35527420044,
    "erbbands_crest": {
        "dmean": 2.37475419044,
        "dmean2": 3.9123916626,
        "dvar": 6.35797691345,
        "dvar2": 15.7692842484,
        "max": 25.3114433289,
        "mean": 6.90850639343,
        "median": 5.91436672211,
        "min": 2.13203835487,
        "stdev": 3.69691443443,
        "var": 13.6671762466
    },
    "erbbands_flatness_db": {
        "dmean": 0.0178477410227,
        "dmean2": 0.0267033968121,
        "dvar": 0.000501455331687,
        "dvar2": 0.00103989429772,
        "max": 0.527138352394,
        "mean": 0.137156307697,
        "median": 0.11391992867,
        "min": 0.0446911863983,
        "stdev": 0.0634199604392,
        "var": 0.00402209116146
    },
    "erbbands_kurtosis": {
        "dmean": 1.55212020874,
        "dmean2": 2.43765830994,
        "dvar": 78.0170974731,
        "dvar2": 159.143829346,
        "max": 329.543487549,
        "mean": 1.29000413418,
        "median": -0.298079013824,
        "min": -1.89851987362,
        "stdev": 15.3623495102,
        "var": 236.00177002
    },
    "erbbands_skewness": {
        "dmean": 0.449824661016,
        "dmean2": 0.691569805145,
        "dvar": 0.388053953648,
        "dvar2": 0.845747351646,
        "max": 14.0064687729,
        "mean": 0.0652592927217,
        "median": -0.0288893952966,
        "min": -3.34711956978,
        "stdev": 1.09941732883,
        "var": 1.20871841908
    },
    "erbbands_spread": {
        "dmean": 12.6035366058,
        "dmean2": 19.21002388,
        "dvar": 230.277038574,
        "dvar2": 543.103820801,
        "max": 243.42791748,
        "mean": 51.0689697266,
        "median": 47.0415802002,
        "min": 0.452026188374,
        "stdev": 26.7236270905,
        "var": 714.15222168
    },
    "hfc": {
        "dmean": 14.2498350143,
        "dmean2": 21.6266117096,
        "dvar": 643.411560059,
        "dvar2": 1511.58728027,
        "max": 282.491363525,
        "mean": 37.8996429443,
        "median": 19.8766384125,
        "min": 1.06995971052e-16,
        "stdev": 43.9912147522,
        "var": 1935.22692871
    },
    "loudness_ebu128": {
        "integrated": -9.23847770691,
        "loudness_range": 12.7368450165,
        "momentary": {
            "dmean": 0.489445179701,
            "dmean2": 0.621379613876,
            "dvar": 6.96982526779,
            "dvar2": 6.35882139206,
            "max": -4.86010694504,
            "mean": -13.2331638336,
            "median": -10.3079223633,
            "min": -300.691009521,
            "stdev": 18.1716861725,
            "var": 330.210144043
        },
        "short_term": {
            "dmean": 0.0946257710457,
            "dmean2": 0.0850622057915,
            "dvar": 0.0332220308483,
            "dvar2": 0.013734953478,
            "max": -5.31235408783,
            "mean": -11.8176670074,
            "median": -10.2180194855,
            "min": -69.9127120972,
            "stdev": 6.25501728058,
            "var": 39.1252441406
        }
    },
    "melbands_crest": {
        "dmean": 3.48229527473,
        "dmean2": 5.56321907043,
        "dvar": 13.3463811874,
        "dvar2": 32.1812324524,
        "max": 39.2388267517,
        "mean": 20.0002040863,
        "median": 18.1120433807,
        "min": 1.00056862831,
        "stdev": 11.0768537521,
        "var": 122.69669342
    },
    "melbands_flatness_db": {
        "dmean": 0.0429257676005,
        "dmean2": 0.0649539455771,
        "dvar": 0.00319693703204,
        "dvar2": 0.00711682531983,
        "max": 1,
        "mean": 0.216338098049,
        "median": 0.190985441208,
        "min": -1.2080109002e-07,
        "stdev": 0.136864334345,
        "var": 0.0187318474054
    },
    "melbands_kurtosis": {
        "dmean": 59.4710502625,
        "dmean2": 91.713973999,
        "dvar": 47004.5507812,
        "dvar2": 94826.0546875,
        "max": 6953.00341797,
        "mean": 90.7769775391,
        "median": 16.2536697388,
        "min": -1.76071965694,
        "stdev": 320.045043945,
        "var": 102428.835938
    },
    "melbands_skewness": {
        "dmean": 1.79137599468,
        "dmean2": 2.76019001007,
        "dvar": 8.54855728149,
        "dvar2": 19.7603378296,
        "max": 65.1142272949,
        "mean": 5.29907512665,
        "median": 3.67372369766,
        "min": -3.04328894615,
        "stdev": 5.69795942307,
        "var": 32.4667396545
    },
    "melbands_spread": {
        "dmean": 8.8158159256,
        "dmean2": 14.043513298,
        "dvar": 146.286819458,
        "dvar2": 345.341247559,
        "max": 187.994476318,
        "mean": 25.5649185181,
        "median": 19.8930053711,
        "min": 0.0202807318419,
        "stdev": 24.3557319641,
        "var": 593.201660156
    },
    "pitch_salience": {
        "dmean": 0.0867415517569,
        "dmean2": 0.136913344264,
        "dvar": 0.00852561928332,
        "dvar2": 0.0208802707493,
        "max": 0.997747480869,
        "mean": 0.454730123281,
        "median": 0.511082053185,
        "min": 0.016947934404,
        "stdev": 0.237305447459,
        "var": 0.0563138760626
    },
    "silence_rate_20dB": {
        "dmean": 0.00017456576461,
        "dmean2": 0.00034916200093,
        "dvar": 0.000174513435923,
        "dvar2": 0.000523533672094,
        "max": 1,
        "mean": 0.9999127388,
        "median": 1,
        "min": 0,
        "stdev": 0.00934142246842,
        "var": 8.72621822054e-05
    },
    "silence_rate_30dB": {
        "dmean": 0.0258357338607,
        "dmean2": 0.051675979048,
        "dvar": 0.0251686517149,
        "dvar2": 0.0587855838239,
        "max": 1,
        "mean": 0.556728899479,
        "median": 1,
        "min": 0,
        "stdev": 0.496799200773,
        "var": 0.246809452772
    },
    "silence_rate_60dB": {
        "dmean": 0.0480055846274,
        "dmean2": 0.096019551158,
        "dvar": 0.0457092002034,
        "dvar2": 0.105132393539,
        "max": 1,
        "mean": 0.0761040300131,
        "median": 0,
        "min": 0,
        "stdev": 0.265174508095,
        "var": 0.0703175216913
    },
    "spectral_centroid": {
        "dmean": 403.363067627,
        "dmean2": 615.286865234,
        "dvar": 214978.828125,
        "dvar2": 454879.28125,
        "max": 11613.5029297,
        "mean": 1902.96105957,
        "median": 1881.3605957,
        "min": 42.1658058167,
        "stdev": 1054.18615723,
        "var": 1111308.375
    },
    "spectral_complexity": {
        "dmean": 6.09496355057,
        "dmean2": 9.33170413971,
        "dvar": 50.0776939392,
        "dvar2": 115.128067017,
        "max": 64,
        "mean": 22.0770645142,
        "median": 19,
        "min": 0,
        "stdev": 14.9335975647,
        "var": 223.01234436
    },
    "spectral_decrease": {
        "dmean": 6.46485265321e-09,
        "dmean2": 1.01980601741e-08,
        "dvar": 1.22139570191e-16,
        "dvar2": 3.41402399803e-16,
        "max": 1.74454605482e-27,
        "mean": -2.15138573623e-08,
        "median": -7.26572046972e-09,
        "min": -1.07849473352e-07,
        "stdev": 2.29583694278e-08,
        "var": 5.27086739038e-16
    },
    "spectral_energy": {
        "dmean": 0.0244987942278,
        "dmean2": 0.0387032516301,
        "dvar": 0.00173058034852,
        "dvar2": 0.0048474133946,
        "max": 0.409394621849,
        "mean": 0.0846357867122,
        "median": 0.0306664984673,
        "min": 9.93565084711e-21,
        "stdev": 0.0885413512588,
        "var": 0.00783957075328
    },
    "spectral_energyband_high": {
        "dmean": 0.00140636914875,
        "dmean2": 0.00214537768625,
        "dvar": 6.44384317638e-06,
        "dvar2": 1.48064755194e-05,
        "max": 0.0269013829529,
        "mean": 0.0030714715831,
        "median": 0.00117837812286,
        "min": 6.80981286046e-21,
        "stdev": 0.00430832570419,
        "var": 1.85616700037e-05
    },
    "spectral_energyband_low": {
        "dmean": 0.0248342100531,
        "dmean2": 0.0385656058788,
        "dvar": 0.00186481024139,
        "dvar2": 0.00515924207866,
        "max": 0.407748579979,
        "mean": 0.0708553791046,
        "median": 0.0123993922025,
        "min": 1.50597696215e-23,
        "stdev": 0.0834366232157,
        "var": 0.00696167023852
    },
    "spectral_energyband_middle_high": {
        "dmean": 0.00198228168301,
        "dmean2": 0.00314078526571,
        "dvar": 9.99553776637e-06,
        "dvar2": 2.56727580563e-05,
        "max": 0.0386686846614,
        "mean": 0.00456270389259,
        "median": 0.00297725107521,
        "min": 1.17773979654e-21,
        "stdev": 0.00454055331647,
        "var": 2.06166259886e-05
    },
    "spectral_energyband_middle_low": {
        "dmean": 0.0048752152361,
        "dmean2": 0.00771703012288,
        "dvar": 0.000128556872369,
        "dvar2": 0.000311124254949,
        "max": 0.116085655987,
        "mean": 0.00656711030751,
        "median": 0.00294075720012,
        "min": 1.46212629858e-22,
        "stdev": 0.0113368909806,
        "var": 0.000128525105538
    },
    "spectral_entropy": {
        "dmean": 0.180484250188,
        "dmean2": 0.272875219584,
        "dvar": 0.0886988565326,
        "dvar2": 0.191613286734,
        "max": 9.82166481018,
        "mean": 8.01087284088,
        "median": 8.13998985291,
        "min": 2.83003520966,
        "stdev": 0.575478553772,
        "var": 0.331175595522
    },
    "spectral_flux": {
        "dmean": 0.032819904387,
        "dmean2": 0.0516138449311,
        "dvar": 0.00204899162054,
        "dvar2": 0.00430624233559,
        "max": 0.501467883587,
        "mean": 0.112811952829,
        "median": 0.0828059092164,
        "min": 6.34096108953e-11,
        "stdev": 0.0891110226512,
        "var": 0.00794077478349
    },
    "spectral_kurtosis": {
        "dmean": 1.49915671349,
        "dmean2": 2.43943357468,
        "dvar": 18.9301948547,
        "dvar2": 45.2908744812,
        "max": 170.946990967,
        "mean": 2.95365071297,
        "median": 1.65644145012,
        "min": -1.25104057789,
        "stdev": 6.34176063538,
        "var": 40.2179298401
    },
    "spectral_rms": {
        "dmean": 0.00113916979171,
        "dmean2": 0.00177500501741,
        "dvar": 2.64899040303e-06,
        "dvar2": 7.20205161997e-06,
        "max": 0.0199852287769,
        "mean": 0.00741874380037,
        "median": 0.00546978367493,
        "min": 3.11340926998e-12,
        "stdev": 0.0052472637035,
        "var": 2.7533777029e-05
    },
    "spectral_rolloff": {
        "dmean": 727.423828125,
        "dmean2": 1209.12695312,
        "dvar": 1487004.125,
        "dvar2": 3502502.5,
        "max": 20262.7441406,
        "mean": 1914.33874512,
        "median": 1098.19335938,
        "min": 43.06640625,
        "stdev": 2519.97558594,
        "var": 6350277
    },
    "spectral_skewness": {
        "dmean": 0.227011650801,
        "dmean2": 0.351442396641,
        "dvar": 0.151332959533,
        "dvar2": 0.321620851755,
        "max": 11.927315712,
        "mean": 1.23827016354,
        "median": 1.11265420914,
        "min": -0.0697363168001,
        "stdev": 0.670377731323,
        "var": 0.449406266212
    },
    "spectral_spread": {
        "dmean": 749858.75,
        "dmean2": 1113671.125,
        "dvar": 1.06797714637e+12,
        "dvar2": 2.20763652096e+12,
        "max": 42263772,
        "mean": 6011639,
        "median": 6134729,
        "min": 845248.9375,
        "stdev": 3211249.5,
        "var": 1.03121231544e+13
    },
    "spectral_strongpeak": {
        "dmean": 0.266476482153,
        "dmean2": 0.447556763887,
        "dvar": 0.133040055633,
        "dvar2": 0.352707326412,
        "max": 6.57745075226,
        "mean": 0.583840548992,
        "median": 0.530534744263,
        "min": 0,
        "stdev": 0.438204169273,
        "var": 0.192022904754
    },
    "zerocrossingrate": {
        "dmean": 0.0148570984602,
        "dmean2": 0.0179840177298,
        "dvar": 0.000243472546572,
        "dvar2": 0.000326589128235,
        "max": 0.79052734375,
        "mean": 0.0762639641762,
        "median": 0.06591796875,
        "min": 0.00146484375,
        "stdev": 0.0618738420308,
        "var": 0.00382837234065
    },
    "barkbands": {
        "dmean": [0.0042150891386, 0.0213068090379, 0.00575950043276, 0.00280965957791, 0.00137530837674, 0.000740566349123, 0.000365726358723, 0.00061026547337, 0.000577029713895, 0.000517726468388, 0.000452040781965, 0.000428607861977, 0.000271443859674, 0.000294321362162, 0.000273891637335, 0.000199479894945, 0.000248571363045, 0.00022032490233, 0.000218931920244, 0.000234804465435, 0.000243776245043, 0.000272339530056, 0.000314327015076, 0.000294352998026, 0.000275476690149, 0.000162019045092, 3.37383607985e-06],
        "dmean2": [0.00557562801987, 0.0341793447733, 0.00894463434815, 0.00479640625417, 0.00243919366039, 0.00116384983994, 0.000600154569838, 0.00101651984733, 0.000975689385086, 0.000877275422681, 0.000723477685824, 0.000682937970851, 0.000448535603937, 0.000476503832033, 0.000435625464888, 0.000318392529152, 0.000397759111365, 0.000362579798093, 0.000362249615137, 0.000388069951441, 0.000390755012631, 0.000427138322266, 0.000500065099914, 0.000474726490211, 0.000409705040511, 0.000253051897744, 5.43443911738e-06],
        "dvar": [6.32662777207e-05, 0.00158988626208, 0.000283404166112, 6.25662651146e-05, 1.36900544021e-05, 2.16916168938e-06, 5.56143902486e-07, 1.21264429254e-06, 1.29185889364e-06, 1.1615073845e-06, 7.57414568398e-07, 1.08421204459e-06, 1.50593564285e-07, 2.11852054122e-07, 1.85447731837e-07, 9.69051754396e-08, 2.15495134626e-07, 1.54889590931e-07, 1.32163236799e-07, 1.82704994245e-07, 1.66722358586e-07, 2.69086456228e-07, 3.25685050484e-07, 2.71066255664e-07, 2.59872081187e-07, 1.33440039463e-07, 5.1218609215e-11],
        "dvar2": [0.000115927010484, 0.00453423988074, 0.000631635484751, 0.000160658950335, 3.8664053136e-05, 5.14205157742e-06, 1.31877516196e-06, 3.2043765259e-06, 3.52064262188e-06, 3.17656827065e-06, 1.88633680409e-06, 2.3156703719e-06, 3.93409209209e-07, 5.37318157967e-07, 4.48911919193e-07, 2.39205689923e-07, 4.87946067551e-07, 4.25704911322e-07, 3.4627797163e-07, 4.89610101795e-07, 4.34156959273e-07, 6.34795810583e-07, 7.43822795357e-07, 6.69346661653e-07, 5.65630614346e-07, 3.33353881388e-07, 1.30014388144e-10],
        "max": [0.102333009243, 0.397149085999, 0.191477447748, 0.0757656097412, 0.0404078811407, 0.0227331798524, 0.0156875718385, 0.0217403396964, 0.0158963184804, 0.0165385100991, 0.01350076776, 0.0256774816662, 0.00524870119989, 0.0076886638999, 0.0107864486054, 0.00475926417857, 0.00522660650313, 0.00455038063228, 0.00493962224573, 0.0042120879516, 0.00468464242294, 0.00686466228217, 0.00864318013191, 0.00615044357255, 0.00618289457634, 0.00473275454715, 0.000153263667016],
        "mean": [0.0158319175243, 0.0490485280752, 0.00564203830436, 0.00232291221619, 0.00132288713939, 0.000938649638556, 0.000432542612543, 0.000759331334848, 0.000633494986687, 0.000579339859542, 0.000587127229664, 0.000604309374467, 0.000399191485485, 0.000428347586421, 0.000443429715233, 0.000328708294546, 0.000405225728173, 0.000345022446709, 0.00033321819501, 0.00036548616481, 0.000427273014793, 0.000508842349518, 0.000584390596487, 0.00058277201606, 0.000535590574145, 0.000240491222939, 4.64431104774e-06],
        "median": [0.000109020140371, 0.00612011924386, 0.000651143549476, 0.000306813482894, 0.000444420817075, 0.000333053874783, 0.000172398591531, 0.000411505752709, 0.00021214595472, 0.000272703473456, 0.000150739593664, 0.000325817411067, 0.00025734846713, 0.000210278158193, 0.000205835254746, 0.000160455296282, 0.000153833840159, 0.000163174117915, 0.000182959716767, 0.00016498772311, 0.000174719229108, 0.000179384922376, 0.000193031999515, 0.000170949599124, 0.000106692736153, 4.11065266235e-05, 7.95783648755e-07],
        "min": [1.20471327014e-24, 2.19507863563e-24, 1.64800608153e-26, 1.52819662977e-24, 1.19724244183e-23, 1.09015796604e-23, 8.77024394419e-24, 7.57694509691e-24, 1.5839531805e-23, 1.45143496139e-23, 1.83419185033e-23, 2.53784268269e-23, 1.93602259137e-23, 2.62231280402e-23, 5.37876099201e-23, 6.72892609246e-23, 5.53744509626e-23, 1.16930630549e-22, 9.1222013368e-23, 1.71459965357e-22, 1.65625651076e-22, 3.11529224164e-22, 3.06148183048e-22, 5.36389014353e-22, 7.98286745431e-22, 1.39472425579e-21, 1.99013374785e-21],
        "stdev": [0.0245830584317, 0.0628430172801, 0.0175495315343, 0.00704852445051, 0.00308256549761, 0.0017311826814, 0.000822954985779, 0.00120713189244, 0.0011220141314, 0.00104986445513, 0.00105472514406, 0.00120545178652, 0.000485982163809, 0.000600139959715, 0.000715601840056, 0.000441463693278, 0.000687083113007, 0.000486684613861, 0.000424342812039, 0.000493254105095, 0.000573822064325, 0.00077177665662, 0.000902012048755, 0.000855302496348, 0.00087092036847, 0.000442868651589, 8.82745280251e-06],
        "var": [0.000604326720349, 0.00394924450666, 0.000307986047119, 4.96816937812e-05, 9.50221055973e-06, 2.996993544e-06, 6.77254945458e-07, 1.45716751376e-06, 1.2589156313e-06, 1.10221526484e-06, 1.11244503387e-06, 1.45311400956e-06, 2.36178664181e-07, 3.60167945246e-07, 5.12085989612e-07, 1.94890205307e-07, 4.72083200975e-07, 2.36861922076e-07, 1.80066820121e-07, 2.43299638214e-07, 3.29271784949e-07, 5.95639164658e-07, 8.13625774754e-07, 7.31542343146e-07, 7.58502267217e-07, 1.96132631913e-07, 7.79239242577e-11]
    },
    "erbbands": {
        "dmean": [0.970484673977, 3.63677978516, 6.07143783569, 8.7141752243, 6.28501415253, 4.00666570663, 6.10817098618, 5.77861785889, 4.64876127243, 7.38023900986, 15.4852371216, 13.2826318741, 14.4414129257, 16.5642166138, 16.8914279938, 17.4988307953, 11.4572734833, 14.6609840393, 14.2138023376, 12.3878469467, 11.1483983994, 13.2714090347, 12.1253671646, 11.5989513397, 10.8069190979, 10.6960582733, 9.2668132782, 10.42582798, 9.08786487579, 10.1168022156, 8.93964004517, 7.08854484558, 4.85004806519, 3.37470245361, 1.9802377224, 1.04642951488, 0.18181887269, 0.0192157384008, 0.000547878502402, 4.348530274e-05],
        "dmean2": [1.48548543453, 6.0282330513, 9.31301212311, 14.0307941437, 10.9993448257, 7.04053974152, 9.97776031494, 9.27726840973, 7.4840722084, 12.0420217514, 26.0251255035, 22.4459762573, 24.3989963531, 27.080039978, 26.5953788757, 27.8486270905, 18.9398422241, 23.9235439301, 22.4158306122, 19.5765514374, 17.6318492889, 21.0497837067, 19.6613273621, 19.4921398163, 17.7505378723, 17.6090450287, 15.1905183792, 16.2725048065, 14.0947780609, 16.1440925598, 13.985127449, 11.4875383377, 7.7791800499, 5.12318992615, 3.01526021957, 1.62742042542, 0.28042536974, 0.029597170651, 0.000828781863675, 6.78887954564e-05],
        "dvar": [3.44383382797, 64.5692443848, 255.997192383, 586.677978516, 336.615509033, 95.0537261963, 149.274246216, 156.458435059, 90.1739654541, 164.585021973, 908.94744873, 794.922424316, 818.208251953, 1262.93103027, 1102.62133789, 1719.93151855, 289.232879639, 467.720031738, 481.448425293, 426.533569336, 337.615112305, 595.540283203, 500.664520264, 404.634643555, 325.441772461, 371.328582764, 228.412734985, 334.785491943, 272.594207764, 384.318481445, 267.639251709, 165.568832397, 72.6905517578, 39.2452201843, 14.275094986, 5.74404430389, 0.137810066342, 0.00142755848356, 1.10669020614e-06, 4.24890655992e-09],
        "dvar2": [9.04900836945, 190.85105896, 531.29296875, 1395.53503418, 918.494506836, 265.78717041, 380.147857666, 380.976989746, 212.303115845, 403.071502686, 2422.80224609, 2169.3112793, 2258.68212891, 3353.29248047, 2708.82495117, 3728.68017578, 753.172241211, 1178.83166504, 1184.54333496, 1082.88647461, 784.081420898, 1343.81176758, 1327.71801758, 1107.27758789, 832.673706055, 994.75958252, 617.386413574, 842.166748047, 627.65814209, 918.762817383, 616.542114258, 410.828826904, 178.616424561, 88.3757629395, 32.1467666626, 14.4069004059, 0.330938905478, 0.00322962831706, 2.47408343057e-06, 1.0559603858e-08],
        "max": [18.4219493866, 80.1146087646, 175.520950317, 238.510223389, 195.476791382, 105.685386658, 204.459854126, 238.701248169, 152.152923584, 318.009124756, 602.347717285, 376.021209717, 414.955291748, 713.50378418, 527.945129395, 1028.52685547, 229.711257935, 354.70211792, 450.11505127, 491.438262939, 277.178344727, 292.506896973, 229.505630493, 247.011932373, 270.736053467, 193.730514526, 163.295455933, 225.631851196, 245.293807983, 295.331695557, 243.056808472, 176.071472168, 104.756851196, 83.3800811768, 42.6630783081, 32.2457504272, 5.69770097733, 0.654161393642, 0.0170710124075, 0.000900358136278],
        "mean": [2.52179408073, 6.53928565979, 7.75323820114, 7.92611408234, 5.26012372971, 3.91805696487, 7.47776269913, 6.91942167282, 5.82365369797, 9.43033695221, 18.5559368134, 14.8602542877, 16.3173961639, 21.0135421753, 23.9768695831, 25.1605377197, 18.0665969849, 22.3784046173, 23.1649494171, 20.8556289673, 19.2679328918, 22.4481258392, 19.7756233215, 17.0887050629, 16.8120326996, 16.995300293, 16.1945877075, 18.3075885773, 17.2124900818, 17.7117385864, 16.6493778229, 13.0581455231, 9.40039157867, 6.43175077438, 3.63673615456, 1.53548061848, 0.302914261818, 0.034401897341, 0.00102912751026, 0.000147871731315],
        "median": [0.129378080368, 1.35516774654, 1.11330473423, 1.21778535843, 1.05337691307, 1.31757771969, 2.68883371353, 2.06277608871, 2.2321023941, 4.81199598312, 8.68385410309, 4.96869564056, 6.80521726608, 8.97563743591, 8.33759307861, 14.0681686401, 11.7646446228, 13.3551139832, 11.5687141418, 10.274725914, 8.53748512268, 8.78798103333, 8.80417251587, 8.91570091248, 9.59389877319, 7.72375106812, 7.20963764191, 6.77318334579, 6.43961906433, 6.02653694153, 5.2796087265, 3.7831132412, 2.78032541275, 1.50698375702, 0.556062459946, 0.212351977825, 0.062647908926, 0.00798841286451, 0.000262897403445, 8.62355809659e-05],
        "min": [1.00568090274e-22, 3.86120831649e-22, 7.12771244566e-22, 5.34017544486e-21, 1.86368687237e-20, 2.07409108561e-20, 4.88986074277e-20, 9.95884938589e-20, 1.20242269638e-19, 1.91871612891e-19, 3.34202680963e-19, 3.67891420866e-19, 6.0820713775e-19, 7.19837125968e-19, 1.21216856421e-18, 1.21841264046e-18, 1.59573180066e-18, 1.9625449399e-18, 2.40392830796e-18, 2.42350291677e-18, 4.8365250416e-18, 3.65332010314e-18, 6.70024402538e-18, 5.83783751285e-18, 6.3375029929e-18, 7.09778123751e-18, 8.85454659527e-18, 6.96074470697e-18, 1.04161138721e-17, 1.22305800406e-17, 1.039703826e-17, 1.13073215728e-17, 9.55954435954e-18, 6.76101284908e-18, 6.70823913959e-18, 4.66697493631e-18, 2.33105493677e-18, 9.67762956186e-19, 2.7232758074e-19, 2.98001444572e-20],
        "stdev": [3.47926235199, 11.170384407, 18.7487335205, 23.5453834534, 15.4442844391, 8.39478778839, 13.5045776367, 13.9135227203, 11.0772857666, 14.1622228622, 32.0786705017, 27.1858215332, 29.5233039856, 36.5738143921, 40.7639694214, 47.9024620056, 21.9435253143, 28.7010936737, 32.5457763672, 31.5745601654, 27.864938736, 36.9076156616, 29.7505531311, 22.0177955627, 21.0537910461, 22.4945201874, 20.3972892761, 26.3872070312, 25.4086723328, 28.1533889771, 25.919916153, 19.5716629028, 13.9420928955, 10.2325229645, 6.17209815979, 2.90873837471, 0.503487825394, 0.0553503446281, 0.0016336243134, 0.00015158453607],
        "var": [12.105266571, 124.777481079, 351.515014648, 554.385070801, 238.525924683, 70.4724578857, 182.373626709, 193.586120605, 122.706253052, 200.568557739, 1029.04101562, 739.068847656, 871.625427246, 1337.6439209, 1661.7010498, 2294.64575195, 481.518280029, 823.752807617, 1059.22766113, 996.952880859, 776.454772949, 1362.17211914, 885.095397949, 484.783325195, 443.262084961, 506.003417969, 416.049438477, 696.284667969, 645.600646973, 792.613342285, 671.842041016, 383.049957275, 194.381942749, 104.704521179, 38.0947952271, 8.4607591629, 0.253500014544, 0.00306366058066, 2.66872825705e-06, 2.29778702732e-08]
    },
    "gfcc": {
        "mean": [-7.70478868484, 56.5951957703, -112.937606812, 40.5266227722, -55.7339630127, 27.8009357452, -30.0138301849, 12.1064577103, -19.242893219, 7.52324533463, -12.6119861603, 2.89913320541, -9.20886039734],
        "cov": [[22936.5585938, -1534.61169434, 917.721557617, 599.615783691, -550.925415039, 1515.3704834, -445.840484619, 1265.9753418, -335.060333252, 509.251373291, -500.826660156, 291.809753418, -334.69128418], [-1534.61169434, 2112.8684082, -392.394775391, -180.750671387, 222.180892944, -392.725616455, 326.167510986, -485.471282959, 205.7605896, -160.059921265, 243.989379883, -152.478378296, 187.928497314], [917.721557617, -392.394775391, 2777.20092773, 722.443664551, 928.660644531, 845.768188477, 225.652542114, 704.730102539, 120.327865601, 192.201553345, -51.5236167908, 186.325805664, 58.999874115], [599.615783691, -180.750671387, 722.443664551, 728.41418457, 412.903167725, 272.677368164, 142.989334106, 209.633666992, 107.451667786, 39.9928398132, 34.0612945557, 36.8998985291, 41.6881370544], [-550.925415039, 222.180892944, 928.660644531, 412.903167725, 753.102050781, 296.46182251, 274.932861328, 193.354888916, 200.97177124, 86.7075119019, 74.0790557861, 63.7171936035, 87.0622787476], [1515.3704834, -392.725616455, 845.768188477, 272.677368164, 296.46182251, 545.297363281, 126.848899841, 378.879852295, 55.2642593384, 103.300056458, -36.9255981445, 93.7171020508, 5.83022260666], [-445.840484619, 326.167510986, 225.652542114, 142.989334106, 274.932861328, 126.848899841, 410.871429443, 104.088829041, 163.968780518, -1.35668325424, 93.33984375, 32.441986084, 76.7269439697], [1265.9753418, -485.471282959, 704.730102539, 209.633666992, 193.354888916, 378.879852295, 104.088829041, 482.511993408, 77.76612854, 111.628852844, -64.7941360474, 98.0291519165, -27.3728637695], [-335.060333252, 205.7605896, 120.327865601, 107.451667786, 200.97177124, 55.2642593384, 163.968780518, 77.76612854, 219.759399414, 50.997718811, 83.870803833, 0.409257382154, 59.6382408142], [509.251373291, -160.059921265, 192.201553345, 39.9928398132, 86.7075119019, 103.300056458, -1.35668325424, 111.628852844, 50.997718811, 125.958045959, 17.2894592285, 42.6803817749, -7.61280441284], [-500.826660156, 243.989379883, -51.5236167908, 34.0612945557, 74.0790557861, -36.9255981445, 93.33984375, -64.7941360474, 83.870803833, 17.2894592285, 132.154312134, 11.4760055542, 61.3219604492], [291.809753418, -152.478378296, 186.325805664, 36.8998985291, 63.7171936035, 93.7171020508, 32.441986084, 98.0291519165, 0.409257382154, 42.6803817749, 11.4760055542, 92.3857269287, 22.2146472931], [-334.69128418, 187.928497314, 58.999874115, 41.6881370544, 87.0622787476, 5.83022260666, 76.7269439697, -27.3728637695, 59.6382408142, -7.61280441284, 61.3219604492, 22.2146472931, 101.099250793]],
        "icov": [[0.000105338716821, -0.000226469157496, 0.000116290633741, -0.00024747592397, 0.000283111177851, -0.000431268446846, 0.000142014308949, -0.000142414617585, 0.000149394472828, -0.000519534456544, 0.000418349256506, -0.000343329535099, 0.000133050591103], [-0.000226469157496, 0.00179571798071, -0.000479343318148, 0.00113876757678, -0.00108184840064, 0.00139199267142, -0.00103557377588, 0.00100471579935, -0.000634061929304, 0.00186735612806, -0.00191859668121, 0.00249899900518, -0.00123895029537], [0.000116290633741, -0.000479343318148, 0.00133011641447, -0.000524545554072, -0.000791120517533, -0.00115478492808, 0.000687688298058, -0.00133441237267, 0.00121305859648, -0.000719451520126, 0.000510173034854, -0.000376470212359, -0.00041573526687], [-0.00024747592397, 0.00113876757678, -0.000524545554072, 0.00314979953691, -0.00186765997205, 0.000853420293424, -0.000286606285954, -5.19801687915e-05, -0.000402671139454, 0.00255081197247, -0.00254841195419, 0.00234911823645, -0.000707019935362], [0.000283111177851, -0.00108184840064, -0.000791120517533, -0.00186765997205, 0.00516658974811, -0.00168980599847, -0.000819532433525, 0.00150846026372, -0.00202138768509, -0.00282276212238, 0.00271568237804, -0.0027139657177, 0.000787641038187], [-0.000431268446846, 0.00139199267142, -0.00115478492808, 0.000853420293424, -0.00168980599847, 0.00739140016958, -0.00163539499044, -0.00209345761687, 0.000855375139508, 0.000920802471228, -0.00171987293288, 0.00235193013214, -0.00189879676327], [0.000142014308949, -0.00103557377588, 0.000687688298058, -0.000286606285954, -0.000819532433525, -0.00163539499044, 0.00578997097909, -0.00199574511498, -0.00163412687834, 0.00258402875625, -0.0016805928899, -0.00225589750335, 0.000651119975373], [-0.000142414617585, 0.00100471579935, -0.00133441237267, -5.19801687915e-05, 0.00150846026372, -0.00209345761687, -0.00199574511498, 0.00958888977766, -0.00546237546951, -0.000623225118034, 0.00436849705875, -0.00450023682788, 0.00290807243437], [0.000149394472828, -0.000634061929304, 0.00121305859648, -0.000402671139454, -0.00202138768509, 0.000855375139508, -0.00163412687834, -0.00546237546951, 0.013946082443, -0.00546489423141, -0.00425081839785, 0.00730494502932, -0.00508109945804], [-0.000519534456544, 0.00186735612806, -0.000719451520126, 0.00255081197247, -0.00282276212238, 0.000920802471228, 0.00258402875625, -0.000623225118034, -0.00546489423141, 0.018913436681, -0.00732717430219, -0.00287927757017, 0.00414977548644], [0.000418349256506, -0.00191859668121, 0.000510173034854, -0.00254841195419, 0.00271568237804, -0.00171987293288, -0.0016805928899, 0.00436849705875, -0.00425081839785, -0.00732717430219, 0.0205543935299, -0.00709342956543, -0.00302962353453], [-0.000343329535099, 0.00249899900518, -0.000376470212359, 0.00234911823645, -0.0027139657177, 0.00235193013214, -0.00225589750335, -0.00450023682788, 0.00730494502932, -0.00287927757017, -0.00709342956543, 0.02540464513, -0.00964133162051], [0.000133050591103, -0.00123895029537, -0.00041573526687, -0.000707019935362, 0.000787641038187, -0.00189879676327, 0.000651119975373, 0.00290807243437, -0.00508109945804, 0.00414977548644, -0.00302962353453, -0.00964133162051, 0.0201592836529]]
    },
    "melbands": {
        "dmean": [0.00702106952667, 0.00316048460081, 0.00131250161212, 0.000332972267643, 0.000200516209588, 0.000128387589939, 7.19266172382e-05, 8.5535357357e-05, 0.000127849270939, 8.25307506602e-05, 7.36973161111e-05, 6.90449232934e-05, 6.13708762103e-05, 5.25832001586e-05, 3.31933042617e-05, 2.70658510999e-05, 2.86272206722e-05, 2.37922449742e-05, 2.05754076887e-05, 1.5449939383e-05, 1.39191151902e-05, 1.4974527403e-05, 1.21527418742e-05, 1.03824049802e-05, 9.89124691841e-06, 8.50170272315e-06, 8.70986150403e-06, 7.01961016603e-06, 6.13883184997e-06, 6.09577000432e-06, 6.3629363467e-06, 5.38587255505e-06, 6.24702124696e-06, 5.69756821278e-06, 5.4319384617e-06, 5.33478987563e-06, 4.23608844358e-06, 3.5669229419e-06, 3.16265641231e-06, 2.9865743727e-06],
        "dmean2": [0.0109061365947, 0.00491140689701, 0.00205319956876, 0.000592705910094, 0.000333530479111, 0.000204553565709, 0.000115620961878, 0.000140662566992, 0.000215180960367, 0.000139061856316, 0.000125391277834, 0.000114090253192, 9.71241970547e-05, 8.2974533143e-05, 5.42535672139e-05, 4.49477556685e-05, 4.69422775495e-05, 3.77040851163e-05, 3.2695435948e-05, 2.44858492806e-05, 2.23736642511e-05, 2.39134551521e-05, 1.98790548893e-05, 1.71930169017e-05, 1.67819398484e-05, 1.40676647788e-05, 1.4390524484e-05, 1.16928213174e-05, 1.02712238004e-05, 9.757423868e-06, 1.00191236925e-05, 8.28789779916e-06, 1.04051341623e-05, 9.11165989237e-06, 8.5011115516e-06, 8.77057482285e-06, 6.89258695274e-06, 5.8495011217e-06, 4.87156876261e-06, 4.60416504211e-06],
        "dvar": [0.000165344012203, 5.06636861246e-05, 1.19851820273e-05, 9.0338045311e-07, 1.57769136422e-07, 7.22273796327e-08, 2.18545253006e-08, 1.89783673221e-08, 6.0996519835e-08, 3.09358405559e-08, 2.13790247727e-08, 2.28539569491e-08, 1.42387879265e-08, 2.02756300638e-08, 2.86058532417e-09, 1.48277512491e-09, 1.87821869169e-09, 1.47939516193e-09, 1.26717292215e-09, 6.42740360934e-10, 5.59740587214e-10, 7.60154827972e-10, 5.21971355028e-10, 3.24613308456e-10, 2.92625979004e-10, 2.14843212665e-10, 2.73677080997e-10, 1.42486661359e-10, 1.03265368478e-10, 9.40923658432e-11, 1.28059909899e-10, 8.96891796942e-11, 1.91961294083e-10, 1.1654215093e-10, 1.00988842289e-10, 9.26865875717e-11, 5.53574408535e-11, 3.94328528164e-11, 3.08039219132e-11, 3.23127705149e-11],
        "dvar2": [0.000448560080258, 0.000119526899653, 2.66747156275e-05, 2.54741621575e-06, 4.09761895526e-07, 1.72375976604e-07, 5.08241129182e-08, 4.71693404336e-08, 1.63724180879e-07, 8.42522496214e-08, 5.91163491492e-08, 6.12414794432e-08, 3.51845166335e-08, 4.50274306729e-08, 7.01518532154e-09, 3.88474319379e-09, 4.76550710005e-09, 3.72336517174e-09, 3.00040992052e-09, 1.60707391839e-09, 1.33176880635e-09, 1.70179648151e-09, 1.32593347413e-09, 8.92410145781e-10, 7.98665300561e-10, 5.57394630452e-10, 7.19012183126e-10, 3.84469595049e-10, 2.85887868934e-10, 2.42572267828e-10, 3.19713616692e-10, 2.04968125805e-10, 5.15861464656e-10, 2.71302341703e-10, 2.33628755231e-10, 2.29125302065e-10, 1.39695907619e-10, 1.01479075143e-10, 6.98320082315e-11, 7.54939374903e-11],
        "max": [0.118222020566, 0.0850831270218, 0.0337051339447, 0.0104026123881, 0.00591835286468, 0.00484156794846, 0.00229596416466, 0.00287342024967, 0.00494792079553, 0.00248908507638, 0.00221051112749, 0.00304386066273, 0.00184862862807, 0.00375352590345, 0.00120579614304, 0.000529578712303, 0.000673543836456, 0.000695239345077, 0.00118103506975, 0.000350051443093, 0.000346889399225, 0.000325689208694, 0.000280622683931, 0.000216953587369, 0.000203042305657, 0.000266274408204, 0.000170276354766, 0.000111681954877, 0.000116591370897, 0.000112178160634, 0.00014361772628, 0.000141970594996, 0.000198941415874, 0.00016527614207, 0.000150119492901, 0.000148161867401, 9.91635897662e-05, 8.62960951054e-05, 6.29766364e-05, 8.40425491333e-05],
        "mean": [0.0182086713612, 0.00538565497845, 0.0012732091127, 0.000295553560136, 0.000242727983277, 0.000158132592333, 8.96746205399e-05, 0.000112686553621, 0.00014937191736, 8.9697437943e-05, 8.12702637631e-05, 8.39723652462e-05, 8.18066037027e-05, 7.30476458557e-05, 4.74686348753e-05, 3.96338618884e-05, 4.14745882154e-05, 3.64814331988e-05, 3.33854040946e-05, 2.41303769144e-05, 2.25560197578e-05, 2.43280537688e-05, 1.90942591871e-05, 1.59439805429e-05, 1.35918435262e-05, 1.23605832414e-05, 1.23668014567e-05, 1.08575632112e-05, 1.00185297924e-05, 1.02835638245e-05, 1.0706194189e-05, 9.72973884927e-06, 9.90144144453e-06, 9.71371264313e-06, 9.67439336819e-06, 9.02194733499e-06, 7.50556182538e-06, 6.50415131531e-06, 6.00368230153e-06, 5.27176234755e-06],
