{
"highlevel": {
    "danceability": {
        "all": {
            "danceable": 0.997642278671,
            "not_danceable": 0.00235770177096
        },
        "probability": 0.997642278671,
        "value": "danceable"
    },
    "gender": {
        "all": {
            "female": 0.896592080593,
            "male": 0.103407926857
        },
        "probability": 0.896592080593,
        "value": "female"
    },
    "genre_electronic": {
        "all": {
            "ambient": 0.0548682659864,
            "dnb": 0.0274653993547,
            "house": 0.455264002085,
            "techno": 0.196234375238,
            "trance": 0.266167968512
        },
        "probability": 0.455264002085,
        "value": "house"
    },
    "mood_acoustic": {
        "all": {
            "acoustic": 0.00380224618129,
            "not_acoustic": 0.996197760105
        },
        "probability": 0.996197760105,
        "value": "not_acoustic"
    },
    "mood_aggressive": {
        "all": {
            "aggressive": 0.659564673901,
            "not_aggressive": 0.340435355902
        },
        "probability": 0.659564673901,
        "value": "aggressive"
    },
    "mood_electronic": {
        "all": {
            "electronic": 0.70741045475,
            "not_electronic": 0.29258954525
        },
        "probability": 0.70741045475,
        "value": "electronic"
    },
    "mood_happy": {
        "all": {
            "happy": 0.479163259268,
            "not_happy": 0.52083671093
        },
        "probability": 0.52083671093,
        "value": "not_happy"
    },
    "mood_party": {
        "all": {
            "not_party": 0.0997650027275,
            "party": 0.900234997272
        },
        "probability": 0.900234997272,
        "value": "party"
    },
    "mood_relaxed": {
        "all": {
            "not_relaxed": 0.668600559235,
            "relaxed": 0.331399470568
        },
        "probability": 0.668600559235,
        "value": "not_relaxed"
    },
    "mood_sad": {
        "all": {
            "not_sad": 0.982879519463,
            "sad": 0.0171205010265
        },
        "probability": 0.982879519463,
        "value": "not_sad"
    },
    "moods_mirex": {
        "all": {
            "Cluster1": 0.192027330399,
            "Cluster2": 0.105480439961,
            "Cluster3": 0.0574304908514,
            "Cluster4": 0.393519997597,
            "Cluster5": 0.251541733742
        },
        "probability": 0.393519997597,
        "value": "Cluster4"
    },
    "timbre": {
        "all": {
            "bright": 0.0598172806203,
            "dark": 0.940182745457
        },
        "probability": 0.940182745457,
        "value": "dark"
    },
    "tonal_atonal": {
        "all": {
            "atonal": 0.815861463547,
            "tonal": 0.184138521552
        },
        "probability": 0.815861463547,
        "value": "atonal"
    },
    "voice_instrumental": {
        "all": {
            "instrumental": 0.0061845802702,
            "voice": 0.993815422058
        },
        "probability": 0.993815422058,
        "value": "voice"
    }
},
"lowlevel": {
    "average_loudness": 0.864884138107,
    "barkbands_crest": {
        "dmean": 3.74870872498,
        "dmean2": 6.13363265991,
        "dvar": 12.184923172,
        "dvar2": 30.8752765656,
        "max": 26.7065296173,
        "mean": 14.9366397858,
        "median": 14.4380283356,
        "min": 2.090082407,
        "stdev": 6.48719930649,
        "var": 42.0837554932
    },
    "barkbands_flatness_db": {
        "dmean": 0.0428044386208,
        "dmean2": 0.0663898661733,
        "dvar": 0.00175496505108,
        "dvar2": 0.00418039318174,
        "max": 0.568682253361,
        "mean": 0.179876103997,
        "median": 0.160384148359,
        "min": 0.0218873098493,
        "stdev": 0.101297557354,
        "var": 0.0102611947805
    },
    "barkbands_kurtosis": {
        "dmean": 22.889667511,
        "dmean2": 36.3225708008,
        "dvar": 3371.70117188,
        "dvar2": 9155.33496094,
        "max": 1401.69641113,
        "mean": 28.7068347931,
        "median": 5.87545108795,
        "min": -1.97520375252,
        "stdev": 68.0064086914,
        "var": 4624.87158203
    },
    "barkbands_skewness": {
        "dmean": 1.61405789852,
        "dmean2": 2.49174427986,
        "dvar": 4.00833702087,
        "dvar2": 10.2178258896,
        "max": 33.8838806152,
        "mean": 3.32356023788,
        "median": 2.52421402931,
        "min": -3.82973599434,
        "stdev": 3.43972945213,
        "var": 11.831738472
    },
    "barkbands_spread": {
        "dmean": 13.0353527069,
        "dmean2": 21.717382431,
        "dvar": 320.125213623,
        "dvar2": 812.959228516,
        "max": 113.213172913,
        "mean": 26.230255127,
        "median": 21.3190155029,
        "min": 0.0869448781013,
        "stdev": 23.0298843384,
        "var": 530.375549316
    },
    "dissonance": {
        "dmean": 0.0117950737476,
        "dmean2": 0.0202845800668,
        "dvar": 0.000194428575924,
        "dvar2": 0.000556581304409,
        "max": 0.500000059605,
        "mean": 0.47891882062,
        "median": 0.485587418079,
        "min": 0.162645056844,
        "stdev": 0.0222169402987,
        "var": 0.000493592466228
    },
    "dynamic_complexity": 4.20545053482,
    "erbbands_crest": {
        "dmean": 2.72662687302,
        "dmean2": 4.47814559937,
        "dvar": 6.86757516861,
        "dvar2": 17.644701004,
        "max": 32.4561462402,
        "mean": 7.8592004776,
        "median": 6.68131113052,
        "min": 2.1363503933,
        "stdev": 4.39055585861,
        "var": 19.2769813538
    },
    "erbbands_flatness_db": {
        "dmean": 0.0188945550472,
        "dmean2": 0.0300993099809,
        "dvar": 0.000414334586821,
        "dvar2": 0.00103546504397,
        "max": 0.468657195568,
        "mean": 0.125742286444,
        "median": 0.103514797986,
        "min": 0.0551197379827,
        "stdev": 0.0649710819125,
        "var": 0.00422124192119
    },
    "erbbands_kurtosis": {
        "dmean": 1.99987673759,
        "dmean2": 3.27283930779,
        "dvar": 14.6333169937,
        "dvar2": 34.9190368652,
        "max": 107.848320007,
        "mean": 1.65119934082,
        "median": -0.0773907899857,
        "min": -1.84467470646,
        "stdev": 5.9054980278,
        "var": 34.8749046326
    },
    "erbbands_skewness": {
        "dmean": 0.601942062378,
        "dmean2": 0.948502063751,
        "dvar": 0.43557664752,
        "dvar2": 1.04283189774,
        "max": 7.25774765015,
        "mean": -0.0625136196613,
        "median": -0.230998143554,
        "min": -5.75479364395,
        "stdev": 1.30826210976,
        "var": 1.7115496397
    },
    "erbbands_spread": {
        "dmean": 17.8407688141,
        "dmean2": 28.4379043579,
        "dvar": 338.453735352,
        "dvar2": 873.369384766,
        "max": 168.20501709,
        "mean": 67.013999939,
        "median": 68.3923492432,
        "min": 0.762163579464,
        "stdev": 36.7047958374,
        "var": 1347.24206543
    },
    "hfc": {
        "dmean": 13.4407863617,
        "dmean2": 22.3520507812,
        "dvar": 494.410064697,
        "dvar2": 1298.5123291,
        "max": 238.125167847,
        "mean": 24.922586441,
        "median": 15.9808197021,
        "min": 1.11290891316e-16,
        "stdev": 25.6791992188,
        "var": 659.421264648
    },
    "loudness_ebu128": {
        "integrated": -8.99802112579,
        "loudness_range": 6.17530822754,
        "momentary": {
            "dmean": 0.568396389484,
            "dmean2": 0.690931975842,
            "dvar": 2.01544046402,
            "dvar2": 1.7142291069,
            "max": -6.04418420792,
            "mean": -11.6336975098,
            "median": -8.69499588013,
            "min": -166.582687378,
            "stdev": 8.8057756424,
            "var": 77.5416870117
        },
        "short_term": {
            "dmean": 0.129743933678,
            "dmean2": 0.136310920119,
            "dvar": 0.0623575784266,
            "dvar2": 0.026385333389,
            "max": -7.08002853394,
            "mean": -10.7909536362,
            "median": -8.82299423218,
            "min": -55.7154693604,
            "stdev": 5.88096427917,
            "var": 34.5857391357
        }
    },
    "melbands_crest": {
        "dmean": 3.70770144463,
        "dmean2": 5.98667478561,
        "dvar": 11.146941185,
        "dvar2": 27.5260047913,
        "max": 33.623134613,
        "mean": 19.4159908295,
        "median": 20.0295448303,
        "min": 1.5484007597,
        "stdev": 6.6923122406,
        "var": 44.7870407104
    },
    "melbands_flatness_db": {
        "dmean": 0.0514594390988,
        "dmean2": 0.0808716788888,
        "dvar": 0.00269235111773,
        "dvar2": 0.00654752738774,
        "max": 0.725942671299,
        "mean": 0.255885779858,
        "median": 0.242130428553,
        "min": 0.0034099703189,
        "stdev": 0.130844712257,
        "var": 0.0171203371137
    },
    "melbands_kurtosis": {
        "dmean": 53.8126411438,
        "dmean2": 85.3282241821,
        "dvar": 5272.65478516,
        "dvar2": 12990.2724609,
        "max": 860.119262695,
        "mean": 87.295249939,
        "median": 47.620552063,
        "min": -1.75207126141,
        "stdev": 106.075561523,
        "var": 11252.0244141
    },
    "melbands_skewness": {
        "dmean": 2.25977420807,
        "dmean2": 3.60064077377,
        "dvar": 5.76506376266,
        "dvar2": 14.6995563507,
        "max": 23.6246681213,
        "mean": 6.34931468964,
        "median": 6.07934904099,
        "min": -4.17706537247,
        "stdev": 4.50196743011,
        "var": 20.2677116394
    },
    "melbands_spread": {
        "dmean": 11.4588346481,
        "dmean2": 19.8535614014,
        "dvar": 337.947662354,
        "dvar2": 910.143615723,
        "max": 244.692382812,
        "mean": 20.8172702789,
        "median": 11.1881580353,
        "min": 0.273329675198,
        "stdev": 24.8151912689,
        "var": 615.793762207
    },
    "pitch_salience": {
        "dmean": 0.114647068083,
        "dmean2": 0.180243760347,
        "dvar": 0.0101748146117,
        "dvar2": 0.0254072528332,
        "max": 0.980918765068,
        "mean": 0.47667708993,
        "median": 0.504063844681,
        "min": 0.040714237839,
        "stdev": 0.178849875927,
        "var": 0.0319872759283
    },
    "silence_rate_20dB": {
        "dmean": 0,
        "dmean2": 0,
        "dvar": 0,
        "dvar2": 0,
        "max": 1,
        "mean": 1,
        "median": 1,
        "min": 1,
        "stdev": 0,
        "var": 0
    },
    "silence_rate_30dB": {
        "dmean": 0.093799084425,
        "dmean2": 0.187612205744,
        "dvar": 0.0849946737289,
        "dvar2": 0.194431751966,
        "max": 1,
        "mean": 0.914360523224,
        "median": 1,
        "min": 0,
        "stdev": 0.279818058014,
        "var": 0.0782981440425
    },
    "silence_rate_60dB": {
        "dmean": 0.00747999083251,
        "dmean2": 0.0149611011147,
        "dvar": 0.00742307119071,
        "dvar2": 0.0169843714684,
        "max": 1,
        "mean": 0.108975321054,
        "median": 0,
        "min": 0,
        "stdev": 0.311632305384,
        "var": 0.0971146970987
    },
    "spectral_centroid": {
        "dmean": 475.931396484,
        "dmean2": 773.945068359,
        "dvar": 346580.375,
        "dvar2": 829291.1875,
        "max": 11673.1748047,
        "mean": 1627.03515625,
        "median": 1641.76538086,
        "min": 93.4155273438,
        "stdev": 1030.65197754,
        "var": 1062243.375
    },
    "spectral_complexity": {
        "dmean": 4.42695808411,
        "dmean2": 7.00403928757,
        "dvar": 35.7902984619,
        "dvar2": 80.5253372192,
        "max": 58,
        "mean": 12.2745695114,
        "median": 8,
        "min": 0,
        "stdev": 11.0599822998,
        "var": 122.32321167
    },
    "spectral_decrease": {
        "dmean": 6.27545482246e-09,
        "dmean2": 1.02820276737e-08,
        "dvar": 5.90855773291e-17,
        "dvar2": 1.39633791636e-16,
        "max": 9.94165217849e-29,
        "mean": -1.14191269773e-08,
        "median": -7.45970041294e-09,
        "min": -4.92918417194e-08,
        "stdev": 1.09415401184e-08,
        "var": 1.19717294189e-16
    },
    "spectral_energy": {
        "dmean": 0.0239749569446,
        "dmean2": 0.0392634868622,
        "dvar": 0.000849991920404,
        "dvar2": 0.00200278079137,
        "max": 0.18917542696,
        "mean": 0.0453589186072,
        "median": 0.0315164588392,
        "min": 1.04373568913e-20,
        "stdev": 0.0419148281217,
        "var": 0.00175685272552
    },
    "spectral_energyband_high": {
        "dmean": 0.00135639961809,
        "dmean2": 0.00233623106033,
        "dvar": 7.45825809645e-06,
        "dvar2": 2.04209663934e-05,
        "max": 0.026036888361,
        "mean": 0.0020828966517,
        "median": 0.00104451249354,
        "min": 7.59234429918e-21,
        "stdev": 0.00283339619637,
        "var": 8.02813337941e-06
    },
    "spectral_energyband_low": {
        "dmean": 0.0221376735717,
        "dmean2": 0.0369131118059,
        "dvar": 0.00079198484309,
        "dvar2": 0.00199701380916,
        "max": 0.174426436424,
        "mean": 0.0352274142206,
        "median": 0.0201800577343,
        "min": 1.33170496641e-23,
        "stdev": 0.0381902530789,
        "var": 0.00145849538967
    },
    "spectral_energyband_middle_high": {
        "dmean": 0.00142288324423,
        "dmean2": 0.00240595336072,
        "dvar": 1.14065887828e-05,
        "dvar2": 3.04239238176e-05,
        "max": 0.0862143188715,
        "mean": 0.00276193232276,
        "median": 0.000768569065258,
        "min": 1.29452311836e-21,
        "stdev": 0.00524046272039,
        "var": 2.74624508165e-05
    },
    "spectral_energyband_middle_low": {
        "dmean": 0.00635763118044,
        "dmean2": 0.0101270508021,
        "dvar": 0.000224971430725,
        "dvar2": 0.000544350128621,
        "max": 0.12934024632,
        "mean": 0.0076390360482,
        "median": 0.00378978950903,
        "min": 1.98040336947e-22,
        "stdev": 0.0141757223755,
        "var": 0.000200951108127
    },
    "spectral_entropy": {
        "dmean": 0.223837375641,
        "dmean2": 0.351753026247,
        "dvar": 0.0793609023094,
        "dvar2": 0.193536236882,
        "max": 9.81645679474,
        "mean": 7.8637919426,
        "median": 8.07578277588,
        "min": 4.12369251251,
        "stdev": 0.777525424957,
        "var": 0.604545772076
    },
    "spectral_flux": {
        "dmean": 0.0445300601423,
        "dmean2": 0.0674641355872,
        "dvar": 0.00218640454113,
        "dvar2": 0.00419055251405,
        "max": 0.395636290312,
        "mean": 0.110878899693,
        "median": 0.0925242453814,
        "min": 6.43381597998e-11,
        "stdev": 0.077003441751,
        "var": 0.0059295296669
    },
    "spectral_kurtosis": {
        "dmean": 1.85552513599,
        "dmean2": 3.03411269188,
        "dvar": 40.1018104553,
        "dvar2": 108.421989441,
        "max": 224.890274048,
        "mean": 5.07882261276,
        "median": 1.44289898872,
        "min": -1.26630556583,
        "stdev": 17.9628009796,
        "var": 322.662200928
    },
    "spectral_rms": {
        "dmean": 0.00160612456966,
        "dmean2": 0.00262687401846,
        "dvar": 2.93034509014e-06,
        "dvar2": 6.93960328135e-06,
        "max": 0.0135853374377,
        "mean": 0.00583873782307,
        "median": 0.00554506666958,
        "min": 3.19104790335e-12,
        "stdev": 0.00318777258508,
        "var": 1.01618934423e-05
    },
    "spectral_rolloff": {
        "dmean": 1112.24768066,
        "dmean2": 2031.24279785,
        "dvar": 4027913.5,
        "dvar2": 10404713,
        "max": 19099.9511719,
        "mean": 1520.70068359,
        "median": 215.33203125,
        "min": 64.599609375,
        "stdev": 2287.51782227,
        "var": 5232737.5
    },
    "spectral_skewness": {
        "dmean": 0.256100893021,
        "dmean2": 0.405009388924,
        "dvar": 0.152095645666,
        "dvar2": 0.38479617238,
        "max": 12.079003334,
        "mean": 1.3145468235,
        "median": 1.06980907917,
        "min": -0.258561074734,
        "stdev": 1.32072615623,
        "var": 1.74431765079
    },
    "spectral_spread": {
        "dmean": 717043.8125,
        "dmean2": 1082977.875,
        "dvar": 699471429632,
        "dvar2": 1.43341427098e+12,
        "max": 47515056,
        "mean": 6525928.5,
        "median": 6599341,
        "min": 406320.46875,
        "stdev": 2733730,
        "var": 7.47328031949e+12
    },
    "spectral_strongpeak": {
        "dmean": 0.285804331303,
        "dmean2": 0.476028352976,
        "dvar": 0.303182452917,
        "dvar2": 0.751155912876,
        "max": 9.36447620392,
        "mean": 0.568050980568,
        "median": 0.425839990377,
        "min": 0,
        "stdev": 0.703766286373,
        "var": 0.495286971331
    },
    "zerocrossingrate": {
        "dmean": 0.0173661075532,
        "dmean2": 0.0235902890563,
        "dvar": 0.000350270973286,
        "dvar2": 0.000582752167247,
        "max": 0.537109375,
        "mean": 0.0663068071008,
        "median": 0.061767578125,
        "min": 0.00244140625,
        "stdev": 0.0509515479207,
        "var": 0.00259606004693
    },
    "barkbands": {
        "dmean": [0.000347440451151, 0.01906760782, 0.00536457169801, 0.00284423609264, 0.00403920328245, 0.000469133170554, 0.000224635354243, 0.000166672529303, 0.000242549474933, 0.000100915560324, 0.0001295980328, 0.000237797517912, 0.00049011525698, 0.000309308059514, 0.000289075425826, 0.000183770054718, 0.000165303121321, 0.00011173607345, 0.000139377909363, 0.000151979853399, 0.000174397748196, 0.000284754438326, 0.00049500213936, 0.000331233051838, 0.000186786113773, 5.05393945787e-05, 2.14277656596e-06],
        "dmean2": [0.000556220475119, 0.0319844670594, 0.00858473777771, 0.00465846806765, 0.00740116043016, 0.000755904533435, 0.000382728525437, 0.000292648473987, 0.000445973186288, 0.000176719462615, 0.000229893819778, 0.00041951079038, 0.000851972959936, 0.000540581473615, 0.000499161833432, 0.000323281972669, 0.000274069054285, 0.000182888412382, 0.000231938174693, 0.000253575359238, 0.000293985329336, 0.000510481360834, 0.000910077767912, 0.000586159934755, 0.000294073106488, 7.58418900659e-05, 3.50739742316e-06],
        "dvar": [2.70471332442e-07, 0.000623047177214, 0.000157747243065, 3.61138336302e-05, 0.000154994311742, 8.2419978753e-07, 2.45816721645e-07, 1.32015230747e-07, 4.53113329968e-07, 5.02476531494e-08, 8.36244282709e-08, 4.70745703751e-07, 5.21363745065e-06, 9.00511793134e-07, 8.16036674678e-07, 3.59121202109e-07, 1.54677863407e-07, 4.81083723969e-08, 8.39578859768e-08, 6.35960191175e-08, 1.08507570928e-07, 3.23581190287e-07, 1.21359755667e-06, 4.02310405434e-07, 1.04593048889e-07, 1.0436412623e-08, 1.47169238601e-11],
        "dvar2": [6.4572179781e-07, 0.00177373294719, 0.000385877967346, 9.32406328502e-05, 0.000442231801571, 2.08515325539e-06, 6.482435424e-07, 3.61927845915e-07, 1.29172894958e-06, 1.3445354341e-07, 2.43076328843e-07, 1.26479903884e-06, 1.31262768264e-05, 2.39030146076e-06, 2.23019787882e-06, 1.01049488421e-06, 3.88184020039e-07, 1.11350829002e-07, 2.05744328241e-07, 1.45844595068e-07, 3.02021447851e-07, 9.15250211619e-07, 3.71062401427e-06, 1.07791242954e-06, 2.1820780205e-07, 2.12220214735e-08, 3.90257791361e-11],
        "max": [0.00552959088236, 0.166233509779, 0.099366016686, 0.0861712694168, 0.0974446460605, 0.0159957204014, 0.00785726122558, 0.00557119492441, 0.00723709072918, 0.0035607535392, 0.00534047698602, 0.0148053783923, 0.0591124892235, 0.0213034395128, 0.0234378874302, 0.0172648150474, 0.0105532072484, 0.00494615733624, 0.00682200677693, 0.00549699645489, 0.00474661635235, 0.00581584544852, 0.00925254449248, 0.00783639866859, 0.0043892338872, 0.00107620004565, 6.84487677063e-05],
        "mean": [0.000429472565884, 0.0271292850375, 0.00533191906288, 0.00355037976988, 0.00293494295329, 0.00053435517475, 0.000225000927458, 0.000167768317624, 0.000201414091862, 9.6160787507e-05, 0.000132198736537, 0.000244649971137, 0.000563145964406, 0.000344329106156, 0.000388734886656, 0.000280405656667, 0.000230371922953, 0.000171046427567, 0.000208784505958, 0.000232251171838, 0.000264256086666, 0.000355336494977, 0.000519764958881, 0.000445726094767, 0.000295540026855, 7.93704894022e-05, 2.29802185459e-06],
        "median": [0.000182206233148, 0.0136673618108, 0.0016138702631, 0.00196007103659, 0.000722609111108, 0.000218579894863, 8.80210282048e-05, 6.10239840171e-05, 4.67003555968e-05, 2.9682114473e-05, 3.3948726923e-05, 4.3760992412e-05, 5.72812277824e-05, 4.46532176284e-05, 5.60622574994e-05, 6.56662887195e-05, 7.52894411562e-05, 7.39369061193e-05, 9.10415619728e-05, 0.000128248968394, 0.000133561872644, 0.000182166113518, 0.000173158186954, 0.000161304807989, 0.000105368118966, 2.92846088996e-05, 8.54381482895e-07],
        "min": [2.36391143542e-24, 5.02058532442e-24, 2.84666117726e-24, 2.31909664183e-24, 9.23146961623e-24, 1.69440948445e-23, 7.13278406398e-24, 9.56062577324e-24, 1.20932258441e-23, 2.02301422769e-23, 1.76443193384e-23, 3.20871823771e-23, 3.00974542931e-23, 4.63380934695e-23, 6.80719434712e-23, 8.93871797005e-23, 8.26780944064e-23, 8.68621810933e-23, 1.41810129674e-22, 1.98568192177e-22, 2.75504710791e-22, 3.80109332898e-22, 4.08139744427e-22, 5.68036498283e-22, 1.06681883459e-21, 1.47345141292e-21, 1.96442551564e-21],
        "stdev": [0.000615975819528, 0.0322358459234, 0.0123429261148, 0.00572543218732, 0.00953159015626, 0.000934454263188, 0.000463424657937, 0.000339436490322, 0.00055607088143, 0.000210625425098, 0.000281752523733, 0.000709098414518, 0.00233345106244, 0.00104023190215, 0.00108261290006, 0.000754802487791, 0.00050564634148, 0.000286085443804, 0.000351329828845, 0.000328534515575, 0.000377236836357, 0.000527701457031, 0.000961767334957, 0.000707169645466, 0.000445285782916, 0.000134380228701, 3.84084160032e-06],
        "var": [3.79426211339e-07, 0.00103914982174, 0.000152347827679, 3.2780571928e-05, 9.08512156457e-05, 8.73204726304e-07, 2.14762408746e-07, 1.15217126506e-07, 3.09214840399e-07, 4.43630696623e-08, 7.93844776581e-08, 5.02820569181e-07, 5.44499334865e-06, 1.08208234906e-06, 1.17205081551e-06, 5.69726807953e-07, 2.55678202166e-07, 8.18448810946e-08, 1.23432641885e-07, 1.07934930327e-07, 1.42307627016e-07, 2.78468831993e-07, 9.24996413687e-07, 5.00088901845e-07, 1.98279423103e-07, 1.80580457254e-08, 1.47520641536e-11]
    },
    "erbbands": {
        "dmean": [0.519800007343, 4.41415405273, 6.08526039124, 8.35157203674, 13.552400589, 10.9942073822, 7.06498003006, 2.44861412048, 3.30376267433, 2.76542377472, 4.63643980026, 5.33622980118, 3.29680800438, 3.94945144653, 6.49603128433, 11.0617084503, 21.3623638153, 15.5154685974, 13.3481502533, 14.909620285, 8.13961029053, 7.88903427124, 6.00685739517, 5.54927253723, 8.68183517456, 6.90885686874, 6.42891979218, 7.51372146606, 11.7539901733, 13.7956295013, 12.9137430191, 8.05506420135, 5.60661888123, 2.92979502678, 0.953165829182, 0.306666910648, 0.0791306421161, 0.0101283593103, 0.000311197858537, 3.66150088666e-05],
        "dmean2": [0.836949467659, 7.38402700424, 9.67771339417, 13.8918094635, 23.7198371887, 19.8252716064, 11.9225816727, 3.95920825005, 5.51815509796, 4.93815565109, 8.18794822693, 9.75057125092, 5.93564224243, 7.01610136032, 11.6318883896, 19.3838310242, 36.7918319702, 26.5837917328, 23.5241394043, 25.3215847015, 14.1142778397, 13.3668241501, 9.85335350037, 9.26268100739, 14.4259643555, 11.3102626801, 10.7801618576, 12.7126741409, 21.2565402985, 24.9688987732, 23.9207630157, 14.4058790207, 9.74145317078, 4.76226043701, 1.45561587811, 0.466675758362, 0.118630491197, 0.0153449876234, 0.000466230500024, 5.82738430239e-05],
        "dvar": [0.462449491024, 35.9371986389, 168.548339844, 297.215820312, 1651.49536133, 1017.49859619, 250.325012207, 24.7829151154, 53.0040473938, 43.1599311829, 104.427787781, 217.704299927, 68.39087677, 73.6943359375, 256.149475098, 1148.29370117, 10819.0546875, 2199.03564453, 1349.53881836, 2664.77783203, 511.136474609, 362.04397583, 163.2865448, 136.512924194, 292.267211914, 146.048156738, 148.375427246, 173.940948486, 585.559143066, 767.068786621, 873.038024902, 281.52722168, 104.269760132, 24.5117740631, 3.20235157013, 0.410502523184, 0.0245760213584, 0.00032710947562, 2.64712781473e-07, 1.91612081757e-09],
        "dvar2": [1.26024830341, 100.9246521, 361.718811035, 782.98034668, 4476.93115234, 2897.69873047, 686.147888184, 59.6086006165, 135.11328125, 118.888725281, 288.966552734, 622.260253906, 189.279922485, 207.816162109, 729.335510254, 3399.26928711, 26586.9882812, 5716.00878906, 3893.78027344, 6845.41552734, 1448.32275391, 931.666748047, 391.826812744, 357.845153809, 683.247070312, 321.98046875, 391.557678223, 485.895080566, 1673.26867676, 2210.15258789, 2751.01367188, 862.685546875, 255.434829712, 53.536491394, 6.92162179947, 0.815411984921, 0.0545654967427, 0.000771050341427, 6.15196370291e-07, 4.29395274892e-09],
        "max": [5.84802150726, 37.7224159241, 103.012054443, 198.393051147, 324.0234375, 264.77053833, 226.872283936, 70.6232528687, 113.290328979, 62.7350006104, 153.282531738, 195.739837646, 98.4434585571, 162.58253479, 317.868377686, 739.739318848, 2745.21728516, 1008.69451904, 995.049499512, 1601.22216797, 550.367248535, 529.250244141, 315.212921143, 244.46673584, 473.330383301, 246.688446045, 230.470077515, 125.999221802, 246.636047363, 234.665130615, 246.040084839, 157.427947998, 164.617141724, 85.8041992188, 18.0403289795, 6.90317726135, 1.77875304222, 0.262982279062, 0.0106935547665, 0.000702902325429],
        "mean": [0.78647172451, 5.985435009, 7.20622730255, 10.5855693817, 10.8408489227, 8.60431957245, 6.99951076508, 2.87039756775, 3.52416372299, 2.59981942177, 4.46248579025, 4.61443138123, 3.09180378914, 4.14738225937, 6.60617351532, 12.3407478333, 25.8122329712, 19.4881401062, 19.2358379364, 20.2085456848, 14.1806430817, 11.5441894531, 9.63535022736, 8.97135829926, 12.3128557205, 10.5933837891, 10.2599239349, 10.6317911148, 13.9209375381, 14.9999265671, 13.7784519196, 9.49522018433, 7.72384929657, 4.2366733551, 1.54754686356, 0.503598690033, 0.114512853324, 0.0136350635439, 0.000440948264441, 7.5915522757e-05],
        "median": [0.444730132818, 2.40029644966, 2.32676172256, 6.21742868423, 2.78312110901, 2.67118930817, 2.56276512146, 1.16642129421, 1.41095113754, 1.05906391144, 1.4610439539, 1.04558610916, 1.01393377781, 1.2397942543, 1.64522016048, 2.16392254829, 2.72813796997, 2.45675563812, 3.00414562225, 3.12932896614, 4.08420658112, 3.93363165855, 4.01510334015, 4.04435348511, 6.05806064606, 5.43522644043, 5.14093112946, 5.66556549072, 6.77031612396, 6.06719875336, 4.6125125885, 3.10356807709, 2.80803108215, 1.45569896698, 0.527314960957, 0.174971073866, 0.0453770309687, 0.00588893517852, 0.000218073168071, 6.15007302258e-05],
        "min": [1.07715990491e-22, 1.02341689403e-21, 3.99051678048e-21, 1.39275695533e-20, 2.29663110472e-20, 2.46733081011e-20, 9.59099829007e-20, 1.19560685738e-19, 1.29934512897e-19, 3.90326730428e-19, 3.93862100366e-19, 2.86597712927e-19, 7.97174222242e-19, 9.82994763383e-19, 1.44047113706e-18, 1.42339916319e-18, 1.50940226885e-18, 1.36514103944e-18, 3.15601084706e-18, 3.86824685529e-18, 4.72932781088e-18, 5.74500261911e-18, 5.08236229247e-18, 7.24074451714e-18, 8.95902860562e-18, 1.06656965968e-17, 9.53758271428e-18, 1.10492784448e-17, 1.11808928064e-17, 1.48843359188e-17, 1.25469518095e-17, 1.26422363987e-17, 1.03400149101e-17, 9.07408281138e-18, 7.47605920343e-18, 4.90032341429e-18, 2.58483539627e-18, 9.86706632985e-19, 2.75256653139e-19, 2.79950069472e-20],
        "stdev": [0.931167423725, 7.58599662781, 14.3345222473, 16.383687973, 33.1876411438, 24.7547931671, 14.2045221329, 5.23660087585, 7.25519657135, 5.56976270676, 9.38175106049, 12.69617939, 6.97370862961, 8.3201341629, 15.2504549026, 36.3045845032, 108.499160767, 54.9007720947, 48.8815574646, 61.3529853821, 30.3165531158, 23.0965061188, 16.7373161316, 14.2255277634, 20.5603485107, 15.8538970947, 14.9501609802, 14.5487775803, 21.6230316162, 24.5989379883, 25.9109859467, 16.5597000122, 12.0240812302, 6.50098514557, 2.4061152935, 0.866523265839, 0.192273661494, 0.0210113767534, 0.000604097673204, 6.40901562292e-05],
        "var": [0.867072761059, 57.5473442078, 205.478515625, 268.425201416, 1101.41955566, 612.799743652, 201.768447876, 27.4219894409, 52.6378746033, 31.0222568512, 88.0172576904, 161.192962646, 48.632610321, 69.2246246338, 232.576385498, 1318.02282715, 11772.0683594, 3014.09472656, 2389.40649414, 3764.1887207, 919.093444824, 533.448608398, 280.137756348, 202.365646362, 422.727935791, 251.346054077, 223.50730896, 211.666915894, 467.555511475, 605.107788086, 671.379150391, 274.22366333, 144.578536987, 42.2628097534, 5.7893910408, 0.750862598419, 0.0369691587985, 0.000441477925051, 3.649339817e-07, 4.10754807945e-09]
    },
    "gfcc": {
        "mean": [-30.7474422455, 58.6763687134, -79.7913208008, 63.9862442017, -44.6837425232, 32.617313385, -37.2353515625, 7.50974845886, -23.5761032104, 4.22900009155, -16.1588497162, -0.0467162393034, -12.7629709244],
        "cov": [[22825.9785156, -3617.22753906, -1050.69836426, 1166.09924316, -1244.92541504, 1007.14025879, -631.509033203, 672.514526367, -367.736297607, 685.473693848, -310.427642822, 406.945953369, -151.142196655], [-3617.22753906, 2118.67431641, 463.059143066, -248.994110107, 532.530944824, -428.386383057, 319.744720459, -232.579330444, 174.633087158, -220.045379639, 107.046768188, -135.104049683, 95.8197021484], [-1050.69836426, 463.059143066, 2133.08764648, 630.864929199, 230.026290894, 150.913040161, 332.229492188, 283.509887695, 201.737075806, 39.2641296387, 102.600341797, 116.728317261, 63.8451004028], [1166.09924316, -248.994110107, 630.864929199, 575.950744629, 75.2141647339, 160.078018188, 113.62097168, 166.40977478, 102.302734375, 94.6892166138, 38.3648910522, 80.2099456787, 33.6372032166], [-1244.92541504, 532.530944824, 230.026290894, 75.2141647339, 376.131622314, -30.5830440521, 169.969070435, -11.6344461441, 107.796463013, -16.9554080963, 61.3741950989, -21.5895442963, 49.9195671082], [1007.14025879, -428.386383057, 150.913040161, 160.078018188, -30.5830440521, 298.087493896, 7.86507225037, 111.770896912, 5.80815649033, 77.3343200684, 20.7360477448, 63.178894043, -9.68102073669], [-631.509033203, 319.744720459, 332.229492188, 113.62097168, 169.969070435, 7.86507225037, 198.739852905, 50.7803878784, 99.1388549805, 2.16126155853, 57.5405082703, 6.99050331116, 35.7873497009], [672.514526367, -232.579330444, 283.509887695, 166.40977478, -11.6344461441, 111.770896912, 50.7803878784, 178.555786133, 46.8562469482, 73.914894104, 10.5258960724, 48.3716812134, 0.970531046391], [-367.736297607, 174.633087158, 201.737075806, 102.302734375, 107.796463013, 5.80815649033, 99.1388549805, 46.8562469482, 125.915260315, 30.8721199036, 57.4245567322, 17.4743747711, 35.4222297668], [685.473693848, -220.045379639, 39.2641296387, 94.6892166138, -16.9554080963, 77.3343200684, 2.16126155853, 73.914894104, 30.8721199036, 105.153305054, 26.3229045868, 44.3793296814, 4.33326053619], [-310.427642822, 107.046768188, 102.600341797, 38.3648910522, 61.3741950989, 20.7360477448, 57.5405082703, 10.5258960724, 57.4245567322, 26.3229045868, 85.2069244385, 31.9027404785, 30.3539199829], [406.945953369, -135.104049683, 116.728317261, 80.2099456787, -21.5895442963, 63.178894043, 6.99050331116, 48.3716812134, 17.4743747711, 44.3793296814, 31.9027404785, 73.609085083, 19.2157821655], [-151.142196655, 95.8197021484, 63.8451004028, 33.6372032166, 49.9195671082, -9.68102073669, 35.7873497009, 0.970531046391, 35.4222297668, 4.33326053619, 30.3539199829, 19.2157821655, 51.8301963806]],
        "icov": [[0.000118818112242, -0.000220541624003, 0.000210556725506, -0.000425037840614, 0.000354374147719, -0.000272433127975, 0.000115178270789, -0.000322141859215, 0.000371833622921, -0.000527057098225, 0.000488778983708, -0.000361260201316, -5.73785291635e-05], [-0.000220541624003, 0.00273917615414, -0.00113379955292, 0.00202562613413, -0.00214994349517, 0.00224145152606, -0.00174035935197, 0.00238675950095, -0.00191392085981, 0.00242192996666, -0.00188654859085, 0.00180604949128, -0.00043794643716], [0.000210556725506, -0.00113379955292, 0.0015996072907, -0.0018963906914, 0.00102946686093, -0.00084626727039, -0.000151859057951, -0.00218170252629, 0.00100028084125, -2.1783421289e-07, 0.00083334709052, -0.00197494728491, 0.000527084164787], [-0.000425037840614, 0.00202562613413, -0.0018963906914, 0.0057013258338, -0.00227090273984, 0.000987551757134, -0.00140473095234, 0.00180010392796, -0.00320967403241, 0.000938206620049, -0.000349196459865, 0.000924494175706, -0.00106360774953], [0.000354374147719, -0.00214994349517, 0.00102946686093, -0.00227090273984, 0.00733922654763, -0.00230346713215, -0.00214937725104, -0.000400949793402, 0.000266923714662, -0.00274496455677, 0.00157777173445, 0.000972037261818, -0.00203092908487], [-0.000272433127975, 0.00224145152606, -0.00084626727039, 0.000987551757134, -0.00230346713215, 0.00739994039759, -0.00135252345353, -0.000224095376325, 0.00020047617727, 0.00128967920318, -0.00341469259001, -0.0007408085512, 0.00203168555163], [0.000115178270789, -0.00174035935197, -0.000151859057951, -0.00140473095234, -0.00214937725104, -0.00135252345353, 0.0146294394508, -0.00469101266935, -0.00286002340727, 0.00162979098968, -0.00285689532757, 0.00123167375568, -0.000509003293701], [-0.000322141859215, 0.00238675950095, -0.00218170252629, 0.00180010392796, -0.000400949793402, -0.000224095376325, -0.00469101266935, 0.0161531195045, -0.00516680814326, -0.00400714809075, 0.00364137045108, -0.00075177900726, 0.00146054499783], [0.000371833622921, -0.00191392085981, 0.00100028084125, -0.00320967403241, 0.000266923714662, 0.00020047617727, -0.00286002340727, -0.00516680814326, 0.0215588845313, -0.00588719034567, -0.00552907958627, 0.001886520884, -0.00437773717567], [-0.000527057098225, 0.00242192996666, -2.1783421289e-07, 0.000938206620049, -0.00274496455677, 0.00128967920318, 0.00162979098968, -0.00400714809075, -0.00588719034567, 0.0234408769757, -0.00734074926004, -0.00338885630481, 0.0028304758016], [0.000488778983708, -0.00188654859085, 0.00083334709052, -0.000349196459865, 0.00157777173445, -0.00341469259001, -0.00285689532757, 0.00364137045108, -0.00552907958627, -0.00734074926004, 0.0277508627623, -0.0111098736525, -0.00388053851202], [-0.000361260201316, 0.00180604949128, -0.00197494728491, 0.000924494175706, 0.000972037261818, -0.0007408085512, 0.00123167375568, -0.00075177900726, 0.001886520884, -0.00338885630481, -0.0111098736525, 0.0315111242235, -0.010652677156], [-5.73785291635e-05, -0.00043794643716, 0.000527084164787, -0.00106360774953, -0.00203092908487, 0.00203168555163, -0.000509003293701, 0.00146054499783, -0.00437773717567, 0.0028304758016, -0.00388053851202, -0.010652677156, 0.0316140018404]]
    },
    "melbands": {
        "dmean": [0.00508574582636, 0.00362637266517, 0.00142895441968, 0.000963729398791, 0.000261270266492, 6.05262539466e-05, 4.87915131089e-05, 2.84584129986e-05, 4.17810369981e-05, 3.28522219206e-05, 1.5847153918e-05, 1.55328725668e-05, 1.93982377823e-05, 2.63351248577e-05, 4.45416262664e-05, 4.42515083705e-05, 3.07835325657e-05, 2.31580670516e-05, 2.21529517148e-05, 1.82681651495e-05, 9.90547141555e-06, 9.83932386589e-06, 6.46775970381e-06, 5.8111359067e-06, 4.67236441182e-06, 5.53073959964e-06, 6.47140450383e-06, 4.72560077469e-06, 4.12337158195e-06, 4.75204433315e-06, 4.31981789006e-06, 6.99815291227e-06, 6.00671910433e-06, 8.8805663836e-06, 6.84621090841e-06, 6.5939148044e-06, 4.96568736708e-06, 4.21488630309e-06, 3.44112527273e-06, 2.3121083359e-06],
        "dmean2": [0.00843612104654, 0.00615433696657, 0.00230458099395, 0.00172611745074, 0.000450115767308, 9.74119975581e-05, 8.15835301182e-05, 5.10384707013e-05, 7.46770747355e-05, 6.01155152253e-05, 2.82908713416e-05, 2.7492751542e-05, 3.42355851899e-05, 4.56177949673e-05, 7.88886027294e-05, 7.50315884943e-05, 5.34329738002e-05, 4.0980947233e-05, 3.8320042222e-05, 3.18123056786e-05, 1.70734601852e-05, 1.68670412677e-05, 1.12342740977e-05, 9.45411011344e-06, 8.0005147538e-06, 9.17803663469e-06, 1.08877875391e-05, 7.85307929618e-06, 6.99926158632e-06, 7.88142915553e-06, 7.48939510231e-06, 1.26623535834e-05, 1.08404710772e-05, 1.60688596225e-05, 1.26471895783e-05, 1.23827376228e-05, 8.89153761818e-06, 7.36845049687e-06, 5.80781625104e-06, 3.72365343537e-06],
        "dvar": [4.39711729996e-05, 3.40844089806e-05, 8.86476391315e-06, 8.55670896271e-06, 3.91209994177e-07, 1.39805456101e-08, 1.1502616637e-08, 4.52586013111e-09, 9.47893941117e-09, 8.51479065034e-09, 1.49970080798e-09, 1.14537046514e-09, 1.98638172577e-09, 5.48408118917e-09, 5.31975388185e-08, 2.49920333317e-08, 1.02670574265e-08, 4.34465574628e-09, 5.12659648066e-09, 3.60298346713e-09, 8.28148993826e-10, 5.69333691303e-10, 2.52723897365e-10, 1.44572728789e-10, 9.93840010288e-11, 1.48128995181e-10, 1.3486281536e-10, 7.57601967272e-11, 7.52133563764e-11, 5.85307496914e-11, 6.54855128457e-11, 2.17312140505e-10, 1.33075009345e-10, 2.98380431474e-10, 2.38612601899e-10, 2.44466474841e-10, 9.56757173487e-11, 6.67185057202e-11, 2.95615025514e-11, 1.7669895061e-11],
        "dvar2": [0.000124198166304, 7.07636136212e-05, 2.05697906495e-05, 2.40599110839e-05, 1.09526320102e-06, 3.36435945769e-08, 2.95499393843e-08, 1.25077237456e-08, 2.66496069656e-08, 2.42343585199e-08, 4.08869338386e-09, 3.20307758095e-09, 5.75112180101e-09, 1.40886502464e-08, 1.42164680028e-07, 6.17705353534e-08, 2.67126054609e-08, 1.23912320404e-08, 1.39522695619e-08, 9.7691890133e-09, 2.35093122747e-09, 1.49635359659e-09, 6.85696555092e-10, 3.22288057353e-10, 2.70220262832e-10, 3.57626539493e-10, 3.08238740088e-10, 1.7963291965e-10, 2.01251362797e-10, 1.56099549953e-10, 1.84422949134e-10, 6.22552176477e-10, 3.78627323938e-10, 8.63403959439e-10, 7.49202588857e-10, 7.69403485368e-10, 2.85903301034e-10, 1.67870523038e-10, 7.09541314592e-11, 3.90142779194e-11],
        "max": [0.0499762222171, 0.0423266068101, 0.0298661105335, 0.0240073464811, 0.0082330275327, 0.00144467048813, 0.00164189946372, 0.000632284616586, 0.0011601006845, 0.00135846226476, 0.000509970355779, 0.000681453093421, 0.000849036092404, 0.0016836472787, 0.00571665214375, 0.00365231209435, 0.00229663262144, 0.00154273048975, 0.00160488416441, 0.00168097228743, 0.000725778343622, 0.000660596298985, 0.000340603408404, 0.000335833290592, 0.000187451718375, 0.0003803591826, 0.000257151579717, 0.000151130341692, 0.000126679922687, 0.000119801334222, 8.48098643473e-05, 0.000156874186359, 0.000103695470898, 0.000135258509545, 0.000132506393129, 0.000136761271278, 9.25687709241e-05, 0.000143674580613, 8.05912859505e-05, 6.4366402512e-05],
        "mean": [0.00750262429938, 0.00516830245033, 0.0017655689735, 0.000723510340322, 0.000248039665166, 7.1384718467e-05, 5.2124782087e-05, 2.76582741208e-05, 3.76834032068e-05, 2.83394674625e-05, 1.47195823956e-05, 1.58965540322e-05, 1.97656954697e-05, 2.66440401901e-05, 4.62086718471e-05, 5.32205376658e-05, 3.41923951055e-05, 3.02198877762e-05, 2.67349641945e-05, 2.59516436927e-05, 1.51495996761e-05, 1.30839298436e-05, 8.99499173102e-06, 8.27577150631e-06, 6.93615629643e-06, 8.07908782008e-06, 8.91973104444e-06, 6.75522960591e-06, 6.17172599959e-06, 6.78908827467e-06, 5.79263178224e-06, 8.00436464488e-06, 7.12297787686e-06, 8.94613458513e-06, 7.53948233978e-06, 6.77562547935e-06, 5.72527642362e-06, 5.44013755643e-06, 4.79197933601e-06, 3.22237747241e-06],
