{
"highlevel": {
    "danceability": {
        "all": {
            "danceable": 0.999999880791,
            "not_danceable": 1.00000008274e-07
        },
        "probability": 0.999999880791,
        "value": "danceable"
    },
    "gender": {
        "all": {
            "female": 0.766263246536,
            "male": 0.233736738563
        },
        "probability": 0.766263246536,
        "value": "female"
    },
    "genre_electronic": {
        "all": {
            "ambient": 0.0865452215075,
            "dnb": 0.132677316666,
            "house": 0.0326253771782,
            "techno": 0.0091916564852,
            "trance": 0.738960444927
        },
        "probability": 0.738960444927,
        "value": "trance"
    },
    "mood_acoustic": {
        "all": {
            "acoustic": 0.0520507767797,
            "not_acoustic": 0.947949230671
        },
        "probability": 0.947949230671,
        "value": "not_acoustic"
    },
    "mood_aggressive": {
        "all": {
            "aggressive": 0.997299790382,
            "not_aggressive": 0.00270018610172
        },
        "probability": 0.997299790382,
        "value": "aggressive"
    },
    "mood_electronic": {
        "all": {
            "electronic": 0.883439362049,
            "not_electronic": 0.11656062305
        },
        "probability": 0.883439362049,
        "value": "electronic"
    },
    "mood_happy": {
        "all": {
            "happy": 0.186566501856,
            "not_happy": 0.813433468342
        },
        "probability": 0.813433468342,
        "value": "not_happy"
    },
    "mood_party": {
        "all": {
            "not_party": 0.0229677315801,
            "party": 0.977032244205
        },
        "probability": 0.977032244205,
        "value": "party"
    },
    "mood_relaxed": {
        "all": {
            "not_relaxed": 0.0486314967275,
            "relaxed": 0.951368510723
        },
        "probability": 0.951368510723,
        "value": "relaxed"
    },
    "mood_sad": {
        "all": {
            "not_sad": 0.00738742435351,
            "sad": 0.992612600327
        },
        "probability": 0.992612600327,
        "value": "sad"
    },
    "moods_mirex": {
        "all": {
            "Cluster1": 0.179060310125,
            "Cluster2": 0.190063714981,
            "Cluster3": 0.0214672852308,
            "Cluster4": 0.113015376031,
            "Cluster5": 0.496393293142
        },
        "probability": 0.496393293142,
        "value": "Cluster5"
    },
    "timbre": {
        "all": {
            "bright": 0.0172969698906,
            "dark": 0.982703030109
        },
        "probability": 0.982703030109,
        "value": "dark"
    },
    "tonal_atonal": {
        "all": {
            "atonal": 0.686125338078,
            "tonal": 0.313874661922
        },
        "probability": 0.686125338078,
        "value": "atonal"
    },
    "voice_instrumental": {
        "all": {
            "instrumental": 0.0529914200306,
            "voice": 0.947008609772
        },
        "probability": 0.947008609772,
        "value": "voice"
    }
},
"lowlevel": {
    "average_loudness": 0.908952057362,
    "barkbands_crest": {
        "dmean": 1.7282269001,
        "dmean2": 2.76155805588,
        "dvar": 3.83786177635,
        "dvar2": 9.44086837769,
        "max": 24.8033390045,
        "mean": 7.19786119461,
        "median": 6.38794136047,
        "min": 1.96562826633,
        "stdev": 3.50734639168,
        "var": 12.3014793396
    },
    "barkbands_flatness_db": {
        "dmean": 0.0144243435934,
        "dmean2": 0.0229144096375,
        "dvar": 0.000239335859078,
        "dvar2": 0.000627577828709,
        "max": 0.366277694702,
        "mean": 0.0958984792233,
        "median": 0.0876113399863,
        "min": 0.0199667047709,
        "stdev": 0.0428254790604,
        "var": 0.00183402164839
    },
    "barkbands_kurtosis": {
        "dmean": 1.17293667793,
        "dmean2": 1.98670184612,
        "dvar": 4.6548576355,
        "dvar2": 13.984585762,
        "max": 33.6850280762,
        "mean": 0.574637234211,
        "median": -0.526453256607,
        "min": -1.89189338684,
        "stdev": 3.1407790184,
        "var": 9.86449337006
    },
    "barkbands_skewness": {
        "dmean": 0.387964248657,
        "dmean2": 0.616989433765,
        "dvar": 0.224342301488,
        "dvar2": 0.622731089592,
        "max": 4.95152139664,
        "mean": 0.337396293879,
        "median": 0.512408673763,
        "min": -5.31772708893,
        "stdev": 1.0942606926,
        "var": 1.19740653038
    },
    "barkbands_spread": {
        "dmean": 5.73609018326,
        "dmean2": 9.08262252808,
        "dvar": 43.5936088562,
        "dvar2": 110.412719727,
        "max": 143.664459229,
        "mean": 33.5590858459,
        "median": 32.6461334229,
        "min": 1.35601866245,
        "stdev": 15.3602428436,
        "var": 235.937072754
    },
    "dissonance": {
        "dmean": 0.0103475926444,
        "dmean2": 0.0174481198192,
        "dvar": 0.000136089292937,
        "dvar2": 0.0003665528493,
        "max": 0.500000178814,
        "mean": 0.48262193799,
        "median": 0.486689835787,
        "min": 0.295707821846,
        "stdev": 0.0164351724088,
        "var": 0.000270114891464
    },
    "dynamic_complexity": 2.85807442665,
    "erbbands_crest": {
        "dmean": 1.6867120266,
        "dmean2": 2.78215026855,
        "dvar": 3.72805833817,
        "dvar2": 10.1065979004,
        "max": 29.6424674988,
        "mean": 6.44700956345,
        "median": 5.58486652374,
        "min": 2.30796551704,
        "stdev": 3.24938726425,
        "var": 10.5585174561
    },
    "erbbands_flatness_db": {
        "dmean": 0.0127374138683,
        "dmean2": 0.020655291155,
        "dvar": 0.000267675990472,
        "dvar2": 0.000859044317622,
        "max": 0.443144321442,
        "mean": 0.154262244701,
        "median": 0.13595931232,
        "min": 0.0155469058082,
        "stdev": 0.049412149936,
        "var": 0.00244156061672
    },
    "erbbands_kurtosis": {
        "dmean": 0.778612494469,
        "dmean2": 1.35298395157,
        "dvar": 2.47662448883,
        "dvar2": 8.13904380798,
        "max": 33.5577850342,
        "mean": -0.0164272859693,
        "median": -0.70085811615,
        "min": -1.80408477783,
        "stdev": 2.10989403725,
        "var": 4.45165300369
    },
    "erbbands_skewness": {
        "dmean": 0.32414162159,
        "dmean2": 0.528995633125,
        "dvar": 0.133172258735,
        "dvar2": 0.402831554413,
        "max": 3.12734651566,
        "mean": -0.171424031258,
        "median": -0.104898519814,
        "min": -3.1344332695,
        "stdev": 0.70740288496,
        "var": 0.500418841839
    },
    "erbbands_spread": {
        "dmean": 6.27532291412,
        "dmean2": 9.87317848206,
        "dvar": 43.5003356934,
        "dvar2": 108.015480042,
        "max": 143.1512146,
        "mean": 42.1243591309,
        "median": 43.2658424377,
        "min": 1.63169932365,
        "stdev": 16.8877239227,
        "var": 285.195220947
    },
    "hfc": {
        "dmean": 9.53900432587,
        "dmean2": 14.765086174,
        "dvar": 185.682861328,
        "dvar2": 584.277404785,
        "max": 268.683776855,
        "mean": 40.1834869385,
        "median": 37.5431098938,
        "min": 1.15724764688e-16,
        "stdev": 21.1416950226,
        "var": 446.971282959
    },
    "loudness_ebu128": {
        "integrated": -5.7836265564,
        "loudness_range": 2.05469846725,
        "momentary": {
            "dmean": 0.428829699755,
            "dmean2": 0.495008796453,
            "dvar": 0.281861573458,
            "dvar2": 0.255702912807,
            "max": -3.22640776634,
            "mean": -7.06583833694,
            "median": -5.82739591599,
            "min": -68.8393783569,
            "stdev": 6.31808805466,
            "var": 39.9182357788
        },
        "short_term": {
            "dmean": 0.0820733830333,
            "dmean2": 0.0619444176555,
            "dvar": 0.0218122098595,
            "dvar2": 0.00413866713643,
            "max": -4.58391189575,
            "mean": -6.38845825195,
            "median": -5.71480703354,
            "min": -47.2484817505,
            "stdev": 3.89693880081,
            "var": 15.186132431
        }
    },
    "melbands_crest": {
        "dmean": 2.46716046333,
        "dmean2": 3.90180206299,
        "dvar": 7.01870203018,
        "dvar2": 16.2702465057,
        "max": 31.2517318726,
        "mean": 11.0808725357,
        "median": 9.69535541534,
        "min": 1.70259857178,
        "stdev": 5.85273456573,
        "var": 34.2545013428
    },
    "melbands_flatness_db": {
        "dmean": 0.0169610213488,
        "dmean2": 0.025646161288,
        "dvar": 0.000340944854543,
        "dvar2": 0.000777554174419,
        "max": 0.401286959648,
        "mean": 0.105902098119,
        "median": 0.0998583510518,
        "min": 0.00348125165328,
        "stdev": 0.0466584898531,
        "var": 0.00217701471411
    },
    "melbands_kurtosis": {
        "dmean": 2.4856710434,
        "dmean2": 3.85496330261,
        "dvar": 35.9180107117,
        "dvar2": 78.6662445068,
        "max": 268.544036865,
        "mean": 4.82012367249,
        "median": 2.77229595184,
        "min": -1.80803084373,
        "stdev": 11.1848363876,
        "var": 125.10055542
    },
    "melbands_skewness": {
        "dmean": 0.463906466961,
        "dmean2": 0.7211176157,
        "dvar": 0.310161054134,
        "dvar2": 0.695948302746,
        "max": 15.2165746689,
        "mean": 1.57356905937,
        "median": 1.61647188663,
        "min": -3.82622933388,
        "stdev": 1.4262573719,
        "var": 2.03421020508
    },
    "melbands_spread": {
        "dmean": 11.1542072296,
        "dmean2": 17.8527488708,
        "dvar": 188.264343262,
        "dvar2": 515.354980469,
        "max": 220.009765625,
        "mean": 49.9266204834,
        "median": 45.5436592102,
        "min": 2.88185977936,
        "stdev": 26.4867191315,
        "var": 701.546264648
    },
    "pitch_salience": {
        "dmean": 0.0520833060145,
        "dmean2": 0.0828504040837,
        "dvar": 0.00248205917887,
        "dvar2": 0.00560957193375,
        "max": 0.906384289265,
        "mean": 0.611102223396,
        "median": 0.624312281609,
        "min": 0.119890235364,
        "stdev": 0.108223930001,
        "var": 0.0117124188691
    },
    "silence_rate_20dB": {
        "dmean": 0,
        "dmean2": 0,
        "dvar": 0,
        "dvar2": 0,
        "max": 1,
        "mean": 1,
        "median": 1,
        "min": 1,
        "stdev": 0,
        "var": 0
    },
    "silence_rate_30dB": {
        "dmean": 0,
        "dmean2": 0,
        "dvar": 0,
        "dvar2": 0,
        "max": 1,
        "mean": 1,
        "median": 1,
        "min": 1,
        "stdev": 0,
        "var": 0
    },
    "silence_rate_60dB": {
        "dmean": 0.00352112669498,
        "dmean2": 0.00704317213967,
        "dvar": 0.00350953219458,
        "dvar2": 0.00751526514068,
        "max": 1,
        "mean": 0.0469422340393,
        "median": 0,
        "min": 0,
        "stdev": 0.211518526077,
        "var": 0.044740088284
    },
    "spectral_centroid": {
        "dmean": 280.283325195,
        "dmean2": 431.284942627,
        "dvar": 110212.546875,
        "dvar2": 228492.484375,
        "max": 11482.6142578,
        "mean": 2505.98217773,
        "median": 2448.77856445,
        "min": 451.885131836,
        "stdev": 877.173034668,
        "var": 769432.5625
    },
    "spectral_complexity": {
        "dmean": 5.1674489975,
        "dmean2": 7.96647977829,
        "dvar": 22.1699714661,
        "dvar2": 52.0248298645,
        "max": 59,
        "mean": 30.4642066956,
        "median": 31,
        "min": 0,
        "stdev": 12.4035539627,
        "var": 153.84815979
    },
    "spectral_decrease": {
        "dmean": 1.33839073158e-09,
        "dmean2": 1.95158023075e-09,
        "dvar": 4.07532118188e-18,
        "dvar2": 7.49462609946e-18,
        "max": 7.524604273e-10,
        "mean": -4.97937291399e-09,
        "median": -4.23563584206e-09,
        "min": -2.6843219203e-08,
        "stdev": 3.67747521324e-09,
        "var": 1.35238239888e-17
    },
    "spectral_energy": {
        "dmean": 0.00553852831945,
        "dmean2": 0.00801337696612,
        "dvar": 6.47600245429e-05,
        "dvar2": 0.000118848845887,
        "max": 0.107714578509,
        "mean": 0.0224380977452,
        "median": 0.0193399637938,
        "min": 1.03573538242e-20,
        "stdev": 0.0145058771595,
        "var": 0.000210420475923
    },
    "spectral_energyband_high": {
        "dmean": 0.000822573550977,
        "dmean2": 0.00127114739735,
        "dvar": 1.13212138331e-06,
        "dvar2": 2.89313447865e-06,
        "max": 0.0196434371173,
        "mean": 0.00361314439215,
        "median": 0.00322048552334,
        "min": 7.26507319788e-21,
        "stdev": 0.00235260627232,
        "var": 5.53475638299e-06
    },
    "spectral_energyband_low": {
        "dmean": 0.000805617310107,
        "dmean2": 0.00115241750609,
        "dvar": 2.70974237537e-06,
        "dvar2": 5.95130131842e-06,
        "max": 0.0517425350845,
        "mean": 0.00343245361,
        "median": 0.000999729847535,
        "min": 4.39808319343e-23,
        "stdev": 0.00571054592729,
        "var": 3.26103363477e-05
    },
    "spectral_energyband_middle_high": {
        "dmean": 0.00212070648558,
        "dmean2": 0.00324412831105,
        "dvar": 6.90594652042e-06,
        "dvar2": 1.60629442689e-05,
        "max": 0.103705368936,
        "mean": 0.00664853025228,
        "median": 0.00555961579084,
        "min": 1.16613503416e-21,
        "stdev": 0.00510848965496,
        "var": 2.60966662609e-05
    },
    "spectral_energyband_middle_low": {
        "dmean": 0.00378454080783,
        "dmean2": 0.00546992057934,
        "dvar": 5.1836908824e-05,
        "dvar2": 9.5260758826e-05,
        "max": 0.0957419574261,
        "mean": 0.00931414403021,
        "median": 0.0060879769735,
        "min": 3.27712762432e-22,
        "stdev": 0.0110413422808,
        "var": 0.000121911230963
    },
    "spectral_entropy": {
        "dmean": 0.0879590809345,
        "dmean2": 0.138902381063,
        "dvar": 0.0111178960651,
        "dvar2": 0.0322518497705,
        "max": 9.80470180511,
        "mean": 8.0428686142,
        "median": 8.07806110382,
        "min": 5.73927927017,
        "stdev": 0.25209903717,
        "var": 0.0635539218783
    },
    "spectral_flux": {
        "dmean": 0.0166403856128,
        "dmean2": 0.0269994698465,
        "dvar": 0.000489017809741,
        "dvar2": 0.00126118329354,
        "max": 0.270158916712,
        "mean": 0.0736193284392,
        "median": 0.0694148764014,
        "min": 6.69036215317e-11,
        "stdev": 0.0341190248728,
        "var": 0.00116410793271
    },
    "spectral_kurtosis": {
        "dmean": 0.796551764011,
        "dmean2": 1.40145218372,
        "dvar": 1.804043293,
        "dvar2": 5.74454784393,
        "max": 42.598033905,
        "mean": 2.55439138412,
        "median": 1.88641929626,
        "min": -1.19735836983,
        "stdev": 2.30279898643,
        "var": 5.30288314819
    },
    "spectral_rms": {
        "dmean": 0.000539749045856,
        "dmean2": 0.000782650895417,
        "dvar": 4.47512547908e-07,
        "dvar2": 7.9376445683e-07,
        "max": 0.0102512137964,
        "mean": 0.00440516741946,
        "median": 0.00434376066551,
        "min": 3.17879468408e-12,
        "stdev": 0.00157650350593,
        "var": 2.48536321124e-06
    },
    "spectral_rolloff": {
        "dmean": 1028.92700195,
        "dmean2": 1768.06298828,
        "dvar": 4270241.5,
        "dvar2": 15102706,
        "max": 19961.2792969,
        "mean": 4521.94140625,
        "median": 4155.90820312,
        "min": 86.1328125,
        "stdev": 3142.8034668,
        "var": 9877213
    },
    "spectral_skewness": {
        "dmean": 0.147682234645,
        "dmean2": 0.24960783124,
        "dvar": 0.0344110131264,
        "dvar2": 0.109198093414,
        "max": 4.6285777092,
        "mean": 1.01036739349,
        "median": 0.937820136547,
        "min": -0.0164475813508,
        "stdev": 0.38707536459,
        "var": 0.149827346206
    },
    "spectral_spread": {
        "dmean": 422429.8125,
        "dmean2": 706493.4375,
        "dvar": 448680329216,
        "dvar2": 1.44199149158e+12,
        "max": 47163792,
        "mean": 4864872.5,
        "median": 4771004,
        "min": 1263532.875,
        "stdev": 1753560.125,
        "var": 3.0749729751e+12
    },
    "spectral_strongpeak": {
        "dmean": 0.685660898685,
        "dmean2": 1.18460416794,
        "dvar": 1.26513528824,
        "dvar2": 3.5330953598,
        "max": 19.0707092285,
        "mean": 1.55379104614,
        "median": 0.792606115341,
        "min": 4.42413550239e-10,
        "stdev": 1.87548780441,
        "var": 3.51745462418
    },
    "zerocrossingrate": {
        "dmean": 0.0120737534016,
        "dmean2": 0.0138213466853,
        "dvar": 0.000237700747675,
        "dvar2": 0.000332874071319,
        "max": 0.685546875,
        "mean": 0.140505239367,
        "median": 0.119140625,
        "min": 0.02099609375,
        "stdev": 0.0811533331871,
        "var": 0.00658586295322
    },
    "barkbands": {
        "dmean": [7.37375148674e-06, 0.000471950217616, 0.000305384019157, 0.000438021030277, 0.00137869257014, 0.00106498703826, 0.000885860063136, 0.000621928251348, 0.000893174263183, 0.000434064248111, 0.000609719834756, 0.000359388184734, 0.000337751291227, 0.000325311702909, 0.000355929194484, 0.00040248039295, 0.000241881542024, 0.000280936656054, 0.000256646191701, 0.000238743392401, 0.000261676585069, 0.000252799654845, 0.000203946896363, 9.53311318881e-05, 3.58390752808e-05, 2.56485072896e-05, 0.000149034371134],
        "dmean2": [1.27858475025e-05, 0.000655971933156, 0.000459850009065, 0.000635892385617, 0.00212004524656, 0.00157091696747, 0.00135592499282, 0.000956298375968, 0.00139149778988, 0.000690789020155, 0.00097172887763, 0.000575942802243, 0.00053265679162, 0.000548358366359, 0.000577381695621, 0.00065438693855, 0.000406133825891, 0.000458904454717, 0.000419375021011, 0.000387098640203, 0.000421062984969, 0.000394128990592, 0.000315467012115, 0.000146444610436, 5.44907488802e-05, 4.29293904745e-05, 0.000291419390123],
        "dvar": [2.41987430094e-10, 1.42034764394e-06, 5.13280667747e-07, 1.38794666782e-06, 2.00603990379e-05, 1.00069501059e-05, 4.08978257838e-06, 1.0838846265e-06, 2.33841615227e-06, 6.06752223575e-07, 2.34549111156e-06, 4.46648641628e-07, 3.41653901614e-07, 2.60049290546e-07, 2.54559182622e-07, 3.34617965336e-07, 1.99571132953e-07, 1.65819315612e-07, 1.7109917394e-07, 9.6983292508e-08, 9.76312719558e-08, 9.43541138554e-08, 7.91940024669e-08, 2.20516067628e-08, 3.83520459835e-09, 3.72770525559e-09, 4.96511177062e-07],
        "dvar2": [6.78521905328e-10, 2.87705461233e-06, 1.24837276871e-06, 3.00016358779e-06, 4.03455851483e-05, 1.87130590348e-05, 8.90775299922e-06, 2.38714619627e-06, 5.36791185368e-06, 1.40038139307e-06, 5.1024539971e-06, 1.09498057554e-06, 7.15167288945e-07, 7.03064358731e-07, 6.94294158166e-07, 9.2107262617e-07, 6.29320936696e-07, 4.61093776494e-07, 4.9380537348e-07, 2.68097977596e-07, 2.45915316555e-07, 2.15253450619e-07, 1.70595512827e-07, 4.86209330575e-08, 8.29403390412e-09, 1.22506671474e-08, 1.87849593658e-06],
        "max": [0.000306729692966, 0.0474839061499, 0.0230826437473, 0.0324020758271, 0.0762205421925, 0.057320818305, 0.0324587449431, 0.0268400181085, 0.0232690051198, 0.0179758202285, 0.0977397561073, 0.0256921574473, 0.0340466797352, 0.010131216608, 0.00887219794095, 0.0152665870264, 0.0135746216401, 0.00912386924028, 0.0113504696637, 0.00914764031768, 0.0056022615172, 0.00691373785958, 0.00459315162152, 0.00272728200071, 0.00136893882882, 0.00113722367678, 0.0112817976624],
        "mean": [1.09370357677e-05, 0.00209579663351, 0.000876331934705, 0.000886202498805, 0.00219025695696, 0.001480013947, 0.00125630572438, 0.00144794571679, 0.00181683339179, 0.000853069184814, 0.000888298207428, 0.000566664384678, 0.000561404216569, 0.000549191143364, 0.000652399612591, 0.000725023797713, 0.000449380080681, 0.00058129162062, 0.000618096557446, 0.000675779185258, 0.000894622295164, 0.00107901566662, 0.000674294540659, 0.000360786070814, 8.56676051626e-05, 4.15644972236e-05, 0.000120931428683],
        "median": [2.52295694736e-06, 0.000128175044665, 0.000164097145898, 8.49632924655e-05, 0.000367807602743, 0.000352406786988, 0.00036618617014, 0.00051113369409, 0.000677080883179, 0.000362933380529, 0.000362485850928, 0.000317727332003, 0.000278960651485, 0.000333746720571, 0.000485279771965, 0.000558836909477, 0.000307729875203, 0.000428944185842, 0.000466096389573, 0.000555134785827, 0.000784378091339, 0.000936545489822, 0.000581743137445, 0.000232826758293, 4.98519038956e-05, 2.18666755245e-05, 1.56750411406e-05],
        "min": [3.46941657205e-24, 1.16132410598e-23, 5.10858157511e-24, 2.0589367445e-23, 2.62227714751e-23, 8.1101319229e-23, 3.96388941803e-23, 1.38791887897e-23, 6.23387611585e-23, 1.5111903861e-23, 7.73604713967e-23, 7.89235898141e-23, 4.89011782812e-23, 8.95304115973e-23, 8.29159580574e-23, 5.50311450075e-23, 1.46988919475e-22, 1.27530762791e-22, 1.94688523758e-22, 2.62026447935e-22, 3.16015911583e-22, 3.7135774788e-22, 6.13161058623e-22, 7.44172553407e-22, 9.30973906996e-22, 1.54225926896e-21, 2.30795386637e-21],
        "stdev": [2.15278887481e-05, 0.00450618704781, 0.00196545082144, 0.00201972783543, 0.00549995200709, 0.00398301100358, 0.00247312732972, 0.00208970764652, 0.00250145816244, 0.00145107426215, 0.00191363075282, 0.000815109116957, 0.000944745144807, 0.000686780083925, 0.000677499105223, 0.000715994043276, 0.000495634332765, 0.000557526131161, 0.000591291347519, 0.000533452723175, 0.000625849934295, 0.000803666247521, 0.000509497534949, 0.000359683122952, 0.000115728289529, 6.46475455142e-05, 0.000583104905672],
        "var": [4.63450000598e-10, 2.03057206818e-05, 3.862997346e-06, 4.07930019719e-06, 3.02494718198e-05, 1.58643779287e-05, 6.11635914538e-06, 4.36687832917e-06, 6.25729262538e-06, 2.10561665881e-06, 3.66198287338e-06, 6.64402875827e-07, 8.92543368991e-07, 4.71666879776e-07, 4.59005008224e-07, 5.12647488904e-07, 2.4565338208e-07, 3.10835389428e-07, 3.49625452145e-07, 2.84571825659e-07, 3.91688161017e-07, 6.45879481453e-07, 2.59587721985e-07, 1.29371954927e-07, 1.33930369017e-08, 4.17930490215e-09, 3.40011354183e-07]
    },
    "erbbands": {
        "dmean": [0.00666485540569, 0.129696965218, 0.363225191832, 0.860590338707, 3.30687904358, 5.45152854919, 6.03902626038, 9.92737579346, 13.758067131, 8.11886978149, 18.904586792, 16.041387558, 15.2242460251, 17.6712779999, 17.6706981659, 15.3647031784, 15.524312973, 16.2655544281, 15.0277557373, 21.035161972, 17.6830501556, 13.4557294846, 14.553068161, 12.5271730423, 13.1304683685, 11.3543348312, 12.0020112991, 9.53863143921, 8.55260848999, 9.22525691986, 5.61279773712, 2.92128396034, 0.996198058128, 0.473521083593, 0.217473238707, 0.0898024365306, 0.0500683113933, 0.0459689423442, 0.0350860804319, 0.00144159095362],
        "dmean2": [0.00901686865836, 0.181468456984, 0.536699056625, 1.24956166744, 4.98307275772, 8.4526309967, 9.14027404785, 14.5193147659, 20.8161525726, 12.6551437378, 28.8585453033, 25.0024051666, 23.8428287506, 27.6941623688, 28.3771457672, 24.3191738129, 24.023563385, 27.0319137573, 24.6646289825, 34.1241149902, 29.0043754578, 22.2331066132, 23.8862247467, 20.2884464264, 21.4100227356, 18.4726028442, 19.3928604126, 15.2407255173, 13.5606603622, 14.4864330292, 8.66081905365, 4.45097351074, 1.56417775154, 0.720044314861, 0.334313452244, 0.14110250771, 0.0853111669421, 0.0870839878917, 0.0687785968184, 0.00282491883263],
        "dvar": [0.000280760606984, 0.10692537576, 0.734054684639, 4.40781831741, 193.22303772, 252.059005737, 177.09413147, 1096.3515625, 1210.17138672, 236.362442017, 1056.46850586, 715.403015137, 1126.1472168, 1485.15844727, 1854.61450195, 867.500793457, 740.924072266, 708.424682617, 611.164489746, 721.688293457, 879.202087402, 582.774780273, 508.376708984, 341.867797852, 468.633666992, 187.514648438, 233.576385498, 124.956253052, 100.197761536, 162.18548584, 59.0088119507, 19.8289470673, 3.09199166298, 0.629724621773, 0.168385818601, 0.0436721518636, 0.0154807697982, 0.0337846241891, 0.0301291979849, 5.21545662195e-05],
        "dvar2": [0.0004844169016, 0.220817953348, 1.73816263676, 9.57643699646, 411.730407715, 515.392150879, 360.405029297, 2033.10522461, 2576.90966797, 567.720275879, 2158.54077148, 1619.22473145, 2557.95410156, 3178.79638672, 4545.04638672, 2100.96972656, 1448.45141602, 1885.47595215, 1685.74267578, 1903.30517578, 2612.96850586, 1844.34606934, 1484.98510742, 937.112182617, 1353.7043457, 508.772460938, 607.688354492, 304.581451416, 237.90826416, 372.07901001, 119.989685059, 40.5569801331, 7.61091947556, 1.41304552555, 0.378300637007, 0.119423270226, 0.0515559129417, 0.12489412725, 0.112703919411, 0.000196651031729],
        "max": [0.888018786907, 12.0892963409, 27.5408668518, 69.5046081543, 277.972473145, 277.72555542, 208.518768311, 667.496948242, 570.37677002, 366.520690918, 548.593383789, 480.881835938, 750.295898438, 1589.53527832, 2573.23217773, 1279.36303711, 1782.94494629, 644.937438965, 479.476013184, 696.218200684, 946.422912598, 695.241210938, 513.761779785, 359.964172363, 650.329711914, 265.203796387, 355.704406738, 269.033843994, 234.967453003, 192.024032593, 169.053726196, 99.5023193359, 38.7375564575, 19.3161849976, 7.79166793823, 3.62100815773, 2.56194543839, 5.14228200912, 3.0555896759, 0.116200581193],
        "mean": [0.0315452367067, 0.561584830284, 1.23914885521, 2.05625247955, 4.8575129509, 7.87742757797, 9.75593852997, 13.3102941513, 18.6969013214, 14.9780483246, 48.5028419495, 32.6536026001, 28.1993427277, 31.5853233337, 27.8368053436, 25.1257381439, 27.666677475, 29.0298976898, 28.4625225067, 41.0818481445, 33.8675460815, 26.9258728027, 30.4615936279, 28.0249328613, 33.211151123, 33.3650436401, 35.4771995544, 34.958152771, 35.7266273499, 30.7914848328, 20.07371521, 11.3484201431, 3.56154870987, 1.28953278065, 0.45074018836, 0.145913332701, 0.0816337168217, 0.0563839375973, 0.0267903245986, 0.00109849660657],
        "median": [0.00219610822387, 0.0398080796003, 0.24692684412, 0.416079550982, 0.698528468609, 1.24276399612, 2.12320041656, 3.00607299805, 5.2663359642, 7.23659181595, 14.8888425827, 13.5856971741, 12.8840456009, 16.4572029114, 13.9190397263, 14.1588373184, 14.568570137, 17.7176837921, 21.132610321, 32.9461402893, 27.0402126312, 18.1482257843, 22.5385379791, 21.2159519196, 25.2890625, 27.3282260895, 30.2844181061, 29.7688350677, 31.3771781921, 25.9873638153, 16.9715042114, 8.0983543396, 2.55386352539, 0.806272566319, 0.208534225821, 0.0665088221431, 0.041025582701, 0.0180900581181, 0.00254873558879, 0.000109814893221],
        "min": [3.84590315275e-22, 2.57848332609e-21, 5.89518899818e-21, 5.06134982403e-20, 1.04526548858e-19, 5.12850848872e-20, 3.80217549367e-19, 4.53904659489e-19, 4.75131975164e-19, 4.0855603337e-19, 5.56641680641e-19, 1.62071689446e-18, 1.52708170348e-18, 1.50767718368e-18, 3.55727740298e-18, 2.56953441609e-18, 3.19785046963e-18, 4.17345706258e-18, 4.03099629517e-18, 5.72079559208e-18, 3.8409230117e-18, 8.65965953423e-18, 7.33067393897e-18, 1.03694832194e-17, 8.99590018142e-18, 1.04638504652e-17, 1.19549345092e-17, 1.52438749351e-17, 1.37919843629e-17, 1.57116488802e-17, 1.53206505308e-17, 1.74690635747e-17, 1.1572377538e-17, 1.0646059329e-17, 5.91025138522e-18, 4.59906134007e-18, 2.90774375314e-18, 1.42528689275e-18, 3.14867385843e-19, 3.02215445116e-20],
        "stdev": [0.0676092728972, 1.20956265926, 2.56824350357, 4.12363672256, 16.1785449982, 18.7117919922, 18.6319618225, 41.0758934021, 41.4140434265, 23.4409198761, 73.5499191284, 42.5985374451, 49.8551139832, 58.178730011, 50.7137718201, 36.2033195496, 44.4578056335, 38.3375587463, 31.5602302551, 38.5990142822, 33.0038070679, 28.8447036743, 29.373336792, 25.7473831177, 31.479347229, 26.1378479004, 25.8748817444, 26.3327960968, 25.6602249146, 23.0634384155, 16.1642456055, 11.0565214157, 3.63387656212, 1.50319075584, 0.706473827362, 0.258223176003, 0.126693382859, 0.159763723612, 0.141921684146, 0.00590195134282],
        "var": [0.00457101361826, 1.46304190159, 6.59587526321, 17.0043811798, 261.745330811, 350.131195068, 347.149993896, 1687.22888184, 1715.12304688, 549.47668457, 5409.59082031, 1814.63525391, 2485.53222656, 3384.76464844, 2571.88647461, 1310.68029785, 1976.49633789, 1469.76855469, 996.048095703, 1489.88378906, 1089.25134277, 832.016906738, 862.792907715, 662.927734375, 990.949279785, 683.187133789, 669.509460449, 693.416137695, 658.447143555, 531.922180176, 261.282806396, 122.246673584, 13.2050580978, 2.25958251953, 0.499105244875, 0.0666792094707, 0.0160512141883, 0.0255244467407, 0.0201417636126, 3.48330286215e-05]
    },
    "gfcc": {
        "mean": [22.5639266968, 16.6861953735, -141.36428833, 23.3286342621, -74.8488388062, 4.76996326447, -28.9102783203, -4.4277510643, -12.6312637329, -1.96048378944, -16.5280094147, 0.221492767334, -13.4320344925],
        "cov": [[10443.4384766, 1514.5201416, -336.514984131, 1189.53564453, -392.337524414, 323.397247314, -209.449645996, 126.52256012, -65.58543396, -9.18413352966, -306.679931641, -198.208267212, -206.876434326], [1514.5201416, 2852.19140625, 561.963012695, 454.104980469, 242.178665161, 262.609466553, -66.4051742554, 241.634262085, -166.606735229, 31.7751846313, -61.4675140381, -3.09459114075, -50.8111915588], [-336.514984131, 561.963012695, 1170.2611084, 434.768249512, 365.110717773, 268.49029541, 125.934837341, 105.486061096, -58.7720794678, 59.1365509033, 18.9877281189, 49.0982170105, 2.41896748543], [1189.53564453, 454.104980469, 434.768249512, 736.765319824, 232.087463379, 241.123001099, 113.152908325, 108.254890442, -11.1623802185, 36.1395606995, -37.5527763367, -22.2569141388, -50.8969688416], [-392.337524414, 242.178665161, 365.110717773, 232.087463379, 380.001220703, 165.521484375, 124.892776489, 103.413215637, 13.5032939911, 37.6263504028, 24.1314716339, 22.4519672394, -0.25006467104], [323.397247314, 262.609466553, 268.49029541, 241.123001099, 165.521484375, 334.578063965, 89.3243942261, 127.66217041, 32.6771507263, 42.8224449158, -15.4644403458, -0.41090285778, -12.5371837616], [-209.449645996, -66.4051742554, 125.934837341, 113.152908325, 124.892776489, 89.3243942261, 234.587646484, 100.935546875, 79.0408172607, 34.3782310486, 23.1489219666, -2.26741313934, -20.9636230469], [126.52256012, 241.634262085, 105.486061096, 108.254890442, 103.413215637, 127.66217041, 100.935546875, 245.212844849, 88.9438476562, 84.7849731445, 2.04943156242, -3.93852233887, -23.2717075348], [-65.58543396, -166.606735229, -58.7720794678, -11.1623802185, 13.5032939911, 32.6771507263, 79.0408172607, 88.9438476562, 166.690124512, 69.5164718628, 37.6801300049, -11.0895366669, -0.724540829659], [-9.18413352966, 31.7751846313, 59.1365509033, 36.1395606995, 37.6263504028, 42.8224449158, 34.3782310486, 84.7849731445, 69.5164718628, 122.825157166, 56.0348930359, 30.9658031464, 6.63983488083], [-306.679931641, -61.4675140381, 18.9877281189, -37.5527763367, 24.1314716339, -15.4644403458, 23.1489219666, 2.04943156242, 37.6801300049, 56.0348930359, 117.917007446, 61.8414726257, 41.2317733765], [-198.208267212, -3.09459114075, 49.0982170105, -22.2569141388, 22.4519672394, -0.41090285778, -2.26741313934, -3.93852233887, -11.0895366669, 30.9658031464, 61.8414726257, 101.086257935, 49.1807556152], [-206.876434326, -50.8111915588, 2.41896748543, -50.8969688416, -0.25006467104, -12.5371837616, -20.9636230469, -23.2717075348, -0.724540829659, 6.63983488083, 41.2317733765, 49.1807556152, 76.9247512817]],
        "icov": [[0.000185306387721, -7.48649472371e-05, 0.000140591873787, -0.000411703804275, 0.000357364304364, -0.000127160572447, 0.000144033227116, 2.27487926168e-05, -8.30473945825e-05, -8.2069876953e-05, 0.000221340931603, -5.08387638547e-05, 0.000118814095913], [-7.48649472371e-05, 0.000560061424039, -0.000156979906023, 6.60417708787e-06, -0.000211756007047, -4.39572977484e-05, 0.000417319184635, -0.000814048806205, 0.000781264097895, 0.000108838576125, -0.000337804260198, 0.000183210824616, 9.94066358544e-05], [0.000140591873787, -0.000156979906023, 0.00162652530707, -0.000684079481289, -0.000607762194704, -0.000542309309822, -0.000246017298196, 0.000265041686362, 0.000806456257124, -0.000739231007174, 0.00018464110326, -0.000243332149694, -0.000178575370228], [-0.000411703804275, 6.60417708787e-06, -0.000684079481289, 0.00317276292481, -0.00127857283223, -0.000583954737522, -0.000800604349934, 0.000328144844389, 0.000433886336396, -0.000444668083219, 7.30956453481e-05, 0.000360903301043, 0.000572223041672], [0.000357364304364, -0.000211756007047, -0.000607762194704, -0.00127857283223, 0.00552802113816, -0.00103799742647, -0.00114663981367, -0.00074659101665, 0.000273256504443, 0.000445013807621, -0.000635284697637, -0.000154765250045, -0.000291576696327], [-0.000127160572447, -4.39572977484e-05, -0.000542309309822, -0.000583954737522, -0.00103799742647, 0.00524306064472, -0.000395614042645, -0.0013598947553, -0.000608120288234, -0.000142792778206, 0.00128018367104, -0.000294167344691, -0.000899918843061], [0.000144033227116, 0.000417319184635, -0.000246017298196, -0.000800604349934, -0.00114663981367, -0.000395614042645, 0.00762820011005, -0.00209077633917, -0.00260675977916, 0.0023595308885, -0.00179017090704, -0.000620333128609, 0.00264707091264], [2.27487926168e-05, -0.000814048806205, 0.000265041686362, 0.000328144844389, -0.00074659101665, -0.0013598947553, -0.00209077633917, 0.00932302605361, -0.00322213605978, -0.00466309068725, 0.00335384649225, -0.00101481063757, 0.000982155906968], [-8.30473945825e-05, 0.000781264097895, 0.000806456257124, 0.000433886336396, 0.000273256504443, -0.000608120288234, -0.00260675977916, -0.00322213605978, 0.0132466023788, -0.00487678311765, -0.00330542563461, 0.00545388273895, -0.00239841104485], [-8.2069876953e-05, 0.000108838576125, -0.000739231007174, -0.000444668083219, 0.000445013807621, -0.000142792778206, 0.0023595308885, -0.00466309068725, -0.00487678311765, 0.0175971928984, -0.00675314711407, -0.00338224391453, 0.00300793652423], [0.000221340931603, -0.000337804260198, 0.00018464110326, 7.30956453481e-05, -0.000635284697637, 0.00128018367104, -0.00179017090704, 0.00335384649225, -0.00330542563461, -0.00675314711407, 0.0189530923963, -0.00752801075578, -0.00364615442231], [-5.08387638547e-05, 0.000183210824616, -0.000243332149694, 0.000360903301043, -0.000154765250045, -0.000294167344691, -0.000620333128609, -0.00101481063757, 0.00545388273895, -0.00338224391453, -0.00752801075578, 0.0206523556262, -0.00911922752857], [0.000118814095913, 9.94066358544e-05, -0.000178575370228, 0.000572223041672, -0.000291576696327, -0.000899918843061, 0.00264707091264, 0.000982155906968, -0.00239841104485, 0.00300793652423, -0.00364615442231, -0.00911922752857, 0.0221423972398]]
    },
    "melbands": {
        "dmean": [9.63997736108e-05, 0.000176587331225, 0.000208728102734, 0.000315495213727, 0.00020758768369, 0.000218149463763, 0.000197868561372, 8.8803084509e-05, 0.000176459550858, 0.000101679273939, 7.78167304816e-05, 6.99452139088e-05, 7.47573867557e-05, 3.49776018993e-05, 4.71597159049e-05, 3.202973312e-05, 3.22395972034e-05, 2.42765381699e-05, 2.88122191705e-05, 3.30485672748e-05, 1.96920518647e-05, 1.45812819028e-05, 1.58497186931e-05, 1.26172699311e-05, 1.06383577076e-05, 1.12583757073e-05, 8.95889934327e-06, 8.11102836451e-06, 7.95604955783e-06, 6.85585837346e-06, 6.35348942524e-06, 5.10506697537e-06, 6.17302475803e-06, 5.14913153893e-06, 3.87134286939e-06, 2.32794377553e-06, 1.69660381744e-06, 7.86811426678e-07, 5.41842325674e-07, 3.95385910679e-07],
        "dmean2": [0.000131675886223, 0.000257671170402, 0.000305342982756, 0.000486702076159, 0.000313786760671, 0.000317418423947, 0.000300314859487, 0.000138472169056, 0.000269397656666, 0.000159002505825, 0.00012216498726, 0.000109531159978, 0.000119718722999, 5.57001985726e-05, 7.43105265428e-05, 5.12234946655e-05, 5.37529413123e-05, 4.03972990171e-05, 4.73677791888e-05, 5.30509350938e-05, 3.31964365614e-05, 2.44521124841e-05, 2.59039024968e-05, 2.0636129193e-05, 1.74076703843e-05, 1.84712080227e-05, 1.46720067278e-05, 1.32909317472e-05, 1.30050575535e-05, 1.11817344077e-05, 1.02360781966e-05, 8.18678654468e-06, 9.77601575869e-06, 8.22716174298e-06, 6.05558125244e-06, 3.62157220479e-06, 2.60667889052e-06, 1.2611250213e-06, 8.58378200519e-07, 6.04321826359e-07],
        "dvar": [5.8015675819e-08, 1.61546225286e-07, 3.81777340408e-07, 1.20509923818e-06, 2.02205129085e-07, 4.68198066983e-07, 2.28243976608e-07, 2.93347390823e-08, 1.01703449218e-07, 3.10825640781e-08, 2.84297030362e-08, 2.12854605053e-08, 4.076873239e-08, 3.15507642235e-09, 1.17670175825e-08, 3.12238501721e-09, 3.00941604969e-09, 1.68548464075e-09, 1.55358403919e-09, 1.78169068388e-09, 1.40092493162e-09, 6.61529109269e-10, 9.12174724643e-10, 3.09251096953e-10, 2.56970472678e-10, 3.41285139038e-10, 2.21574161796e-10, 9.05551744701e-11, 1.05553565888e-10, 6.8221255034e-11, 5.64829537308e-11, 3.5529457848e-11, 5.71396090165e-11, 5.61780934272e-11, 2.76467633509e-11, 1.02867124541e-11, 7.02096930941e-12, 1.83981497572e-12, 8.49383877035e-13, 4.84046938816e-13],
        "dvar2": [1.10004755527e-07, 3.67584050309e-07, 8.36720005282e-07, 2.46216632149e-06, 4.04077809435e-07, 8.63990351263e-07, 4.91447224249e-07, 7.00146287613e-08, 2.05822829002e-07, 7.20379276231e-08, 6.4610787831e-08, 4.5887201594e-08, 9.555486713e-08, 7.41591055231e-09, 2.71784852401e-08, 6.64858212929e-09, 7.98824384418e-09, 4.68746241822e-09, 4.29570556904e-09, 4.5649843905e-09, 4.27093338473e-09, 2.0457269212e-09, 2.69389421881e-09, 8.53551118674e-10, 7.01321112295e-10, 9.73015112926e-10, 6.30005214663e-10, 2.45622272521e-10, 2.76769662744e-10, 1.78235190496e-10, 1.36526220884e-10, 8.88925599796e-11, 1.30566460421e-10, 1.3178599878e-10, 5.87096898874e-11, 2.13921658165e-11, 1.44592610454e-11, 4.59262402414e-12, 2.10171181673e-12, 1.05758457547e-12],
        "max": [0.011659800075, 0.0113425692543, 0.0120080793276, 0.0186809916049, 0.00625981111079, 0.0129721658304, 0.00759420637041, 0.00405382644385, 0.00539993681014, 0.00282280799001, 0.00363632524386, 0.00590077508241, 0.0132264653221, 0.0012340832036, 0.00530577078462, 0.0034060224425, 0.00109107000753, 0.000876787060406, 0.000577525701374, 0.000681516830809, 0.00123560940847, 0.000629020039923, 0.00080068979878, 0.0003000277502, 0.00031110519194, 0.000529857352376, 0.000519654888194, 0.000148694569361, 0.000219715147978, 0.000145899626659, 0.000205892196391, 0.000113232264994, 0.00018012743385, 0.000104180347989, 0.000108355190605, 6.00826024311e-05, 5.57373095944e-05, 2.91217620543e-05, 1.7341448256e-05, 1.93012037926e-05],
        "mean": [0.000451004772913, 0.000698030693457, 0.000427223480074, 0.000473532389151, 0.000344418484019, 0.000298967293929, 0.000275608268566, 0.000162170035765, 0.000451663363492, 0.000191554485355, 0.000140764386742, 0.000126938466565, 0.00010829657549, 5.82705870329e-05, 7.18636292731e-05, 5.48964890186e-05, 5.33462116437e-05, 4.1941741074e-05, 5.1527069445e-05, 5.91816242377e-05, 3.44866784872e-05, 2.62682351604e-05, 3.07022164634e-05, 2.46161544055e-05, 2.17583474296e-05, 2.58439777099e-05, 2.20092497329e-05, 2.1921685402e-05, 2.1434005248e-05, 1.96915261768e-05, 2.15053714783e-05, 1.85493881872e-05, 2.31115573115e-05, 1.43362904055e-05, 1.25351216411e-05, 8.17041382106e-06, 6.34639991404e-06, 2.56115390584e-06, 1.50213645611e-06, 9.41765506468e-07],
