{
"highlevel": {
    "danceability": {
        "all": {
            "danceable": 0.0192563049495,
            "not_danceable": 0.980743706226
        },
        "probability": 0.980743706226,
        "value": "not_danceable"
    },
    "gender": {
        "all": {
            "female": 0.99225705862,
            "male": 0.00774292647839
        },
        "probability": 0.99225705862,
        "value": "female"
    },
    "genre_electronic": {
        "all": {
            "ambient": 0.983396232128,
            "dnb": 0.00156114867423,
            "house": 0.00692667067051,
            "techno": 0.00261960900389,
            "trance": 0.00549631007016
        },
        "probability": 0.983396232128,
        "value": "ambient"
    },
    "mood_acoustic": {
        "all": {
            "acoustic": 0.96487736702,
            "not_acoustic": 0.0351226367056
        },
        "probability": 0.96487736702,
        "value": "acoustic"
    },
    "mood_aggressive": {
        "all": {
            "aggressive": 0.000356260803528,
            "not_aggressive": 0.999643743038
        },
        "probability": 0.999643743038,
        "value": "not_aggressive"
    },
    "mood_electronic": {
        "all": {
            "electronic": 0.0484062582254,
            "not_electronic": 0.951593756676
        },
        "probability": 0.951593756676,
        "value": "not_electronic"
    },
    "mood_happy": {
        "all": {
            "happy": 0.944078564644,
            "not_happy": 0.0559214241803
        },
        "probability": 0.944078564644,
        "value": "happy"
    },
    "mood_party": {
        "all": {
            "not_party": 0.993216574192,
            "party": 0.00678340345621
        },
        "probability": 0.993216574192,
        "value": "not_party"
    },
    "mood_relaxed": {
        "all": {
            "not_relaxed": 0.200093969703,
            "relaxed": 0.799906015396
        },
        "probability": 0.799906015396,
        "value": "relaxed"
    },
    "mood_sad": {
        "all": {
            "not_sad": 0.0776882693172,
            "sad": 0.922311723232
        },
        "probability": 0.922311723232,
        "value": "sad"
    },
    "moods_mirex": {
        "all": {
            "Cluster1": 0.0577588938177,
            "Cluster2": 0.121093206108,
            "Cluster3": 0.251288771629,
            "Cluster4": 0.56172478199,
            "Cluster5": 0.00813435018063
        },
        "probability": 0.56172478199,
        "value": "Cluster4"
    },
    "timbre": {
        "all": {
            "bright": 0.70472162962,
            "dark": 0.29527837038
        },
        "probability": 0.70472162962,
        "value": "bright"
    },
    "tonal_atonal": {
        "all": {
            "atonal": 0.165962219238,
            "tonal": 0.834037780762
        },
        "probability": 0.834037780762,
        "value": "tonal"
    },
    "voice_instrumental": {
        "all": {
            "instrumental": 0.940999150276,
            "voice": 0.0590008422732
        },
        "probability": 0.940999150276,
        "value": "instrumental"
    }
},
"lowlevel": {
    "average_loudness": 0.524150788784,
    "barkbands_crest": {
        "dmean": 2.95737886429,
        "dmean2": 4.67015838623,
        "dvar": 6.85589122772,
        "dvar2": 16.9905872345,
        "max": 26.8866691589,
        "mean": 14.6784687042,
        "median": 14.2516613007,
        "min": 2.58695292473,
        "stdev": 5.53804922104,
        "var": 30.6699905396
    },
    "barkbands_flatness_db": {
        "dmean": 0.0251314062625,
        "dmean2": 0.0383886881173,
        "dvar": 0.000577431346755,
        "dvar2": 0.00128983345348,
        "max": 0.592453420162,
        "mean": 0.277729064226,
        "median": 0.310305416584,
        "min": 0.0165183041245,
        "stdev": 0.128842309117,
        "var": 0.0166003387421
    },
    "barkbands_kurtosis": {
        "dmean": 4.52157926559,
        "dmean2": 7.09802103043,
        "dvar": 122.380149841,
        "dvar2": 277.755859375,
        "max": 608.210754395,
        "mean": 6.88348817825,
        "median": 2.42554044724,
        "min": -1.86538827419,
        "stdev": 16.0092506409,
        "var": 256.296081543
    },
    "barkbands_skewness": {
        "dmean": 0.68788254261,
        "dmean2": 1.07227981091,
        "dvar": 0.486057698727,
        "dvar2": 1.11149311066,
        "max": 17.0917625427,
        "mean": 0.69975477457,
        "median": 0.639606833458,
        "min": -7.15551137924,
        "stdev": 1.66180622578,
        "var": 2.76160001755
    },
    "barkbands_spread": {
        "dmean": 2.50288319588,
        "dmean2": 4.04774856567,
        "dvar": 12.9221115112,
        "dvar2": 35.4646148682,
        "max": 94.712638855,
        "mean": 10.7123193741,
        "median": 4.81960248947,
        "min": 0.0533892251551,
        "stdev": 15.6710224152,
        "var": 245.580932617
    },
    "dissonance": {
        "dmean": 0.0492174401879,
        "dmean2": 0.0841181799769,
        "dvar": 0.00243460363708,
        "dvar2": 0.00687593221664,
        "max": 0.5,
        "mean": 0.398558199406,
        "median": 0.411531329155,
        "min": 0.0688196197152,
        "stdev": 0.0769465342164,
        "var": 0.0059207691811
    },
    "dynamic_complexity": 9.75035095215,
    "erbbands_crest": {
        "dmean": 3.49983358383,
        "dmean2": 5.52147722244,
        "dvar": 11.026219368,
        "dvar2": 27.3621940613,
        "max": 33.5985946655,
        "mean": 17.7904663086,
        "median": 17.8744392395,
        "min": 2.41240429878,
        "stdev": 7.41868925095,
        "var": 55.0369491577
    },
    "erbbands_flatness_db": {
        "dmean": 0.0220806226134,
        "dmean2": 0.0335711017251,
        "dvar": 0.000458782247733,
        "dvar2": 0.00103936810046,
        "max": 0.611698210239,
        "mean": 0.329829752445,
        "median": 0.372033447027,
        "min": 0.0541534870863,
        "stdev": 0.13129298389,
        "var": 0.0172378495336
    },
    "erbbands_kurtosis": {
        "dmean": 3.87309145927,
        "dmean2": 6.07693004608,
        "dvar": 44.8673286438,
        "dvar2": 111.984329224,
        "max": 144.368591309,
        "mean": 6.13241386414,
        "median": 2.39518260956,
        "min": -1.84038507938,
        "stdev": 11.0685567856,
        "var": 122.512947083
    },
    "erbbands_skewness": {
        "dmean": 0.638988792896,
        "dmean2": 0.981792867184,
        "dvar": 0.398334771395,
        "dvar2": 0.931043624878,
        "max": 8.93700313568,
        "mean": 0.48300036788,
        "median": 0.36997461319,
        "min": -7.00592327118,
        "stdev": 1.51954245567,
        "var": 2.30900931358
    },
    "erbbands_spread": {
        "dmean": 3.65443873405,
        "dmean2": 5.94401741028,
        "dvar": 27.6152591705,
        "dvar2": 75.8639678955,
        "max": 101.822753906,
        "mean": 13.7974147797,
        "median": 7.27366495132,
        "min": 0.22442792356,
        "stdev": 16.5299301147,
        "var": 273.238616943
    },
    "hfc": {
        "dmean": 3.57860612869,
        "dmean2": 5.18514156342,
        "dvar": 112.013031006,
        "dvar2": 235.919189453,
        "max": 159.438095093,
        "mean": 7.70691108704,
        "median": 3.272377491,
        "min": 1.08440949703e-16,
        "stdev": 14.270149231,
        "var": 203.637161255
    },
    "loudness_ebu128": {
        "integrated": -17.2877426147,
        "loudness_range": 7.03069496155,
        "momentary": {
            "dmean": 0.934310019016,
            "dmean2": 1.04824090004,
            "dvar": 1.78326678276,
            "dvar2": 2.59876012802,
            "max": -10.9038133621,
            "mean": -23.6774482727,
            "median": -19.2850914001,
            "min": -90.5026321411,
            "stdev": 14.7371082306,
            "var": 217.182373047
        },
        "short_term": {
            "dmean": 0.180774435401,
            "dmean2": 0.150448203087,
            "dvar": 0.0621483437717,
            "dvar2": 0.0580381304026,
            "max": -13.9711036682,
            "mean": -22.0161495209,
            "median": -18.0133247375,
            "min": -87.2266616821,
            "stdev": 13.3750581741,
            "var": 178.892181396
        }
    },
    "melbands_crest": {
        "dmean": 3.51159477234,
        "dmean2": 5.55900430679,
        "dvar": 9.44389724731,
        "dvar2": 22.2925109863,
        "max": 34.957862854,
        "mean": 17.6485671997,
        "median": 16.6625118256,
        "min": 1.53969442844,
        "stdev": 6.48148059845,
        "var": 42.0095901489
    },
    "melbands_flatness_db": {
        "dmean": 0.0262944437563,
        "dmean2": 0.0393762215972,
        "dvar": 0.000699087162502,
        "dvar2": 0.00150285114069,
        "max": 0.710807859898,
        "mean": 0.335410237312,
        "median": 0.356062918901,
        "min": 0.00407477840781,
        "stdev": 0.136901453137,
        "var": 0.0187420081347
    },
    "melbands_kurtosis": {
        "dmean": 4.27301025391,
        "dmean2": 6.81815814972,
        "dvar": 54.6146850586,
        "dvar2": 121.703315735,
        "max": 228.307861328,
        "mean": 6.63310146332,
        "median": 2.79057455063,
        "min": -1.93717706203,
        "stdev": 12.5993623734,
        "var": 158.743927002
    },
    "melbands_skewness": {
        "dmean": 0.700407922268,
        "dmean2": 1.11050069332,
        "dvar": 0.453083604574,
        "dvar2": 1.09588181973,
        "max": 11.0093784332,
        "mean": 0.783418476582,
        "median": 0.629874229431,
        "min": -5.90053892136,
        "stdev": 1.65209531784,
        "var": 2.729418993
    },
    "melbands_spread": {
        "dmean": 4.19792556763,
        "dmean2": 6.84580945969,
        "dvar": 33.1542510986,
        "dvar2": 95.2738265991,
        "max": 151.821884155,
        "mean": 14.518327713,
        "median": 9.31749916077,
        "min": 0.295046538115,
        "stdev": 17.2237854004,
        "var": 296.658782959
    },
    "pitch_salience": {
        "dmean": 0.0693826302886,
        "dmean2": 0.110772013664,
        "dvar": 0.00380919617601,
        "dvar2": 0.0094243651256,
        "max": 0.978985309601,
        "mean": 0.470687717199,
        "median": 0.466510176659,
        "min": 0.043902028352,
        "stdev": 0.135120868683,
        "var": 0.0182576496154
    },
    "silence_rate_20dB": {
        "dmean": 0,
        "dmean2": 0,
        "dvar": 0,
        "dvar2": 0,
        "max": 1,
        "mean": 1,
        "median": 1,
        "min": 1,
        "stdev": 0,
        "var": 0
    },
    "silence_rate_30dB": {
        "dmean": 0.0237738676369,
        "dmean2": 0.0475521869957,
        "dvar": 0.0232081245631,
        "dvar2": 0.0580191165209,
        "max": 1,
        "mean": 0.98137575388,
        "median": 1,
        "min": 0,
        "stdev": 0.135198518634,
        "var": 0.0182786397636
    },
    "silence_rate_60dB": {
        "dmean": 0.0683264657855,
        "dmean2": 0.136665731668,
        "dvar": 0.0636498332024,
        "dvar2": 0.136710315943,
        "max": 1,
        "mean": 0.437903612852,
        "median": 0,
        "min": 0,
        "stdev": 0.496118873358,
        "var": 0.246133923531
    },
    "spectral_centroid": {
        "dmean": 118.628898621,
        "dmean2": 191.441345215,
        "dvar": 33989.34375,
        "dvar2": 83318.640625,
        "max": 11435.7578125,
        "mean": 943.32623291,
        "median": 780.901916504,
        "min": 224.692611694,
        "stdev": 604.043457031,
        "var": 364868.5
    },
    "spectral_complexity": {
        "dmean": 1.13646578789,
        "dmean2": 1.90901434422,
        "dvar": 1.63395154476,
        "dvar2": 4.10235118866,
        "max": 32,
        "mean": 5.52456712723,
        "median": 5,
        "min": 0,
        "stdev": 3.41702461243,
        "var": 11.6760578156
    },
    "spectral_decrease": {
        "dmean": 1.5812813281e-09,
        "dmean2": 2.33308705688e-09,
        "dvar": 2.63958445442e-17,
        "dvar2": 6.11524965391e-17,
        "max": 1.73348909841e-28,
        "mean": -3.0547131491e-09,
        "median": -9.71599023458e-10,
        "min": -6.41508961507e-08,
        "stdev": 6.38255936991e-09,
        "var": 4.07370635989e-17
    },
    "spectral_energy": {
        "dmean": 0.00628433329985,
        "dmean2": 0.00925603415817,
        "dvar": 0.000412712921388,
        "dvar2": 0.000951871799771,
        "max": 0.254759639502,
        "mean": 0.0122281936929,
        "median": 0.00397808104753,
        "min": 1.00495893219e-20,
        "stdev": 0.0253491494805,
        "var": 0.000642579398118
    },
    "spectral_energyband_high": {
        "dmean": 6.99086422173e-06,
        "dmean2": 1.17578765639e-05,
        "dvar": 6.07983996481e-10,
        "dvar2": 1.68380498433e-09,
        "max": 0.00130202330183,
        "mean": 2.09008394449e-05,
        "median": 7.00511066043e-07,
        "min": 7.28278730301e-21,
        "stdev": 5.06358737766e-05,
        "var": 2.56399168563e-09
    },
    "spectral_energyband_low": {
        "dmean": 0.00034110218985,
        "dmean2": 0.000574402918573,
        "dvar": 1.79909955023e-06,
        "dvar2": 4.61464696855e-06,
        "max": 0.0206362847239,
        "mean": 0.000344211759511,
        "median": 2.06136755878e-05,
        "min": 1.96515380465e-23,
        "stdev": 0.00133749959059,
        "var": 1.7889051378e-06
    },
    "spectral_energyband_middle_high": {
        "dmean": 0.00174928398337,
        "dmean2": 0.00258778966963,
        "dvar": 3.89690285374e-05,
        "dvar2": 7.83429786679e-05,
        "max": 0.103975728154,
        "mean": 0.00288158794865,
        "median": 0.000912859279197,
        "min": 1.38191598196e-21,
        "stdev": 0.00781084923074,
        "var": 6.10093666182e-05
    },
    "spectral_energyband_middle_low": {
        "dmean": 0.00519083160907,
        "dmean2": 0.00774436164647,
        "dvar": 0.000333177886205,
        "dvar2": 0.000786710879765,
        "max": 0.232522249222,
        "mean": 0.00966110918671,
        "median": 0.0021412470378,
        "min": 1.6171548845e-22,
        "stdev": 0.0224746894091,
        "var": 0.000505111704115
    },
    "spectral_entropy": {
        "dmean": 0.189453199506,
        "dmean2": 0.281075626612,
        "dvar": 0.0359627120197,
        "dvar2": 0.0744575485587,
        "max": 9.82170009613,
        "mean": 6.40196704865,
        "median": 6.11147165298,
        "min": 3.9218108654,
        "stdev": 1.07102763653,
        "var": 1.14710021019
    },
    "spectral_flux": {
        "dmean": 0.0171754788607,
        "dmean2": 0.0267759989947,
        "dvar": 0.00153857609257,
        "dvar2": 0.00335891963914,
        "max": 0.447806298733,
        "mean": 0.0386805683374,
        "median": 0.0262515489012,
        "min": 6.57996296338e-11,
        "stdev": 0.0512999743223,
        "var": 0.00263168732636
    },
    "spectral_kurtosis": {
        "dmean": 17.3348369598,
        "dmean2": 29.4096336365,
        "dvar": 866.307006836,
        "dvar2": 2424.68457031,
        "max": 596.921691895,
        "mean": 50.4852485657,
        "median": 25.9153289795,
        "min": -1.23830676079,
        "stdev": 62.2146072388,
        "var": 3870.6574707
    },
    "spectral_rms": {
        "dmean": 0.000584227906074,
        "dmean2": 0.000810411002021,
        "dvar": 1.48621427343e-06,
        "dvar2": 3.06435140374e-06,
        "max": 0.0157653409988,
        "mean": 0.00256506958976,
        "median": 0.00197003921494,
        "min": 3.13121035177e-12,
        "stdev": 0.0023130713962,
        "var": 5.35029903403e-06
    },
    "spectral_rolloff": {
        "dmean": 212.068252563,
        "dmean2": 372.644104004,
        "dvar": 186856.65625,
        "dvar2": 504594.5625,
        "max": 19272.2167969,
        "mean": 1409.22277832,
        "median": 1033.59375,
        "min": 172.265625,
        "stdev": 1873.9041748,
        "var": 3511517
    },
    "spectral_skewness": {
        "dmean": 0.891335129738,
        "dmean2": 1.53028869629,
        "dvar": 1.29246747494,
        "dvar2": 3.6440243721,
        "max": 18.0690937042,
        "mean": 4.55826425552,
        "median": 3.70080375671,
        "min": -0.0257746204734,
        "stdev": 3.01415657997,
        "var": 9.0851392746
    },
    "spectral_spread": {
        "dmean": 399451,
        "dmean2": 685285.4375,
        "dvar": 326840352768,
        "dvar2": 732780363776,
        "max": 41607488,
        "mean": 3003413.25,
        "median": 1730827.625,
        "min": 178712.890625,
        "stdev": 2646971.25,
        "var": 7.00645690573e+12
    },
    "spectral_strongpeak": {
        "dmean": 0.494225084782,
        "dmean2": 0.744319617748,
        "dvar": 0.709010004997,
        "dvar2": 1.62220859528,
        "max": 12.1178483963,
        "mean": 1.49582767487,
        "median": 1.12183439732,
        "min": 0,
        "stdev": 1.45707881451,
        "var": 2.12307882309
    },
    "zerocrossingrate": {
        "dmean": 0.00495045166463,
        "dmean2": 0.00630382401869,
        "dvar": 4.57227761217e-05,
        "dvar2": 7.39507158869e-05,
        "max": 0.537109375,
        "mean": 0.0554147362709,
        "median": 0.0390625,
        "min": 0.009765625,
        "stdev": 0.0563418194652,
        "var": 0.00317440042272
    },
    "barkbands": {
        "dmean": [6.36688469058e-07, 1.08980675577e-05, 9.3053735327e-05, 0.000779829511885, 0.00159603357315, 0.000297765160212, 0.000556778744794, 0.00128102255985, 0.00116068997886, 0.00112564815208, 0.000536865263712, 0.000249755481491, 0.000222152797505, 0.000163177377544, 1.33866406031e-05, 8.3121640273e-06, 5.50134245714e-06, 3.13277973873e-06, 2.37783001467e-06, 2.12837971958e-06, 1.27531109229e-06, 1.68001974998e-06, 1.40074348565e-06, 8.4982076487e-07, 1.27432826957e-06, 1.11349947929e-06, 6.91357371352e-08],
        "dmean2": [1.09398729364e-06, 1.9033508579e-05, 0.00015911704395, 0.00139110710006, 0.00282576889731, 0.000474516680697, 0.000561005435884, 0.00187790358905, 0.00172757881228, 0.00161481043324, 0.000825797615107, 0.000395445036702, 0.000362246588338, 0.00026605365565, 2.29536763072e-05, 1.44337782331e-05, 9.63743605098e-06, 5.42410725757e-06, 4.19688376496e-06, 3.62387640962e-06, 2.1735061182e-06, 2.82410951513e-06, 2.38160805566e-06, 1.44106013522e-06, 2.14420492739e-06, 1.89858201338e-06, 1.20094000522e-07],
        "dvar": [3.04593134569e-12, 1.42693135086e-09, 9.79829621883e-08, 1.32014283736e-05, 3.73570146621e-05, 1.49730067278e-06, 4.36407708548e-06, 3.82661019103e-05, 3.16216537612e-05, 5.26443000126e-05, 6.23135565547e-06, 1.71673900695e-06, 5.80762105074e-07, 3.29270619659e-07, 1.45677270247e-09, 8.98312035869e-10, 5.86370452194e-10, 2.2686204304e-10, 1.05970218711e-10, 6.86563722541e-11, 1.78350181845e-11, 5.21647586238e-11, 3.13136357122e-11, 1.09119449587e-11, 2.03219021472e-11, 1.27657910284e-11, 5.84900034764e-14],
        "dvar2": [8.45727481102e-12, 3.86784115847e-09, 2.4560000611e-07, 3.74700321117e-05, 0.000104679740616, 3.36276434609e-06, 4.1910670916e-06, 8.49740681588e-05, 7.48469683458e-05, 0.000100824297988, 1.34703368531e-05, 3.9716842366e-06, 1.39970745749e-06, 8.39753511173e-07, 4.17171630573e-09, 2.56769250306e-09, 1.74115888374e-09, 6.42792485905e-10, 3.16255438504e-10, 1.89568694076e-10, 5.04284669578e-11, 1.4125438319e-10, 8.44917399934e-11, 2.92932483825e-11, 5.71685129791e-11, 3.63748788035e-11, 1.76008079639e-13],
        "max": [3.19994833262e-05, 0.000550478172954, 0.00908605288714, 0.0504760071635, 0.0792271345854, 0.0806122422218, 0.143326729536, 0.120236322284, 0.124556407332, 0.156388193369, 0.0573650822043, 0.0317254886031, 0.0425586253405, 0.0207394827157, 0.00131392607, 0.00171861972194, 0.00090899906354, 0.000962410471402, 0.000457549700513, 0.000340766593581, 0.000129927895614, 0.000360642676242, 0.000293643708574, 0.000200828202651, 0.000200002337806, 0.000118668693176, 8.47633600642e-06],
        "mean": [6.32051694538e-07, 1.05931840153e-05, 9.84652433544e-05, 0.000658126838971, 0.00137783878017, 0.000379683042411, 0.00140504131559, 0.0030334435869, 0.00196429714561, 0.00168812228367, 0.000711232947651, 0.000318971986417, 0.000290317519102, 0.000217515233089, 1.94663116417e-05, 1.25451597341e-05, 9.15998407436e-06, 5.77891705689e-06, 4.26593669545e-06, 4.07745619668e-06, 2.88847786578e-06, 3.84053282687e-06, 3.06956667373e-06, 2.05963397093e-06, 3.45842045135e-06, 3.19410605698e-06, 1.15552680313e-07],
        "median": [5.6996210418e-08, 1.08345818717e-06, 6.67125777909e-06, 2.68164549198e-05, 7.65121512813e-05, 2.32638594753e-05, 6.90581800882e-05, 0.00018455539248, 0.000146249542013, 4.25030848419e-05, 6.28963098279e-05, 3.59199766535e-05, 3.43253559549e-05, 1.69370705407e-05, 3.9414812818e-06, 1.80842539521e-06, 1.45687420172e-06, 5.93955519435e-07, 5.35303854576e-07, 3.17320086651e-07, 1.77430280246e-07, 7.72330182031e-08, 4.18133403457e-08, 1.69550951057e-08, 7.7415940325e-09, 3.51254492159e-09, 9.56659085283e-10],
        "min": [2.12774994901e-24, 2.81625946405e-24, 4.22134458741e-24, 3.62119025477e-24, 1.96398092625e-23, 2.16884084582e-23, 1.39775345011e-23, 1.34042235273e-23, 1.53631623702e-23, 2.36868518775e-23, 2.49629053892e-23, 3.96903216004e-23, 4.78522867335e-23, 4.65471289876e-23, 3.24268153958e-23, 9.61505070704e-23, 9.6032379883e-23, 1.18690269995e-22, 1.77979326448e-22, 2.92619584555e-22, 3.73793144511e-22, 3.70255564045e-22, 4.24507636334e-22, 7.53141131971e-22, 9.26281636114e-22, 1.57298935183e-21, 1.91462403249e-21],
        "stdev": [1.70527550836e-06, 3.44235122611e-05, 0.000333338510245, 0.00312560843304, 0.00529677374288, 0.0019126967527, 0.0052113076672, 0.00909524224699, 0.00749741494656, 0.00917633902282, 0.00289784744382, 0.00145860470366, 0.000885450222995, 0.000727442733478, 4.730096407e-05, 3.38978097716e-05, 2.67321520369e-05, 1.69369996001e-05, 1.17028712339e-05, 1.10861301437e-05, 7.33337128622e-06, 1.18501084216e-05, 9.05798879103e-06, 5.71419650441e-06, 8.51143067848e-06, 7.52131199988e-06, 3.09256932951e-07],
        "var": [2.90796445084e-12, 1.18497811563e-09, 1.11114559331e-07, 9.76942828856e-06, 2.80558142549e-05, 3.65840878658e-06, 2.71577282547e-05, 8.27234398457e-05, 5.62112290936e-05, 8.42051958898e-05, 8.39752010506e-06, 2.12752752304e-06, 7.84022120115e-07, 5.29172893948e-07, 2.23738116922e-09, 1.14906162363e-09, 7.14607983898e-10, 2.86861978616e-10, 1.36957195584e-10, 1.22902271693e-10, 5.37783359511e-11, 1.40425060469e-10, 8.20471537932e-11, 3.26520442628e-11, 7.24444462752e-11, 5.65701339938e-11, 9.56398588797e-14]
    },
    "erbbands": {
        "dmean": [0.000172173415194, 0.00394246866927, 0.0771766453981, 1.27352190018, 5.02113723755, 5.04227399826, 3.69962573051, 2.08483505249, 8.07191467285, 13.7681751251, 29.4532012939, 31.9036006927, 30.593000412, 24.2025356293, 23.9534778595, 12.5345745087, 11.614941597, 8.91844272614, 1.80747187138, 0.712691426277, 0.376481801271, 0.268842309713, 0.188786581159, 0.134542346001, 0.103932589293, 0.108683779836, 0.0618960484862, 0.0475538857281, 0.0540358386934, 0.0681876912713, 0.0352467373013, 0.0181184075773, 0.0152182914317, 0.0137421963736, 0.0106162596494, 0.0059255301021, 0.00199743243866, 0.000313667900627, 1.07399328044e-05, 7.35023968446e-06],
        "dmean2": [0.000295109522995, 0.00676381634548, 0.130321532488, 2.19293928146, 9.01882362366, 8.8285150528, 6.09633255005, 3.16086387634, 7.85585832596, 18.3741550446, 45.2578697205, 46.4521026611, 43.3731613159, 35.5093002319, 36.1956939697, 19.6490879059, 18.8490753174, 14.6122617722, 2.94631505013, 1.22598767281, 0.65518206358, 0.471372485161, 0.32900929451, 0.234478235245, 0.181522250175, 0.184906125069, 0.107062108815, 0.0806153640151, 0.0908576026559, 0.115321345627, 0.0600484572351, 0.0308022145182, 0.0256581101567, 0.0232335403562, 0.0179694965482, 0.0101083824411, 0.00342291034758, 0.000541805464309, 1.75691748154e-05, 1.08657413875e-05],
        "dvar": [2.45160975965e-07, 0.000178975402378, 0.0712265819311, 30.7823524475, 492.37322998, 389.028411865, 211.347488403, 64.0120010376, 1027.74084473, 3800.79907227, 23431.03125, 23022.0820312, 54584.0625, 26174.046875, 10172.2285156, 4153.37451172, 1448.01977539, 946.18560791, 27.1724796295, 5.44828605652, 2.34714198112, 1.64464950562, 0.851063907146, 0.336601108313, 0.173583269119, 0.190833717585, 0.0419789552689, 0.0289939809591, 0.0474428385496, 0.0954388380051, 0.0199597049505, 0.00478221010417, 0.00360973551869, 0.00263046100736, 0.00131161208265, 0.000400762888603, 3.70614943677e-05, 1.03959882836e-06, 6.90797474778e-10, 5.23363852256e-10],
        "dvar2": [6.53232063996e-07, 0.000464167824248, 0.175152301788, 83.5800170898, 1411.22766113, 1077.77294922, 557.717651367, 131.841323853, 987.106506348, 7512.94433594, 57059.328125, 53267.8046875, 101694.234375, 51889.7304688, 21726.25, 9520.19140625, 3475.40722656, 2432.59936523, 68.4075317383, 16.0146179199, 6.84032440186, 4.90338802338, 2.3967063427, 1.01698589325, 0.504835426807, 0.532892882824, 0.121828824282, 0.0818063095212, 0.125571712852, 0.258444726467, 0.0558940172195, 0.0129785910249, 0.00960502028465, 0.00738846324384, 0.00369180110283, 0.00113568850793, 0.000108210297185, 3.06503966385e-06, 1.95711646889e-09, 1.20029042261e-09],
        "max": [0.00667885318398, 0.277702748775, 6.83668661118, 77.5853118896, 271.490020752, 219.662765503, 367.097381592, 607.314819336, 2155.41162109, 1148.13220215, 3315.42578125, 3502.32788086, 5824.40771484, 3706.71972656, 1836.48669434, 1628.86584473, 2088.69140625, 1086.05493164, 192.438079834, 69.3801498413, 85.3762664795, 51.7817077637, 59.1565132141, 21.2707519531, 19.1183509827, 17.5605792999, 6.63947534561, 6.4173002243, 9.19150543213, 19.0620365143, 5.57443857193, 3.03853201866, 3.83671045303, 2.06124448776, 1.62259066105, 0.740845263004, 0.194755867124, 0.0380241051316, 0.000747693586163, 0.000290611904347],
        "mean": [0.000182935604244, 0.0043498435989, 0.0879628807306, 1.16560196877, 4.06765651703, 4.29492330551, 4.0762348175, 3.13460159302, 20.498966217, 37.81199646, 57.7386474609, 58.096660614, 45.8632850647, 36.75025177, 33.6490859985, 17.7196865082, 15.7320547104, 12.2461576462, 2.66942572594, 1.09200751781, 0.622398853302, 0.474222868681, 0.351447314024, 0.247516781092, 0.200357109308, 0.201652705669, 0.133934751153, 0.107941813767, 0.125419288874, 0.142378225923, 0.0775732323527, 0.0429793819785, 0.0360418446362, 0.0343729108572, 0.0270090214908, 0.0151903741062, 0.00548299122602, 0.000815733452328, 2.68791955023e-05, 1.48956041812e-05],
        "median": [1.96198143385e-05, 0.000428365252446, 0.00662331283092, 0.0550399571657, 0.183850795031, 0.221482440829, 0.236294388771, 0.362391114235, 1.05395591259, 3.73985886574, 5.89308977127, 5.7118396759, 2.21723222733, 2.4387948513, 4.51641798019, 3.31259441376, 2.71408653259, 1.4819341898, 0.639177024364, 0.257588237524, 0.107940144837, 0.0732728093863, 0.0470418892801, 0.028920032084, 0.0249271728098, 0.0156465061009, 0.00957133341581, 0.00558755965903, 0.00307525787503, 0.00180821062531, 0.001198023092, 0.000628584064543, 0.000233350627241, 0.000127538383822, 6.52051676298e-05, 3.53374343831e-05, 1.32542863867e-05, 3.36071138918e-06, 4.90426418764e-06, 5.9936710386e-06],
        "min": [2.31214853641e-22, 1.05621088947e-21, 4.87854202009e-21, 9.61125791429e-21, 1.33774871758e-20, 9.16484194707e-20, 7.1639308194e-20, 1.50055461577e-19, 1.21162520995e-19, 2.83334640507e-19, 2.19249055194e-19, 3.7632840462e-19, 9.33302611867e-19, 1.05941570543e-18, 1.17276809048e-18, 1.91768341976e-18, 1.81789793414e-18, 2.74800566428e-18, 3.32916249674e-18, 3.60472034702e-18, 6.14479224405e-18, 6.2119460749e-18, 6.2802029511e-18, 8.97840117557e-18, 8.26735506665e-18, 1.38340903376e-17, 1.35140979992e-17, 1.29130933815e-17, 1.2599306552e-17, 1.2791193429e-17, 1.03782430621e-17, 1.22630807941e-17, 1.30014346166e-17, 9.27230258311e-18, 6.94690928404e-18, 5.03309293364e-18, 2.81036143399e-18, 1.10220172601e-18, 2.71391651726e-19, 2.96806394769e-20],
        "stdev": [0.000484219868667, 0.0133876996115, 0.289638370275, 5.08190250397, 18.3778381348, 17.0954990387, 16.30727005, 14.0759649277, 79.5098342896, 108.230743408, 197.933288574, 208.757537842, 293.78527832, 200.325668335, 118.45565033, 72.9766235352, 44.54454422, 38.9393310547, 6.75414466858, 2.89192295074, 1.73023879528, 1.35669994354, 1.01141703129, 0.69988322258, 0.495819628239, 0.566278278828, 0.320852488279, 0.291838079691, 0.373326867819, 0.472595661879, 0.21809335053, 0.11840428412, 0.100313842297, 0.0877095535398, 0.0665636658669, 0.0369049496949, 0.012835688889, 0.00193574232981, 5.09070196131e-05, 2.88105293293e-05],
        "var": [2.34468870985e-07, 0.000179230497451, 0.0838903859258, 25.8257331848, 337.744903564, 292.256103516, 265.927032471, 198.132797241, 6321.81396484, 11713.8935547, 39177.5859375, 43579.7070312, 86309.78125, 40130.375, 14031.7412109, 5325.58740234, 1984.21643066, 1516.27148438, 45.618473053, 8.3632183075, 2.99372649193, 1.84063482285, 1.02296447754, 0.489836484194, 0.2458370924, 0.320671081543, 0.102946311235, 0.0851694718003, 0.139372959733, 0.2233466506, 0.0475647076964, 0.0140195740387, 0.0100628668442, 0.00769296614453, 0.00443072197959, 0.00136197544634, 0.000164754907019, 3.74709816242e-06, 2.59152455051e-09, 8.3004664253e-10]
    },
    "gfcc": {
        "mean": [-230.632522583, 131.1668396, -136.761901855, -41.0510253906, -65.0799331665, -4.18934011459, -29.5274829865, -13.4224920273, -27.6495056152, -8.24258136749, -18.434135437, -13.8963928223, -18.8555316925],
        "cov": [[25153.1269531, 2184.98120117, -684.200073242, -975.307312012, -1218.50939941, -98.6602630615, -100.912345886, -25.5531902313, -233.179351807, -46.5881004333, -328.744506836, -246.880142212, -354.264526367], [2184.98120117, 5686.53710938, -695.586791992, -2317.98413086, -269.968170166, -1148.87060547, 1042.85644531, -661.744995117, 685.484680176, -593.543212891, 587.503234863, -783.471862793, 160.392379761], [-684.200073242, -695.586791992, 1265.54663086, 625.039001465, 198.869857788, 220.080337524, -259.871429443, 184.175033569, -268.440429688, -47.5389251709, -321.593933105, 201.662994385, -21.6221446991], [-975.307312012, -2317.98413086, 625.039001465, 1446.39477539, 252.138336182, 482.59967041, -511.854095459, 193.164108276, -395.962097168, 167.691986084, -305.075500488, 321.572692871, -75.6581802368], [-1218.50939941, -269.968170166, 198.869857788, 252.138336182, 399.826782227, 202.819396973, -86.773147583, -70.1603469849, -132.367492676, -18.33177948, -68.5217819214, 35.4416923523, 11.4467439651], [-98.6602630615, -1148.87060547, 220.080337524, 482.59967041, 202.819396973, 527.001525879, -170.95513916, 61.483089447, -265.86907959, 56.865562439, -158.281280518, 159.481628418, -69.1123504639], [-100.912345886, 1042.85644531, -259.871429443, -511.854095459, -86.773147583, -170.95513916, 425.092987061, -41.6816558838, 157.290023804, -177.793807983, 100.529251099, -159.145858765, 58.7967567444], [-25.5531902313, -661.744995117, 184.175033569, 193.164108276, -70.1603469849, 61.483089447, -41.6816558838, 332.196044922, -20.3138942719, 16.8032779694, -199.906616211, 98.4492492676, 8.56631946564], [-233.179351807, 685.484680176, -268.440429688, -395.962097168, -132.367492676, -265.86907959, 157.290023804, -20.3138942719, 300.451538086, 30.9623584747, 133.509460449, -173.184570312, 4.68529748917], [-46.5881004333, -593.543212891, -47.5389251709, 167.691986084, -18.33177948, 56.865562439, -177.793807983, 16.8032779694, 30.9623584747, 283.472259521, 62.009059906, 24.9589099884, -94.5591659546], [-328.744506836, 587.503234863, -321.593933105, -305.075500488, -68.5217819214, -158.281280518, 100.529251099, -199.906616211, 133.509460449, 62.009059906, 328.572570801, -58.3969764709, -35.6995697021], [-246.880142212, -783.471862793, 201.662994385, 321.572692871, 35.4416923523, 159.481628418, -159.145858765, 98.4492492676, -173.184570312, 24.9589099884, -58.3969764709, 296.922058105, 34.907245636], [-354.264526367, 160.392379761, -21.6221446991, -75.6581802368, 11.4467439651, -69.1123504639, 58.7967567444, 8.56631946564, 4.68529748917, -94.5591659546, -35.6995697021, 34.907245636, 157.469604492]],
        "icov": [[9.74378926912e-05, -0.00030985311605, 0.000198099194677, -0.000109099833935, 0.00042051950004, -0.000283186644083, 0.000273861282039, -0.000117164483527, 0.000317375204759, -0.000324742810335, 0.000461374875158, -0.000185803946806, 0.000200194335775], [-0.00030985311605, 0.00322432350367, -0.00148012500722, 0.00226093223318, -0.00169999036007, 0.00324246892706, -0.00210212054662, 0.00284466031007, -0.000955992029049, 0.00323741929606, -0.00168418965768, 0.00201103859581, 0.000223493174417], [0.000198099194677, -0.00148012500722, 0.00209179660305, -0.00112763792276, 0.000482777133584, -0.000874815275893, 0.0012268157443, -0.0012232932495, 0.000894928292837, -0.00106774934102, 0.00207700510509, -0.00156671204604, 0.0010385067435], [-0.000109099833935, 0.00226093223318, -0.00112763792276, 0.00362625462003, -0.00118424708489, 0.0020064979326, -0.000225305237109, 0.0017279474996, 0.000647190026939, 0.0018094383413, -0.0003699111694, 0.00115107966121, 0.000724215933587], [0.00042051950004, -0.00169999036007, 0.000482777133584, -0.00118424708489, 0.00595168489963, -0.00324548152275, 0.0015495485859, 0.000628729641903, 0.00116212223656, -0.00155608379282, 0.00212312862277, -0.000213870429434, -0.000735187786631], [-0.000283186644083, 0.00324246892706, -0.000874815275893, 0.0020064979326, -0.00324548152275, 0.0085519971326, -0.00359242665581, 0.00324556790292, 0.00228364323266, 0.00160234910436, 0.000625621760264, 0.000503364484757, 0.00298281153664], [0.000273861282039, -0.00210212054662, 0.0012268157443, -0.000225305237109, 0.0015495485859, -0.00359242665581, 0.00875638611615, -0.00441620033234, -1.1509738215e-05, 0.0024706942495, -0.00207428028807, 0.00151535158511, -0.00122333527543], [-0.000117164483527, 0.00284466031007, -0.0012232932495, 0.0017279474996, 0.000628729641903, 0.00324556790292, -0.00441620033234, 0.0120520265773, -0.00419001560658, 0.000783014344051, 0.00684915529564, -0.00329952361062, 0.00275230617262], [0.000317375204759, -0.000955992029049, 0.000894928292837, 0.000647190026939, 0.00116212223656, 0.00228364323266, -1.1509738215e-05, -0.00419001560658, 0.0133746415377, -0.00412039319053, -0.00168170663528, 0.00437899678946, -0.000952569535002], [-0.000324742810335, 0.00323741929606, -0.00106774934102, 0.0018094383413, -0.00155608379282, 0.00160234910436, 0.0024706942495, 0.000783014344051, -0.00412039319053, 0.012165539898, -0.00521120475605, 0.00271941721439, 0.00218957057223], [0.000461374875158, -0.00168418965768, 0.00207700510509, -0.0003699111694, 0.00212312862277, 0.000625621760264, -0.00207428028807, 0.00684915529564, -0.00168170663528, -0.00521120475605, 0.0146896652877, -0.00731418514624, 0.00525543652475], [-0.000185803946806, 0.00201103859581, -0.00156671204604, 0.00115107966121, -0.000213870429434, 0.000503364484757, 0.00151535158511, -0.00329952361062, 0.00437899678946, 0.00271941721439, -0.00731418514624, 0.0114707071334, -0.00497656268999], [0.000200194335775, 0.000223493174417, 0.0010385067435, 0.000724215933587, -0.000735187786631, 0.00298281153664, -0.00122333527543, 0.00275230617262, -0.000952569535002, 0.00218957057223, 0.00525543652475, -0.00497656268999, 0.0123711517081]]
    },
    "melbands": {
        "dmean": [2.07227685678e-06, 3.64110637747e-05, 0.000332387659, 0.000380588317057, 0.000142483622767, 4.69500737381e-05, 0.000121515571664, 0.000172247207956, 0.00025000210735, 0.000184993681614, 0.000149437255459, 0.000100683741039, 7.47539888835e-05, 4.20121759817e-05, 3.00382525893e-05, 1.44178875416e-05, 1.97418921744e-05, 3.20290246236e-06, 8.88002034571e-07, 8.31428735637e-07, 4.2181412141e-07, 3.12734186991e-07, 2.39920154854e-07, 1.48594665461e-07, 1.16076328993e-07, 8.66410871936e-08, 7.1764553411e-08, 7.93195553683e-08, 4.35779199393e-08, 3.46833637366e-08, 2.83348366992e-08, 3.1116886845e-08, 4.14036236407e-08, 3.89603975748e-08, 2.39305979477e-08, 1.31072264153e-08, 1.16380167725e-08, 1.12768017146e-08, 1.16768266167e-08, 1.27660122473e-08],
        "dmean2": [3.61548518413e-06, 6.10241040704e-05, 0.00058496411657, 0.000679429620504, 0.000234333332628, 7.21514734323e-05, 0.00011732699204, 0.000235121900914, 0.000385544786695, 0.000270411139354, 0.000212762213778, 0.000149481318658, 0.000113576425065, 6.46088883514e-05, 4.85830641992e-05, 2.33607006521e-05, 3.23648600897e-05, 5.17992702953e-06, 1.53082794441e-06, 1.43602755998e-06, 7.3538410561e-07, 5.484833423e-07, 4.15287559008e-07, 2.56589942182e-07, 2.0317652627e-07, 1.52908398832e-07, 1.23449780176e-07, 1.36366963943e-07, 7.57809388574e-08, 5.91834101726e-08, 4.83495554704e-08, 5.24709520278e-08, 6.96541064826e-08, 6.65838726377e-08, 4.10228082615e-08, 2.21513172249e-08, 1.98940863783e-08, 1.90497200236e-08, 1.99616554397e-08, 2.17352980059e-08],
        "dvar": [4.71411729097e-11, 1.69841047892e-08, 2.28863132179e-06, 2.27132386499e-06, 2.95259155791e-07, 3.47779511856e-08, 2.36083664618e-07, 6.24104075087e-07, 1.59189687565e-06, 8.29003056424e-07, 1.3613577039e-06, 4.96649363413e-07, 1.30782254359e-07, 2.91950588149e-08, 1.0283323526e-08, 2.32955987833e-09, 4.91688378901e-09, 9.41203781579e-11, 7.90663021166e-12, 7.11476147094e-12, 3.20090026533e-12, 2.09594863167e-12, 1.41498108803e-12, 3.52339034684e-13, 2.66226087399e-13, 1.38148376744e-13, 8.04484042859e-14, 1.02014201936e-13, 2.21728983508e-14, 1.28452317752e-14, 1.11466147727e-14, 1.52200114626e-14, 3.26686885822e-14, 3.08808832455e-14, 9.72227635584e-15, 2.62794089468e-15, 2.01707280334e-15, 1.89201325912e-15, 2.08903778133e-15, 2.17443161967e-15],
        "dvar2": [1.28163146762e-10, 4.20671675272e-08, 6.42045733912e-06, 6.4069427026e-06, 7.85494364663e-07, 7.13663723673e-08, 2.21127919531e-07, 1.22542519421e-06, 3.94111430069e-06, 1.90269486211e-06, 2.5437043405e-06, 9.88355850495e-07, 2.7775200806e-07, 6.51177245459e-08, 2.41047271032e-08, 5.5593187831e-09, 1.26343353557e-08, 2.31876767787e-10, 2.31718481208e-11, 2.04518520175e-11, 9.50361664365e-12, 6.24077092087e-12, 3.99483701327e-12, 9.95235469557e-13, 8.16259169631e-13, 4.02600072421e-13, 2.18378551462e-13, 2.89916230129e-13, 6.52326771159e-14, 3.53524650418e-14, 3.17378298664e-14, 4.13338559614e-14, 8.84581307942e-14, 8.36596213854e-14, 2.81370148806e-14, 6.94747858283e-15, 5.67177115481e-15, 4.98308847595e-15, 5.95005239469e-15, 6.05531953179e-15],
        "max": [9.40212339628e-05, 0.00300089106895, 0.0200552307069, 0.0190366674215, 0.0106618851423, 0.0140728866681, 0.0331666059792, 0.0148141207173, 0.0254150442779, 0.0204173009843, 0.0292803868651, 0.016382034868, 0.0086638154462, 0.00342150498182, 0.00407955329865, 0.00258185365237, 0.00247897696681, 0.000373141752789, 0.000102374855487, 0.000122955345432, 8.95631819731e-05, 5.82565699005e-05, 7.47701342334e-05, 2.84160341835e-05, 1.59620904014e-05, 1.80114057002e-05, 1.25561300592e-05, 1.0394029232e-05, 5.28371583641e-06, 3.96660470869e-06, 3.77420519726e-06, 4.80864127894e-06, 9.47334410739e-06, 1.0922904039e-05, 3.75351055482e-06, 1.86742795449e-06, 1.96721589418e-06, 2.66166784968e-06, 2.36452069657e-06, 1.85019075616e-06],
