{
"highlevel": {
    "danceability": {
        "all": {
            "danceable": 0.999999880791,
            "not_danceable": 1.00000008274e-07
        },
        "probability": 0.999999880791,
        "value": "danceable"
    },
    "gender": {
        "all": {
            "female": 0.703956544399,
            "male": 0.296043485403
        },
        "probability": 0.703956544399,
        "value": "female"
    },
    "genre_electronic": {
        "all": {
            "ambient": 0.0134143773466,
            "dnb": 0.00087471754523,
            "house": 0.103723332286,
            "techno": 0.00927652884275,
            "trance": 0.872711062431
        },
        "probability": 0.872711062431,
        "value": "trance"
    },
    "mood_acoustic": {
        "all": {
            "acoustic": 0.0520507767797,
            "not_acoustic": 0.947949230671
        },
        "probability": 0.947949230671,
        "value": "not_acoustic"
    },
    "mood_aggressive": {
        "all": {
            "aggressive": 0.997299790382,
            "not_aggressive": 0.00270018610172
        },
        "probability": 0.997299790382,
        "value": "aggressive"
    },
    "mood_electronic": {
        "all": {
            "electronic": 0.884026288986,
            "not_electronic": 0.115973718464
        },
        "probability": 0.884026288986,
        "value": "electronic"
    },
    "mood_happy": {
        "all": {
            "happy": 0.732744336128,
            "not_happy": 0.267255693674
        },
        "probability": 0.732744336128,
        "value": "happy"
    },
    "mood_party": {
        "all": {
            "not_party": 0.036511156708,
            "party": 0.963488817215
        },
        "probability": 0.963488817215,
        "value": "party"
    },
    "mood_relaxed": {
        "all": {
            "not_relaxed": 0.0486314967275,
            "relaxed": 0.951368510723
        },
        "probability": 0.951368510723,
        "value": "relaxed"
    },
    "mood_sad": {
        "all": {
            "not_sad": 0.00738742435351,
            "sad": 0.992612600327
        },
        "probability": 0.992612600327,
        "value": "sad"
    },
    "moods_mirex": {
        "all": {
            "Cluster1": 0.148312821984,
            "Cluster2": 0.152290150523,
            "Cluster3": 0.112214930356,
            "Cluster4": 0.347193986177,
            "Cluster5": 0.239988133311
        },
        "probability": 0.347193986177,
        "value": "Cluster4"
    },
    "timbre": {
        "all": {
            "bright": 0.99999922514,
            "dark": 7.99813847152e-07
        },
        "probability": 0.99999922514,
        "value": "bright"
    },
    "tonal_atonal": {
        "all": {
            "atonal": 0.995974481106,
            "tonal": 0.00402551796287
        },
        "probability": 0.995974481106,
        "value": "atonal"
    },
    "voice_instrumental": {
        "all": {
            "instrumental": 0.000847903138492,
            "voice": 0.999152123928
        },
        "probability": 0.999152123928,
        "value": "voice"
    }
},
"lowlevel": {
    "average_loudness": 0.54016071558,
    "barkbands_crest": {
        "dmean": 2.78611397743,
        "dmean2": 4.3856921196,
        "dvar": 10.2404136658,
        "dvar2": 23.4282150269,
        "max": 26.9169902802,
        "mean": 13.3598079681,
        "median": 12.9615421295,
        "min": 1.79124677181,
        "stdev": 7.5259513855,
        "var": 56.6399459839
    },
    "barkbands_flatness_db": {
        "dmean": 0.0250003691763,
        "dmean2": 0.0379133336246,
        "dvar": 0.00105908850674,
        "dvar2": 0.00222518644296,
        "max": 1,
        "mean": 0.142501831055,
        "median": 0.108995199203,
        "min": 0.018889779225,
        "stdev": 0.100750342011,
        "var": 0.0101506318897
    },
    "barkbands_kurtosis": {
        "dmean": 14.7358694077,
        "dmean2": 23.7332210541,
        "dvar": 48490.3710938,
        "dvar2": 117849.914062,
        "max": 18646.6347656,
        "mean": 20.0586357117,
        "median": 0.653635859489,
        "min": -1.91553580761,
        "stdev": 209.504806519,
        "var": 43892.2617188
    },
    "barkbands_skewness": {
        "dmean": 0.866657733917,
        "dmean2": 1.34390699863,
        "dvar": 3.58498287201,
        "dvar2": 8.53904628754,
        "max": 116.788452148,
        "mean": 2.16723465919,
        "median": 1.32076585293,
        "min": -2.42479014397,
        "stdev": 3.36863875389,
        "var": 11.3477268219
    },
    "barkbands_spread": {
        "dmean": 7.85988378525,
        "dmean2": 12.4372320175,
        "dvar": 90.1047821045,
        "dvar2": 212.341308594,
        "max": 138.431411743,
        "mean": 35.0444564819,
        "median": 35.5608673096,
        "min": 0.00306499120779,
        "stdev": 21.3195953369,
        "var": 454.525146484
    },
    "dissonance": {
        "dmean": 0.0119259282947,
        "dmean2": 0.0207409150898,
        "dvar": 0.000202653012821,
        "dvar2": 0.000562196539249,
        "max": 0.500000119209,
        "mean": 0.483497589827,
        "median": 0.488452911377,
        "min": 0.235103145242,
        "stdev": 0.0177606809884,
        "var": 0.000315441779094
    },
    "dynamic_complexity": 4.78535652161,
    "erbbands_crest": {
        "dmean": 1.98679816723,
        "dmean2": 3.29583120346,
        "dvar": 4.17711687088,
        "dvar2": 10.7230415344,
        "max": 35.7713928223,
        "mean": 6.75351715088,
        "median": 5.36422729492,
        "min": 1.97869408131,
        "stdev": 4.0357131958,
        "var": 16.2869796753
    },
    "erbbands_flatness_db": {
        "dmean": 0.0121166799217,
        "dmean2": 0.0185964554548,
        "dvar": 0.000178287838935,
        "dvar2": 0.000416929571657,
        "max": 0.394190102816,
        "mean": 0.124956287444,
        "median": 0.114367246628,
        "min": 0.0396165028214,
        "stdev": 0.0506413206458,
        "var": 0.00256454339251
    },
    "erbbands_kurtosis": {
        "dmean": 0.721542954445,
        "dmean2": 1.16644632816,
        "dvar": 12.1105260849,
        "dvar2": 24.798122406,
        "max": 319.902526855,
        "mean": 0.281953334808,
        "median": -0.352771759033,
        "min": -1.87242758274,
        "stdev": 4.64257717133,
        "var": 21.5535240173
    },
    "erbbands_skewness": {
        "dmean": 0.30809879303,
        "dmean2": 0.471322208643,
        "dvar": 0.113477513194,
        "dvar2": 0.255678474903,
        "max": 16.636680603,
        "mean": -0.00663856463507,
        "median": -0.121198713779,
        "min": -4.18326282501,
        "stdev": 0.806166410446,
        "var": 0.649904310703
    },
    "erbbands_spread": {
        "dmean": 8.73442268372,
        "dmean2": 13.3555727005,
        "dvar": 84.378074646,
        "dvar2": 203.001449585,
        "max": 165.276672363,
        "mean": 50.5010528564,
        "median": 46.8482818604,
        "min": 2.92864179611,
        "stdev": 23.3964595795,
        "var": 547.394287109
    },
    "hfc": {
        "dmean": 11.0248470306,
        "dmean2": 15.7882013321,
        "dvar": 396.620239258,
        "dvar2": 871.147644043,
        "max": 257.055633545,
        "mean": 47.0861625671,
        "median": 36.5176467896,
        "min": 1.10264611639e-16,
        "stdev": 43.7549324036,
        "var": 1914.49401855
    },
    "loudness_ebu128": {
        "integrated": -6.47742843628,
        "loudness_range": 10.5835323334,
        "momentary": {
            "dmean": 0.221940681338,
            "dmean2": 0.254497766495,
            "dvar": 0.547825694084,
            "dvar2": 0.87249392271,
            "max": -2.42021274567,
            "mean": -8.67664337158,
            "median": -6.54201412201,
            "min": -93.4646682739,
            "stdev": 7.43145084381,
            "var": 55.2264595032
        },
        "short_term": {
            "dmean": 0.0948469266295,
            "dmean2": 0.0956327617168,
            "dvar": 0.0533484965563,
            "dvar2": 0.0344242937863,
            "max": -2.81403970718,
            "mean": -8.15482997894,
            "median": -6.46461200714,
            "min": -51.7739944458,
            "stdev": 4.88027095795,
            "var": 23.8170433044
        }
    },
    "melbands_crest": {
        "dmean": 3.54443955421,
        "dmean2": 5.53485536575,
        "dvar": 14.4350175858,
        "dvar2": 35.1901321411,
        "max": 40,
        "mean": 18.6239700317,
        "median": 19.7918434143,
        "min": 1.64294338226,
        "stdev": 8.69536781311,
        "var": 75.609413147
    },
    "melbands_flatness_db": {
        "dmean": 0.0321421921253,
        "dmean2": 0.0479260794818,
        "dvar": 0.00181488436647,
        "dvar2": 0.00388313829899,
        "max": 1,
        "mean": 0.189209580421,
        "median": 0.164104998112,
        "min": 0.00339389475994,
        "stdev": 0.135617464781,
        "var": 0.0183920972049
    },
    "melbands_kurtosis": {
        "dmean": 241520.734375,
        "dmean2": 478496.84375,
        "dvar": 5.44915486409e+14,
        "dvar2": 1.07944225223e+15,
        "max": 2299645696,
        "mean": 359994.09375,
        "median": 11.5628528595,
        "min": -1.81508135796,
        "stdev": 28678068,
        "var": 8.22431610569e+14
    },
    "melbands_skewness": {
        "dmean": 4.79903793335,
        "dmean2": 8.98680210114,
        "dvar": 124677.3125,
        "dvar2": 248571.484375,
        "max": 34570.1015625,
        "mean": 9.63246917725,
        "median": 3.12330007553,
        "min": -1.50140607357,
        "stdev": 433.326049805,
        "var": 187771.46875
    },
    "melbands_spread": {
        "dmean": 10.1165094376,
        "dmean2": 16.1653957367,
        "dvar": 196.391372681,
        "dvar2": 486.403106689,
        "max": 244.235534668,
        "mean": 37.905632019,
        "median": 28.0858230591,
        "min": 8.39802094532e-09,
        "stdev": 33.428478241,
        "var": 1117.46313477
    },
    "pitch_salience": {
        "dmean": 0.0838843435049,
        "dmean2": 0.130888044834,
        "dvar": 0.0087397955358,
        "dvar2": 0.021245541051,
        "max": 0.895760297775,
        "mean": 0.457724928856,
        "median": 0.452416568995,
        "min": 1.64777520695e-05,
        "stdev": 0.197247847915,
        "var": 0.038906712085
    },
    "silence_rate_20dB": {
        "dmean": 0,
        "dmean2": 0,
        "dvar": 0,
        "dvar2": 0,
        "max": 1,
        "mean": 1,
        "median": 1,
        "min": 1,
        "stdev": 0,
        "var": 0
    },
    "silence_rate_30dB": {
        "dmean": 0.0698346048594,
        "dmean2": 0.13967654109,
        "dvar": 0.0649631917477,
        "dvar2": 0.160824254155,
        "max": 1,
        "mean": 0.921085774899,
        "median": 1,
        "min": 0,
        "stdev": 0.269601017237,
        "var": 0.0726847052574
    },
    "silence_rate_60dB": {
        "dmean": 0.0286689419299,
        "dmean2": 0.0573408938944,
        "dvar": 0.0278482958674,
        "dvar2": 0.0599409341812,
        "max": 1,
        "mean": 0.0843221694231,
        "median": 0,
        "min": 0,
        "stdev": 0.277825117111,
        "var": 0.0771867930889
    },
    "spectral_centroid": {
        "dmean": 293.227111816,
        "dmean2": 450.140686035,
        "dvar": 113907.796875,
        "dvar2": 257414.9375,
        "max": 13575.4794922,
        "mean": 2139.23974609,
        "median": 2303.68261719,
        "min": 72.6258163452,
        "stdev": 969.623718262,
        "var": 940170.1875
    },
    "spectral_complexity": {
        "dmean": 4.42436313629,
        "dmean2": 6.6695022583,
        "dvar": 29.9938526154,
        "dvar2": 63.5699234009,
        "max": 64,
        "mean": 24.5828514099,
        "median": 25,
        "min": 0,
        "stdev": 16.6293945312,
        "var": 276.536773682
    },
    "spectral_decrease": {
        "dmean": 2.59817967141e-09,
        "dmean2": 3.99686550523e-09,
        "dvar": 1.41593931756e-17,
        "dvar2": 3.25567370317e-17,
        "max": 9.23657042955e-29,
        "mean": -8.95702800818e-09,
        "median": -5.32927657559e-09,
        "min": -3.77397526563e-08,
        "stdev": 8.85522233318e-09,
        "var": 7.84149684471e-17
    },
    "spectral_energy": {
        "dmean": 0.0101926373318,
        "dmean2": 0.0157259888947,
        "dvar": 0.000206992554013,
        "dvar2": 0.000480086280731,
        "max": 0.146010711789,
        "mean": 0.0380767062306,
        "median": 0.0245988275856,
        "min": 1.02651748847e-20,
        "stdev": 0.0350888483226,
        "var": 0.00123122718651
    },
    "spectral_energyband_high": {
        "dmean": 0.0010251312051,
        "dmean2": 0.00149763841182,
        "dvar": 3.25949145008e-06,
        "dvar2": 7.09426740286e-06,
        "max": 0.0268955361098,
        "mean": 0.00423368625343,
        "median": 0.00305312313139,
        "min": 1.11237615455e-23,
        "stdev": 0.00430061668158,
        "var": 1.84953041753e-05
    },
    "spectral_energyband_low": {
        "dmean": 0.00893711484969,
        "dmean2": 0.0138412425295,
        "dvar": 0.000217667780817,
        "dvar2": 0.000492347986437,
        "max": 0.134816363454,
        "mean": 0.0225695911795,
        "median": 0.00746136624366,
        "min": 3.67883074339e-23,
        "stdev": 0.0301060192287,
        "var": 0.000906372442842
    },
    "spectral_energyband_middle_high": {
        "dmean": 0.00193640717771,
        "dmean2": 0.00300035509281,
        "dvar": 9.99569692794e-06,
        "dvar2": 2.34666804317e-05,
        "max": 0.0509180352092,
        "mean": 0.00596394436434,
        "median": 0.00444045849144,
        "min": 2.40394872172e-22,
        "stdev": 0.00631973752752,
        "var": 3.99390846724e-05
    },
    "spectral_energyband_middle_low": {
        "dmean": 0.00380720291287,
        "dmean2": 0.00551314372569,
        "dvar": 6.31855800748e-05,
        "dvar2": 0.00012668625277,
        "max": 0.10738837719,
        "mean": 0.00605677859858,
        "median": 0.00232366099954,
        "min": 2.13866123639e-22,
        "stdev": 0.0100986193866,
        "var": 0.000101982113847
    },
    "spectral_entropy": {
        "dmean": 0.115141578019,
        "dmean2": 0.173904642463,
        "dvar": 0.0332828462124,
        "dvar2": 0.0761679261923,
        "max": 9.95429420471,
        "mean": 8.09071540833,
        "median": 8.31791114807,
        "min": 4.59223413467,
        "stdev": 0.597281098366,
        "var": 0.356744736433
    },
    "spectral_flux": {
        "dmean": 0.0235504154116,
        "dmean2": 0.0375124774873,
        "dvar": 0.000879877596162,
        "dvar2": 0.00194363028277,
        "max": 0.356100052595,
        "mean": 0.0912406891584,
        "median": 0.0829893350601,
        "min": 2.29607608968e-12,
        "stdev": 0.0572958402336,
        "var": 0.00328281335533
    },
    "spectral_kurtosis": {
        "dmean": 1.19979715347,
        "dmean2": 1.93331944942,
        "dvar": 17.7475624084,
        "dvar2": 43.456489563,
        "max": 175.05531311,
        "mean": 3.19545841217,
        "median": 1.5020263195,
        "min": -1.29697668552,
        "stdev": 10.2190160751,
        "var": 104.428291321
    },
    "spectral_rms": {
        "dmean": 0.000805342162494,
        "dmean2": 0.0012275549816,
        "dvar": 9.09402160687e-07,
        "dvar2": 2.04933098757e-06,
        "max": 0.0119352201,
        "mean": 0.00538495834917,
        "median": 0.00489886291325,
        "min": 3.16461765647e-12,
        "stdev": 0.00285485130735,
        "var": 8.15017574496e-06
    },
    "spectral_rolloff": {
        "dmean": 854.435058594,
        "dmean2": 1396.05749512,
        "dvar": 1753252.75,
        "dvar2": 4219614,
        "max": 19078.4179688,
        "mean": 3077.44262695,
        "median": 1916.45507812,
        "min": 21.533203125,
        "stdev": 3076.83740234,
        "var": 9466928
    },
    "spectral_skewness": {
        "dmean": 0.158730179071,
        "dmean2": 0.244245126843,
        "dvar": 0.0904393345118,
        "dvar2": 0.220522001386,
        "max": 10.7827825546,
        "mean": 1.25208222866,
        "median": 1.10188436508,
        "min": -0.240458071232,
        "stdev": 0.789260745049,
        "var": 0.622932553291
    },
    "spectral_spread": {
        "dmean": 465644.125,
        "dmean2": 660181.8125,
        "dvar": 413226205184,
        "dvar2": 741235359744,
        "max": 51080788,
        "mean": 6481697,
        "median": 6769313.5,
        "min": 515697.625,
        "stdev": 2081320.125,
        "var": 4.33189368627e+12
    },
    "spectral_strongpeak": {
        "dmean": 0.360507935286,
        "dmean2": 0.599049210548,
        "dvar": 0.599251031876,
        "dvar2": 1.45240724087,
        "max": 13.0076160431,
        "mean": 0.835803031921,
        "median": 0.481878519058,
        "min": 0,
        "stdev": 1.39455282688,
        "var": 1.94477760792
    },
    "zerocrossingrate": {
        "dmean": 0.0147226862609,
        "dmean2": 0.0168131142855,
        "dvar": 0.000254036014667,
        "dvar2": 0.000333714939188,
        "max": 0.513671875,
        "mean": 0.103150121868,
        "median": 0.0927734375,
        "min": 0,
        "stdev": 0.0747506991029,
        "var": 0.00558766722679
    },
    "barkbands": {
        "dmean": [0.000268084957497, 0.00818344671279, 0.00206542061642, 0.00154828093946, 0.00127452029847, 0.000437589653302, 0.000440549076302, 0.000818027649075, 0.000734626781195, 0.000363513128832, 0.000424766534707, 0.000444865145255, 0.000492779014166, 0.000452894950286, 0.000333991687512, 0.000239332162892, 0.00022046288359, 0.000216057131183, 0.000175412307726, 0.00021608825773, 0.00026337930467, 0.00022272048227, 0.000237883548834, 0.000244277965976, 0.000198168840143, 0.000138616771437, 1.70471537331e-06],
        "dmean2": [0.000398739648517, 0.0120781464502, 0.00348582933657, 0.00255148904398, 0.00209499849007, 0.000767207588069, 0.000653727620374, 0.00123437563889, 0.00116467359476, 0.000601717329118, 0.000695882015862, 0.000722968252376, 0.000805003510322, 0.000743426324334, 0.000554151483811, 0.000392909249058, 0.000367173139239, 0.00036028973409, 0.000293420249363, 0.000359123892849, 0.000426576822065, 0.000357954006176, 0.000379684643121, 0.00038625288289, 0.000301889813272, 0.000209771009395, 2.75935917671e-06],
        "dvar": [2.81217154452e-07, 0.000206297045224, 3.49934052792e-05, 1.76903504325e-05, 1.44704681588e-05, 1.51309131979e-06, 7.79496247105e-07, 5.15341025675e-06, 5.08344737682e-06, 7.73275587562e-07, 6.18280296294e-07, 7.75519310992e-07, 1.17607839911e-06, 6.75569197028e-07, 4.50809039876e-07, 2.08642518373e-07, 1.64552872661e-07, 1.3565396273e-07, 6.76388296483e-08, 1.05214475354e-07, 1.68081754737e-07, 1.13376380284e-07, 1.35436351911e-07, 1.63111536722e-07, 1.15689871905e-07, 6.8553909216e-08, 2.37006247961e-11],
        "dvar2": [6.45184343284e-07, 0.000452542037237, 9.17120778468e-05, 4.64175245725e-05, 3.93834416172e-05, 4.48927858088e-06, 1.69995792021e-06, 1.17944082376e-05, 1.28384408526e-05, 2.00933891392e-06, 1.49473680722e-06, 1.79658968591e-06, 2.49586537393e-06, 1.64408697856e-06, 1.06014226731e-06, 4.94469702517e-07, 3.76510570277e-07, 3.51682587052e-07, 1.78371166726e-07, 2.73457999356e-07, 4.08325064427e-07, 2.73389474614e-07, 3.27569523506e-07, 3.83547245519e-07, 2.53360610714e-07, 1.59758371865e-07, 5.80236136916e-11],
        "max": [0.0159554518759, 0.132075577974, 0.0645619109273, 0.0610330402851, 0.0755745172501, 0.0183348841965, 0.0201977510005, 0.0515643469989, 0.0460059978068, 0.019095659256, 0.0163311753422, 0.0306922271848, 0.0313640907407, 0.0208085570484, 0.0336120687425, 0.0145114539191, 0.0181308407336, 0.0122787905857, 0.00539782876149, 0.00579078309238, 0.00954836048186, 0.00573151838034, 0.0052997879684, 0.0063859000802, 0.00430495571345, 0.00399751821533, 9.92436107481e-05],
        "mean": [0.00045405633864, 0.0195225831121, 0.00194256321993, 0.00150682893582, 0.00146973633673, 0.000480327435071, 0.000661739322823, 0.000960662087891, 0.000814415165223, 0.000521090521943, 0.000657718628645, 0.000707602885086, 0.000865622016136, 0.000791933678556, 0.000581427186262, 0.000431085587479, 0.000411768414779, 0.000439633644419, 0.000393534748582, 0.00052361440612, 0.000723076227587, 0.000659937679302, 0.000728757120669, 0.000758169102482, 0.000646898115519, 0.000418922194513, 2.92542017633e-06],
        "median": [8.43869056553e-05, 0.00474905502051, 0.000397575902753, 0.000224704112043, 0.000304485933157, 0.000148983366671, 0.0002249222307, 0.000175651104655, 0.000165057819686, 0.000171610503457, 0.000235838393564, 0.000287323724478, 0.000282415188849, 0.000391871348256, 0.000336186116328, 0.000253493199125, 0.000256258295849, 0.000295105332043, 0.000272148463409, 0.000341930252034, 0.000497313914821, 0.000467042962555, 0.00050406542141, 0.000489403668325, 0.000380376237445, 0.000179889873834, 1.05474200041e-07],
        "min": [1.98299870607e-24, 1.07919264169e-23, 6.54312670897e-24, 9.56704394556e-24, 3.41145485927e-23, 2.59774199563e-23, 2.97074477725e-23, 3.67317524179e-23, 3.70586153563e-23, 3.24070307643e-23, 5.04606237622e-23, 3.77220252895e-23, 2.12942130861e-23, 1.26581788366e-23, 8.0282784532e-24, 5.21123407255e-24, 3.21985056392e-24, 2.90281486029e-24, 1.49891864892e-24, 1.53862852638e-24, 2.81995448853e-24, 4.86835351073e-25, 2.9166985657e-25, 4.1211715784e-25, 2.66778893915e-24, 2.64677979831e-24, 1.30782153198e-24],
        "stdev": [0.000904673885088, 0.0285006407648, 0.00531114637852, 0.00383626529947, 0.00353550212458, 0.00107031036168, 0.00119757186621, 0.00250187586062, 0.00225932546891, 0.00112225336488, 0.00121907400899, 0.0014268795494, 0.00230549951084, 0.00139147567097, 0.00103414710611, 0.000681696750689, 0.00069918303052, 0.000553903868422, 0.000437535985839, 0.000581782718655, 0.000805765739642, 0.000692987639923, 0.000767980120145, 0.000810123048723, 0.000711670261808, 0.000513584178407, 7.68676909502e-06],
        "var": [8.18434841676e-07, 0.000812286511064, 2.82082746708e-05, 1.47169312186e-05, 1.24997759485e-05, 1.14556416975e-06, 1.43417844356e-06, 6.25938309895e-06, 5.10455129188e-06, 1.25945268792e-06, 1.48614151385e-06, 2.03598528969e-06, 5.31532759851e-06, 1.93620439859e-06, 1.06946015421e-06, 4.64710495862e-07, 4.88856869651e-07, 3.0680951113e-07, 1.91437734998e-07, 3.38471124905e-07, 6.49258424801e-07, 4.80231847177e-07, 5.89793501149e-07, 6.56299334878e-07, 5.06474520989e-07, 2.6376869755e-07, 5.90864163152e-11]
    },
    "erbbands": {
        "dmean": [0.287961095572, 1.71655857563, 2.0969274044, 3.7139275074, 5.3527803421, 3.5988047123, 3.0572924614, 3.57378578186, 4.87452888489, 9.83613300323, 19.5961112976, 17.1813220978, 13.144493103, 11.2024288177, 15.9649171829, 17.2008037567, 18.6049766541, 23.6387176514, 17.0146656036, 16.7609539032, 12.4561824799, 12.2985105515, 10.9518241882, 9.30495643616, 8.41667366028, 10.8045978546, 10.7920789719, 10.5862617493, 8.57352161407, 6.99797439575, 6.93109560013, 5.53863477707, 4.21431684494, 2.50469255447, 1.43449437618, 0.827635228634, 0.231961354613, 0.0196094438434, 0.000517841835972, 3.92584843212e-05],
        "dmean2": [0.410436600447, 2.53933596611, 3.49547672272, 6.07477235794, 8.37757015228, 5.95085906982, 5.26720380783, 6.14768981934, 7.26943206787, 14.0121860504, 30.054977417, 26.9243526459, 21.7378959656, 18.2438831329, 26.3394680023, 27.4385261536, 30.6090106964, 38.1158409119, 28.3988323212, 27.382818222, 20.4522399902, 20.5054283142, 18.2783298492, 15.3822345734, 14.0032291412, 18.0643863678, 17.8450336456, 17.1734638214, 13.8708486557, 11.3353805542, 11.0988206863, 8.71564102173, 6.81334257126, 3.9125430584, 2.17311835289, 1.30093109608, 0.344330668449, 0.0291495583951, 0.000774577143602, 5.9231686464e-05],
        "dvar": [0.29299429059, 8.62191390991, 28.1378421783, 101.595504761, 204.437591553, 125.781135559, 65.2037963867, 97.9075622559, 99.0517883301, 488.532318115, 3104.76342773, 2939.85791016, 1548.73620605, 406.729614258, 783.348266602, 1160.98254395, 1361.14904785, 2713.42602539, 1007.04412842, 1213.34484863, 573.448059082, 515.936340332, 352.785308838, 209.140045166, 156.047531128, 267.21282959, 291.091491699, 285.862762451, 172.376983643, 116.53780365, 112.822120667, 75.2539901733, 52.3816833496, 16.7544612885, 6.09832239151, 2.56533241272, 0.198999658227, 0.00149116490502, 1.39557835155e-06, 6.28762020227e-09],
        "dvar2": [0.636671304703, 18.756685257, 74.6533660889, 252.808227539, 503.758514404, 338.633026123, 188.143966675, 289.148651123, 229.81451416, 982.088928223, 7362.79589844, 7343.67480469, 4134.62988281, 984.299072266, 1931.30895996, 2605.16479492, 3175.54052734, 5920.03613281, 2620.91064453, 2783.578125, 1383.95654297, 1208.32324219, 917.300537109, 537.357055664, 401.861755371, 704.354675293, 731.340148926, 701.541870117, 417.329498291, 291.201629639, 274.752166748, 174.52583313, 129.543609619, 38.051864624, 13.2419080734, 6.28387355804, 0.457030683756, 0.00338812707923, 3.18455136039e-06, 1.47489052083e-08],
        "max": [5.4957742691, 25.602350235, 69.6013259888, 133.50239563, 297.780212402, 259.275634766, 134.288696289, 135.791061401, 225.164276123, 509.577697754, 1313.5802002, 1205.81274414, 677.394958496, 622.987365723, 578.327941895, 1423.93701172, 1242.82495117, 1976.4173584, 943.812194824, 1489.4543457, 855.979614258, 1101.80334473, 642.553039551, 237.575927734, 241.07572937, 326.903625488, 311.428741455, 425.321472168, 205.866134644, 174.50239563, 161.959609985, 140.005905151, 114.295814514, 53.2260818481, 30.3064174652, 19.4799594879, 9.56035614014, 0.691112577915, 0.0264735966921, 0.00169105245732],
        "mean": [0.652014911175, 3.99856758118, 2.9904024601, 3.86167526245, 6.02337265015, 4.26638174057, 3.50275945663, 4.02594423294, 7.17171525955, 14.192574501, 23.1730175018, 18.730588913, 16.9572067261, 19.027961731, 26.1046028137, 29.100358963, 33.8867149353, 47.0172691345, 30.5344238281, 31.1748790741, 25.0684871674, 24.3458709717, 23.0024986267, 21.4916439056, 20.1099452972, 26.07264328, 28.1500415802, 27.9673347473, 24.2978286743, 21.6033687592, 20.5983848572, 16.6612758636, 12.2027807236, 7.79551792145, 4.34759616852, 2.29698228836, 0.682391405106, 0.0526551343501, 0.00143692234997, 0.000135094160214],
        "median": [0.140405476093, 0.952513873577, 0.895266890526, 0.797264933586, 1.02595996857, 0.929557263851, 1.02483737469, 1.29930782318, 2.30141234398, 4.50052261353, 4.28637504578, 3.92781472206, 5.69612693787, 8.3058757782, 12.8315792084, 13.1825885773, 13.4740962982, 19.9586334229, 17.0219650269, 18.2151107788, 14.9218053818, 15.4984493256, 15.5927248001, 14.9398946762, 14.7201662064, 17.3608493805, 18.7680130005, 19.4630661011, 17.0031166077, 14.8874130249, 14.1039218903, 10.8992042542, 7.58808469772, 4.67372751236, 2.50785279274, 1.13535237312, 0.229729011655, 0.0116468565539, 0.000358440651326, 7.53278582124e-05],
        "min": [4.25644858215e-22, 3.04426174161e-21, 9.48021441069e-21, 2.84387085665e-20, 2.89294819325e-20, 5.53537892187e-20, 8.01056568598e-20, 3.06474320209e-19, 3.80746427971e-19, 6.97753988552e-19, 7.79268812209e-19, 6.77234119097e-19, 1.1911175414e-18, 1.22998841275e-18, 2.33443769188e-18, 2.14429844076e-18, 2.34716221125e-18, 3.3796335422e-18, 3.84463002162e-18, 6.41130735587e-18, 5.62764264739e-18, 6.5625775968e-18, 1.01972609071e-17, 7.47254534019e-18, 1.02114363013e-17, 1.24357621916e-17, 1.02063110902e-17, 1.25007231666e-17, 1.45903377311e-17, 1.59257695448e-17, 1.54442213882e-17, 1.30471330367e-17, 1.160963458e-17, 8.0888991213e-18, 7.34242982984e-18, 5.03508147583e-18, 2.59967522325e-18, 1.12535451136e-18, 2.95003496462e-19, 3.37820077491e-20],
        "stdev": [1.03266108036, 5.86013793945, 5.52589130402, 9.48509502411, 14.899977684, 10.6715192795, 7.47103500366, 8.84087085724, 13.2827482224, 28.7717247009, 60.055519104, 53.8015556335, 39.9189529419, 32.3325462341, 39.9350090027, 57.3945732117, 72.9372711182, 116.518280029, 45.0364189148, 52.7551307678, 39.0142250061, 39.7527732849, 29.2514953613, 24.0720233917, 21.3299846649, 29.2858638763, 31.7778434753, 31.3984928131, 25.9073829651, 22.808013916, 21.7244701385, 17.7179603577, 13.4049568176, 8.57153701782, 4.87467956543, 2.72570228577, 0.915599584579, 0.078761562705, 0.00225834315643, 0.000165462945006],
        "var": [1.06638884544, 34.341217041, 30.5354728699, 89.9670333862, 222.00932312, 113.881324768, 55.8163604736, 78.1609954834, 176.431396484, 827.812194824, 3606.66552734, 2894.60742188, 1593.52270508, 1045.39355469, 1594.80480957, 3294.13696289, 5319.84521484, 13576.5097656, 2028.27905273, 2783.10375977, 1522.10974121, 1580.28283691, 855.650024414, 579.462280273, 454.968231201, 857.661865234, 1009.83135986, 985.865356445, 671.192504883, 520.205505371, 471.952636719, 313.926086426, 179.692871094, 73.471244812, 23.7624988556, 7.42945289612, 0.838322639465, 0.00620338413864, 5.10011432198e-06, 2.73779861004e-08]
    },
    "gfcc": {
        "mean": [1.96918785572, 41.3754730225, -106.265090942, 42.5261726379, -54.2832107544, 37.987121582, -29.3852977753, 18.7976646423, -21.3721122742, 11.9398355484, -14.2662744522, 5.0073299408, -10.5393819809],
        "cov": [[22711.0351562, -4712.18408203, -1094.03845215, -314.906402588, -1435.26330566, 657.201293945, -1388.75097656, 514.828308105, -698.208557129, 924.085876465, -836.625, 108.899589539, -896.415649414], [-4712.18408203, 3642.76098633, 620.877319336, 510.835968018, 664.485473633, -422.160675049, 560.559936523, -350.182952881, 267.071105957, -557.213012695, 345.98223877, -219.722259521, 348.430389404], [-1094.03845215, 620.877319336, 1211.31176758, 339.88659668, 410.203857422, 168.620269775, 237.781890869, 79.3569030762, 92.9076766968, -15.806137085, -14.9446001053, -14.8246879578, -1.01653802395], [-314.906402588, 510.835968018, 339.88659668, 552.258728027, 265.002685547, 136.4894104, 214.35269165, 19.5345287323, 66.7071075439, -51.4041213989, 68.9225463867, -13.3692054749, 83.3366622925], [-1435.26330566, 664.485473633, 410.203857422, 265.002685547, 471.890197754, 106.270606995, 270.058776855, 9.99291801453, 106.436309814, -53.6438751221, 81.5230407715, 7.42943286896, 74.7649383545], [657.201293945, -422.160675049, 168.620269775, 136.4894104, 106.270606995, 480.387237549, 77.0125045776, 172.23197937, -21.1820144653, 126.544319153, -8.83121395111, 38.7719612122, -41.149810791], [-1388.75097656, 560.559936523, 237.781890869, 214.35269165, 270.058776855, 77.0125045776, 319.95489502, 26.2005558014, 105.27142334, -61.8202667236, 94.2301635742, -4.4837231636, 81.6086425781], [514.828308105, -350.182952881, 79.3569030762, 19.5345287323, 9.99291801453, 172.23197937, 26.2005558014, 177.493560791, 33.9960594177, 105.075759888, -31.0652332306, 33.4058761597, -35.0122756958], [-698.208557129, 267.071105957, 92.9076766968, 66.7071075439, 106.436309814, -21.1820144653, 105.27142334, 33.9960594177, 136.490585327, 9.76189422607, 49.3782424927, -11.7688426971, 42.7484817505], [924.085876465, -557.213012695, -15.806137085, -51.4041213989, -53.6438751221, 126.544319153, -61.8202667236, 105.075759888, 9.76189422607, 188.244781494, -28.2172355652, 45.8647270203, -62.7194213867], [-836.625, 345.98223877, -14.9446001053, 68.9225463867, 81.5230407715, -8.83121395111, 94.2301635742, -31.0652332306, 49.3782424927, -28.2172355652, 129.889541626, 28.4630126953, 78.3310089111], [108.899589539, -219.722259521, -14.8246879578, -13.3692054749, 7.42943286896, 38.7719612122, -4.4837231636, 33.4058761597, -11.7688426971, 45.8647270203, 28.4630126953, 102.711868286, 22.0609512329], [-896.415649414, 348.430389404, -1.01653802395, 83.3366622925, 74.7649383545, -41.149810791, 81.6086425781, -35.0122756958, 42.7484817505, -62.7194213867, 78.3310089111, 22.0609512329, 121.709754944]],
        "icov": [[0.000119727897982, -0.000139968091389, 0.000141609154525, -0.000288231560262, 0.000203766947379, -6.93878973834e-05, 0.000229342476814, -0.000118370400742, 0.000243478367338, -0.000474939937703, 0.000562906207051, -0.000412648514612, 0.000526849820744], [-0.000139968091389, 0.00174218870234, -0.000703179684933, 0.000325658038491, -0.00117182102986, 0.000808853714261, -0.00026212821831, 0.000270983407972, -0.000734257802833, 0.00290098087862, -0.00369834550656, 0.00346246222034, -0.00149481859989], [0.000141609154525, -0.000703179684933, 0.00172698230017, -0.00079589773668, -0.000454163440736, -0.000351735157892, 0.000148725826875, -0.000374680035748, 7.31206819182e-05, -0.00113372947089, 0.00262483605184, -0.0017688726075, 0.00158938043751], [-0.000288231560262, 0.000325658038491, -0.00079589773668, 0.00376422400586, -0.00105740467552, -0.000550721248146, -0.00122450920753, 0.000338589918101, -0.00021722735255, 0.00110031617805, -0.00153882347513, 0.00205175741576, -0.00299565237947], [0.000203766947379, -0.00117182102986, -0.000454163440736, -0.00105740467552, 0.00668505206704, -0.00185814965516, -0.00249978969805, 0.00219653802924, -0.00199895026162, -0.00140855065547, 0.00329392636195, -0.00443301629275, 0.00180877558887], [-6.93878973834e-05, 0.000808853714261, -0.000351735157892, -0.000550721248146, -0.00185814965516, 0.00556667195633, -0.000978193478659, -0.00472568999976, 0.0047667324543, -0.00130786118098, -0.00361391995102, 0.00351036363281, -0.000791119062342], [0.000229342476814, -0.00026212821831, 0.000148725826875, -0.00122450920753, -0.00249978969805, -0.000978193478659, 0.00954160559922, -0.00264140288346, -0.00231726118363, 0.00238679116592, -0.00233929767273, 1.31952583615e-05, 0.000873458746355], [-0.000118370400742, 0.000270983407972, -0.000374680035748, 0.000338589918101, 0.00219653802924, -0.00472568999976, -0.00264140288346, 0.0162657033652, -0.00800540857017, -0.00208263657987, 0.00570153957233, -0.00477178487927, 0.000554677040782], [0.000243478367338, -0.000734257802833, 7.31206819182e-05, -0.00021722735255, -0.00199895026162, 0.0047667324543, -0.00231726118363, -0.00800540857017, 0.0196879804134, -0.00790227297693, -0.00326851732098, 0.00653626630083, -0.00393338967115], [-0.000474939937703, 0.00290098087862, -0.00113372947089, 0.00110031617805, -0.00140855065547, -0.00130786118098, 0.00238679116592, -0.00208263657987, -0.00790227297693, 0.0192092582583, -0.00777045451105, 2.11790047615e-05, 0.00332933641039], [0.000562906207051, -0.00369834550656, 0.00262483605184, -0.00153882347513, 0.00329392636195, -0.00361391995102, -0.00233929767273, 0.00570153957233, -0.00326851732098, -0.00777045451105, 0.0265384837985, -0.0130323683843, -0.00180135993287], [-0.000412648514612, 0.00346246222034, -0.0017688726075, 0.00205175741576, -0.00443301629275, 0.00351036363281, 1.31952583615e-05, -0.00477178487927, 0.00653626630083, 2.11790047615e-05, -0.0130323683843, 0.0246851295233, -0.0102145085111], [0.000526849820744, -0.00149481859989, 0.00158938043751, -0.00299565237947, 0.00180877558887, -0.000791119062342, 0.000873458746355, 0.000554677040782, -0.00393338967115, 0.00332933641039, -0.00180135993287, -0.0102145085111, 0.0227437466383]]
    },
    "melbands": {
        "dmean": [0.00241760793142, 0.00123880675528, 0.00064384797588, 0.00032174095395, 0.000104668426502, 7.9820791143e-05, 7.75558146415e-05, 0.0001207930909, 0.000159680217621, 0.000105410916149, 6.52265589451e-05, 4.50146144431e-05, 6.03258849878e-05, 4.97514774906e-05, 4.22533812525e-05, 5.18458218721e-05, 4.31218468293e-05, 3.08636626869e-05, 2.40663830482e-05, 1.85129611054e-05, 1.55552079377e-05, 1.43170336742e-05, 1.11739373096e-05, 1.13163696369e-05, 7.87979570305e-06, 7.53207950765e-06, 6.87212195771e-06, 7.74899399403e-06, 7.44531189412e-06, 7.11207349013e-06, 6.42502527626e-06, 5.41930876352e-06, 4.79376922158e-06, 4.43990666099e-06, 4.56733368992e-06, 4.05618902732e-06, 3.58857209903e-06, 3.37849269272e-06, 2.640070079e-06, 2.22008816309e-06],
        "dmean2": [0.00354538857937, 0.00198662467301, 0.000981744611636, 0.000520024565049, 0.000175467823283, 0.000136990754982, 0.000115261063911, 0.000172243700945, 0.00024608586682, 0.000167537378729, 0.000108579319203, 7.32998232706e-05, 9.88362298813e-05, 8.20588829811e-05, 6.77729549352e-05, 8.52243319969e-05, 6.983170897e-05, 5.18330525665e-05, 3.93488953705e-05, 3.03506858472e-05, 2.55277263932e-05, 2.38380434894e-05, 1.90600221686e-05, 1.88130870811e-05, 1.31508022605e-05, 1.26589293359e-05, 1.14867170851e-05, 1.30342486955e-05, 1.24733987832e-05, 1.17575718832e-05, 1.0528340681e-05, 8.97595600691e-06, 7.81637845648e-06, 7.3086039265e-06, 7.47258945921e-06, 6.46272746962e-06, 5.78784511163e-06, 5.53587597096e-06, 4.24873314842e-06, 3.54550024895e-06],
        "dvar": [1.94789136003e-05, 4.8017300287e-06, 2.28055614571e-06, 9.38374341786e-07, 6.88688928108e-08, 4.73790073841e-08, 2.43976412406e-08, 8.17969407763e-08, 2.09146179486e-07, 1.15697183389e-07, 3.79983227106e-08, 6.80595579894e-09, 1.19094556439e-08, 8.54412629536e-09, 8.57489723671e-09, 1.44538105928e-08, 8.0724502638e-09, 3.45335715579e-09, 2.96497315588e-09, 1.26330290673e-09, 1.05797315353e-09, 7.83748455024e-10, 4.24077772898e-10, 4.33535318756e-10, 1.56256424466e-10, 1.19651150099e-10, 1.10486238214e-10, 1.39896885742e-10, 1.27622551416e-10, 1.22675480885e-10, 1.07492660606e-10, 6.8290192945e-11, 5.04196788487e-11, 4.67576879992e-11, 4.63489212288e-11, 3.86318269041e-11, 3.07582466441e-11, 3.14930130585e-11, 1.84721092589e-11, 1.26055823765e-11],
        "dvar2": [4.24097925134e-05, 1.17545750982e-05, 5.00034366269e-06, 2.50801235779e-06, 1.90455352822e-07, 1.39590468962e-07, 5.5243361885e-08, 1.65112922446e-07, 5.01063027514e-07, 2.92903649779e-07, 1.01865573754e-07, 1.66203371066e-08, 2.87264008136e-08, 2.08620072328e-08, 1.87528481632e-08, 3.14834061044e-08, 1.78443340104e-08, 9.04228869558e-09, 6.2262293099e-09, 2.89902590822e-09, 2.40640263272e-09, 1.74953995735e-09, 1.13848486194e-09, 1.10650155705e-09, 4.08998723778e-10, 3.17445958409e-10, 2.88014972982e-10, 3.71831093693e-10, 3.34540867231e-10, 3.13355452697e-10, 2.67455474434e-10, 1.71526015613e-10, 1.27164390129e-10, 1.21733914615e-10, 1.1730931504e-10, 9.19832682245e-11, 7.4670547523e-11, 8.01989932797e-11, 4.41640994608e-11, 3.00975494527e-11],
        "max": [0.0412649512291, 0.0263295788318, 0.022201962769, 0.0199300330132, 0.00472783949226, 0.00301096634939, 0.00318532949314, 0.00705949077383, 0.0106094256043, 0.00746681308374, 0.00343789998442, 0.00248566712253, 0.00256527052261, 0.00275163096376, 0.00405414914712, 0.00401879707351, 0.00324142514728, 0.00191585021093, 0.00355441938154, 0.00146572897211, 0.00137975951657, 0.00159960950259, 0.000635296222754, 0.000981343560852, 0.000216794302105, 0.000245809264015, 0.000275560567388, 0.000252118217759, 0.000200673268409, 0.000198941546842, 0.000258647283772, 0.000125297767227, 0.000128230138216, 9.97800307232e-05, 9.02705724002e-05, 0.000129637875943, 6.86018029228e-05, 8.28128613648e-05, 7.2620670835e-05, 5.92426440562e-05],
        "mean": [0.00575978169218, 0.00274364836514, 0.000749573169742, 0.000365517276805, 0.000130399304908, 9.14144693525e-05, 0.000116456860269, 0.00016827408399, 0.000188263540622, 0.000111928849947, 8.35234313854e-05, 7.47239464545e-05, 9.50438043219e-05, 7.58899332141e-05, 6.9510366302e-05, 9.6041469078e-05, 8.17017717054e-05, 5.01262402395e-05, 4.30974396295e-05, 3.25938854076e-05, 2.89954969048e-05, 2.62765079242e-05, 1.95825814444e-05, 2.18131608563e-05, 1.66075697052e-05, 1.5749994418e-05, 1.46552583828e-05, 1.73897442437e-05, 1.73331300175e-05, 1.70177227119e-05, 1.56228106789e-05, 1.36627295433e-05, 1.25613605633e-05, 1.20505064842e-05, 1.19950682347e-05, 1.1237480976e-05, 9.73089117906e-06, 8.77015008882e-06, 7.40006407796e-06, 6.30653403277e-06],
