{
"highlevel": {
    "danceability": {
        "all": {
            "danceable": 0.216793000698,
            "not_danceable": 0.783206999302
        },
        "probability": 0.783206999302,
        "value": "not_danceable"
    },
    "gender": {
        "all": {
            "female": 0.42388677597,
            "male": 0.57611322403
        },
        "probability": 0.57611322403,
        "value": "male"
    },
    "genre_electronic": {
        "all": {
            "ambient": 0.790342926979,
            "dnb": 0.060989767313,
            "house": 0.0789599865675,
            "techno": 0.0303039047867,
            "trance": 0.0394033901393
        },
        "probability": 0.790342926979,
        "value": "ambient"
    },
    "mood_acoustic": {
        "all": {
            "acoustic": 0.759232342243,
            "not_acoustic": 0.240767627954
        },
        "probability": 0.759232342243,
        "value": "acoustic"
    },
    "mood_aggressive": {
        "all": {
            "aggressive": 0.0529024936259,
            "not_aggressive": 0.947097480297
        },
        "probability": 0.947097480297,
        "value": "not_aggressive"
    },
    "mood_electronic": {
        "all": {
            "electronic": 0.430630654097,
            "not_electronic": 0.569369375706
        },
        "probability": 0.569369375706,
        "value": "not_electronic"
    },
    "mood_happy": {
        "all": {
            "happy": 0.420562654734,
            "not_happy": 0.579437375069
        },
        "probability": 0.579437375069,
        "value": "not_happy"
    },
    "mood_party": {
        "all": {
            "not_party": 0.804534256458,
            "party": 0.195465758443
        },
        "probability": 0.804534256458,
        "value": "not_party"
    },
    "mood_relaxed": {
        "all": {
            "not_relaxed": 0.0949843004346,
            "relaxed": 0.905015707016
        },
        "probability": 0.905015707016,
        "value": "relaxed"
    },
    "mood_sad": {
        "all": {
            "not_sad": 0.440191328526,
            "sad": 0.559808671474
        },
        "probability": 0.559808671474,
        "value": "sad"
    },
    "moods_mirex": {
        "all": {
            "Cluster1": 0.0941039770842,
            "Cluster2": 0.0706180334091,
            "Cluster3": 0.203897252679,
            "Cluster4": 0.191735222936,
            "Cluster5": 0.439645528793
        },
        "probability": 0.439645528793,
        "value": "Cluster5"
    },
    "timbre": {
        "all": {
            "bright": 0.000716363952961,
            "dark": 0.999283611774
        },
        "probability": 0.999283611774,
        "value": "dark"
    },
    "tonal_atonal": {
        "all": {
            "atonal": 0.996123671532,
            "tonal": 0.00387632567436
        },
        "probability": 0.996123671532,
        "value": "atonal"
    },
    "voice_instrumental": {
        "all": {
            "instrumental": 0.85143840313,
            "voice": 0.148561581969
        },
        "probability": 0.85143840313,
        "value": "instrumental"
    }
},
"lowlevel": {
    "average_loudness": 0.735601603985,
    "barkbands_crest": {
        "dmean": 2.26400899887,
        "dmean2": 3.76076173782,
        "dvar": 3.74434161186,
        "dvar2": 10.0066347122,
        "max": 24.5111274719,
        "mean": 10.0064897537,
        "median": 9.24031829834,
        "min": 2.05210876465,
        "stdev": 4.02546787262,
        "var": 16.2043914795
    },
    "barkbands_flatness_db": {
        "dmean": 0.0155985169113,
        "dmean2": 0.0256038028747,
        "dvar": 0.000179000300705,
        "dvar2": 0.00048063340364,
        "max": 0.323652237654,
        "mean": 0.179893821478,
        "median": 0.187483340502,
        "min": 0.0310493521392,
        "stdev": 0.0535425879061,
        "var": 0.00286680855788
    },
    "barkbands_kurtosis": {
        "dmean": 2.18429350853,
        "dmean2": 3.6397664547,
        "dvar": 7.13510274887,
        "dvar2": 19.3300247192,
        "max": 60.242023468,
        "mean": 4.52615976334,
        "median": 3.40736436844,
        "min": -1.84330451488,
        "stdev": 5.00477170944,
        "var": 25.0477390289
    },
    "barkbands_skewness": {
        "dmean": 0.417843341827,
        "dmean2": 0.682493388653,
        "dvar": 0.13785149157,
        "dvar2": 0.365124940872,
        "max": 7.69045972824,
        "mean": 1.62922501564,
        "median": 1.57522809505,
        "min": -3.29581260681,
        "stdev": 0.932550370693,
        "var": 0.869650244713
    },
    "barkbands_spread": {
        "dmean": 2.78189468384,
        "dmean2": 4.61426591873,
        "dvar": 9.45906734467,
        "dvar2": 24.8648853302,
        "max": 74.3146514893,
        "mean": 13.7933177948,
        "median": 10.5587215424,
        "min": 2.01841187477,
        "stdev": 9.89780044556,
        "var": 97.9664535522
    },
    "dissonance": {
        "dmean": 0.0212999358773,
        "dmean2": 0.0363071337342,
        "dvar": 0.000387613399653,
        "dvar2": 0.00111302302685,
        "max": 0.500000119209,
        "mean": 0.45306622982,
        "median": 0.458750814199,
        "min": 0.264194995165,
        "stdev": 0.0329401232302,
        "var": 0.00108505168464
    },
    "dynamic_complexity": 4.43251037598,
    "erbbands_crest": {
        "dmean": 2.35662508011,
        "dmean2": 3.87899470329,
        "dvar": 4.98848628998,
        "dvar2": 12.786441803,
        "max": 31.3489055634,
        "mean": 9.48637199402,
        "median": 8.47037506104,
        "min": 2.38958668709,
        "stdev": 4.77470493317,
        "var": 22.7978076935
    },
    "erbbands_flatness_db": {
        "dmean": 0.0117318816483,
        "dmean2": 0.0186659023166,
        "dvar": 0.000105340637674,
        "dvar2": 0.000259959080722,
        "max": 0.33777230978,
        "mean": 0.182254046202,
        "median": 0.187453061342,
        "min": 0.0331901013851,
        "stdev": 0.0400463454425,
        "var": 0.00160370965023
    },
    "erbbands_kurtosis": {
        "dmean": 0.906492173672,
        "dmean2": 1.45242857933,
        "dvar": 1.77024388313,
        "dvar2": 3.90056300163,
        "max": 59.7654266357,
        "mean": 0.975478291512,
        "median": 0.0112899541855,
        "min": -1.73776996136,
        "stdev": 3.06603765488,
        "var": 9.40058708191
    },
    "erbbands_skewness": {
        "dmean": 0.319058477879,
        "dmean2": 0.516296565533,
        "dvar": 0.0757126882672,
        "dvar2": 0.197261035442,
        "max": 3.565533638,
        "mean": 0.438146084547,
        "median": 0.429429888725,
        "min": -5.8812584877,
        "stdev": 0.910554647446,
        "var": 0.829109787941
    },
    "erbbands_spread": {
        "dmean": 4.47382211685,
        "dmean2": 7.26645374298,
        "dvar": 18.2845649719,
        "dvar2": 49.6009521484,
        "max": 104.389221191,
        "mean": 28.4309558868,
        "median": 25.9091186523,
        "min": 2.648904562,
        "stdev": 12.9421825409,
        "var": 167.500091553
    },
    "hfc": {
        "dmean": 2.98145484924,
        "dmean2": 4.65399980545,
        "dvar": 17.183713913,
        "dvar2": 41.4793357849,
        "max": 92.3813247681,
        "mean": 15.3094787598,
        "median": 13.9128379822,
        "min": 1.14307374165e-16,
        "stdev": 12.4435472488,
        "var": 154.84185791
    },
    "loudness_ebu128": {
        "integrated": -11.3854570389,
        "loudness_range": 12.4493627548,
        "momentary": {
            "dmean": 0.320201724768,
            "dmean2": 0.297853916883,
            "dvar": 0.567494750023,
            "dvar2": 0.689750611782,
            "max": -7.34247589111,
            "mean": -15.054350853,
            "median": -11.6989774704,
            "min": -89.6599655151,
            "stdev": 9.63547039032,
            "var": 92.8422851562
        },
        "short_term": {
            "dmean": 0.0878134593368,
            "dmean2": 0.0442512668669,
            "dvar": 0.0215657278895,
            "dvar2": 0.00359295215458,
            "max": -8.72077465057,
            "mean": -13.8984546661,
            "median": -11.582403183,
            "min": -43.5736618042,
            "stdev": 5.65905952454,
            "var": 32.0249557495
        }
    },
    "melbands_crest": {
        "dmean": 2.96670508385,
        "dmean2": 4.95867729187,
        "dvar": 6.37429761887,
        "dvar2": 17.3447990417,
        "max": 37.3740882874,
        "mean": 13.7523374557,
        "median": 12.6134777069,
        "min": 2.06260943413,
        "stdev": 5.33028030396,
        "var": 28.4118881226
    },
    "melbands_flatness_db": {
        "dmean": 0.0192913319916,
        "dmean2": 0.0319162383676,
        "dvar": 0.000266121176537,
        "dvar2": 0.000720850017387,
        "max": 0.444226115942,
        "mean": 0.264780282974,
        "median": 0.275946289301,
        "min": 0.00455473689362,
        "stdev": 0.072584785521,
        "var": 0.00526855140924
    },
    "melbands_kurtosis": {
        "dmean": 4.09509706497,
        "dmean2": 6.82531023026,
        "dvar": 80.8809280396,
        "dvar2": 234.663085938,
        "max": 471.531799316,
        "mean": 9.76700973511,
        "median": 7.30713319778,
        "min": -1.89462471008,
        "stdev": 10.5265169144,
        "var": 110.807548523
    },
    "melbands_skewness": {
        "dmean": 0.522286772728,
        "dmean2": 0.857035815716,
        "dvar": 0.29307281971,
        "dvar2": 0.811065554619,
        "max": 20.7381477356,
        "mean": 2.34034633636,
        "median": 2.17407894135,
        "min": -1.44440293312,
        "stdev": 1.11206293106,
        "var": 1.23668396473
    },
    "melbands_spread": {
        "dmean": 3.75870537758,
        "dmean2": 6.20775794983,
        "dvar": 31.9955348969,
        "dvar2": 85.9377441406,
        "max": 188.601608276,
        "mean": 15.9354391098,
        "median": 10.8918857574,
        "min": 1.76756846905,
        "stdev": 17.0001773834,
        "var": 289.006011963
    },
    "pitch_salience": {
        "dmean": 0.0699445903301,
        "dmean2": 0.116481587291,
        "dvar": 0.00323665281758,
        "dvar2": 0.00921642407775,
        "max": 0.868361473083,
        "mean": 0.58216381073,
        "median": 0.58869355917,
        "min": 0.0768504738808,
        "stdev": 0.126128017902,
        "var": 0.0159082785249
    },
    "silence_rate_20dB": {
        "dmean": 0,
        "dmean2": 0,
        "dvar": 0,
        "dvar2": 0,
        "max": 1,
        "mean": 1,
        "median": 1,
        "min": 1,
        "stdev": 0,
        "var": 0
    },
    "silence_rate_30dB": {
        "dmean": 0.0352858155966,
        "dmean2": 0.0705815926194,
        "dvar": 0.0340442843735,
        "dvar2": 0.0867830887437,
        "max": 1,
        "mean": 0.950183451176,
        "median": 1,
        "min": 0,
        "stdev": 0.21755553782,
        "var": 0.0473304130137
    },
    "silence_rate_60dB": {
        "dmean": 0.0135497534648,
        "dmean2": 0.02710333094,
        "dvar": 0.0133664300665,
        "dvar2": 0.0325797758996,
        "max": 1,
        "mean": 0.165114313364,
        "median": 0,
        "min": 0,
        "stdev": 0.371282726526,
        "var": 0.137850865722
    },
    "spectral_centroid": {
        "dmean": 123.537849426,
        "dmean2": 202.94732666,
        "dvar": 32111.1699219,
        "dvar2": 71706.71875,
        "max": 11142.1259766,
        "mean": 847.29083252,
        "median": 633.983459473,
        "min": 248.103088379,
        "stdev": 644.254150391,
        "var": 415063.4375
    },
    "spectral_complexity": {
        "dmean": 1.92829918861,
        "dmean2": 3.2478826046,
        "dvar": 3.06753492355,
        "dvar2": 8.10930156708,
        "max": 56,
        "mean": 14.4173021317,
        "median": 15,
        "min": 0,
        "stdev": 7.72043228149,
        "var": 59.6050720215
    },
    "spectral_decrease": {
        "dmean": 2.54861065585e-09,
        "dmean2": 4.29288427028e-09,
        "dvar": 9.89228603275e-18,
        "dvar2": 2.72690412142e-17,
        "max": -1.48451655115e-28,
        "mean": -1.15876881424e-08,
        "median": -1.09056959019e-08,
        "min": -5.40571001295e-08,
        "stdev": 8.73703331905e-09,
        "var": 7.63357540245e-17
    },
    "spectral_energy": {
        "dmean": 0.00978158228099,
        "dmean2": 0.0164592005312,
        "dvar": 0.000144546851516,
        "dvar2": 0.000398405449232,
        "max": 0.207016095519,
        "mean": 0.0451233126223,
        "median": 0.0428876690567,
        "min": 1.09283023173e-20,
        "stdev": 0.0337399505079,
        "var": 0.00113838422112
    },
    "spectral_energyband_high": {
        "dmean": 1.91418948816e-05,
        "dmean2": 3.16990845022e-05,
        "dvar": 6.60517196494e-09,
        "dvar2": 1.6036535655e-08,
        "max": 0.00347149651498,
        "mean": 7.39809402148e-05,
        "median": 4.55787776446e-05,
        "min": 7.85315337697e-21,
        "stdev": 0.000187331650523,
        "var": 3.50931479431e-08
    },
    "spectral_energyband_low": {
        "dmean": 0.0084614790976,
        "dmean2": 0.0143489809707,
        "dvar": 0.000124255966512,
        "dvar2": 0.000336660508765,
        "max": 0.170901149511,
        "mean": 0.0230343658477,
        "median": 0.013964031823,
        "min": 1.26609360632e-22,
        "stdev": 0.0250963103026,
        "var": 0.000629824760836
    },
    "spectral_energyband_middle_high": {
        "dmean": 0.0013941093348,
        "dmean2": 0.002117482014,
        "dvar": 5.84796134717e-06,
        "dvar2": 1.35000782393e-05,
        "max": 0.04958608374,
        "mean": 0.00442340923473,
        "median": 0.00224819919094,
        "min": 1.66032546793e-21,
        "stdev": 0.0058857081458,
        "var": 3.46415617969e-05
    },
    "spectral_energyband_middle_low": {
        "dmean": 0.0050070155412,
        "dmean2": 0.00807435810566,
        "dvar": 4.04430538765e-05,
        "dvar2": 0.000107811189082,
        "max": 0.114348061383,
        "mean": 0.0192781537771,
        "median": 0.0191165860742,
        "min": 4.05742516043e-22,
        "stdev": 0.0142894815654,
        "var": 0.000204189273063
    },
    "spectral_entropy": {
        "dmean": 0.110239952803,
        "dmean2": 0.181048750877,
        "dvar": 0.00941261649132,
        "dvar2": 0.0247147716582,
        "max": 9.77911186218,
        "mean": 7.16903305054,
        "median": 7.07838058472,
        "min": 6.02626466751,
        "stdev": 0.444806516171,
        "var": 0.197852835059
    },
    "spectral_flux": {
        "dmean": 0.0182806663215,
        "dmean2": 0.0305422712117,
        "dvar": 0.00037349521881,
        "dvar2": 0.00102909794077,
        "max": 0.294721215963,
        "mean": 0.0864943265915,
        "median": 0.0877266526222,
        "min": 1.04538523671e-10,
        "stdev": 0.0463664829731,
        "var": 0.00214985059574
    },
    "spectral_kurtosis": {
        "dmean": 2.67750024796,
        "dmean2": 4.68431520462,
        "dvar": 8.00391387939,
        "dvar2": 24.1232795715,
        "max": 53.1405067444,
        "mean": 9.7049446106,
        "median": 9.08075428009,
        "min": -1.25737345219,
        "stdev": 5.63813734055,
        "var": 31.7885913849
    },
    "spectral_rms": {
        "dmean": 0.000661176803987,
        "dmean2": 0.00111512828153,
        "dvar": 4.57018813904e-07,
        "dvar2": 1.27759324187e-06,
        "max": 0.0142115065828,
        "mean": 0.00591318309307,
        "median": 0.00646851025522,
        "min": 3.26523487068e-12,
        "stdev": 0.00300946156494,
        "var": 9.05685919861e-06
    },
    "spectral_rolloff": {
        "dmean": 199.949310303,
        "dmean2": 346.338439941,
        "dvar": 146671.015625,
        "dvar2": 314790.75,
        "max": 18324.7558594,
        "mean": 841.305664062,
        "median": 516.796875,
        "min": 21.533203125,
        "stdev": 874.729614258,
        "var": 765151.9375
    },
    "spectral_skewness": {
        "dmean": 0.241798534989,
        "dmean2": 0.416782230139,
        "dvar": 0.0498065426946,
        "dvar2": 0.146373093128,
        "max": 5.39308357239,
        "mean": 2.27429437637,
        "median": 2.31942987442,
        "min": -0.011431732215,
        "stdev": 0.651522576809,
        "var": 0.42448168993
    },
    "spectral_spread": {
        "dmean": 217920.53125,
        "dmean2": 365911.40625,
        "dvar": 170459332608,
        "dvar2": 229038227456,
        "max": 41142048,
        "mean": 3268995.25,
        "median": 2882780,
        "min": 1281548.875,
        "stdev": 1209830.75,
        "var": 1.46369033011e+12
    },
    "spectral_strongpeak": {
        "dmean": 0.438918590546,
        "dmean2": 0.770600199699,
        "dvar": 0.880100190639,
        "dvar2": 2.30820131302,
        "max": 12.7502985001,
        "mean": 0.742837667465,
        "median": 0.363507926464,
        "min": 0,
        "stdev": 1.21650767326,
        "var": 1.47989106178
    },
    "zerocrossingrate": {
        "dmean": 0.00426041753963,
        "dmean2": 0.00576797733083,
        "dvar": 4.11816581618e-05,
        "dvar2": 6.98007715982e-05,
        "max": 0.48583984375,
        "mean": 0.0347951725125,
        "median": 0.02685546875,
        "min": 0,
        "stdev": 0.028217015788,
        "var": 0.000796200009063
    },
    "barkbands": {
        "dmean": [0.000230334466323, 0.00589704420418, 0.0039567979984, 0.0020303495694, 0.00270377285779, 0.0017068941379, 0.00139786291402, 0.000923846091609, 0.000702638295479, 0.000488012592541, 0.000359557219781, 0.00022589796572, 0.000468206417281, 0.000223009352339, 0.000500849506352, 0.000179187351023, 0.000112102177809, 3.90351269743e-05, 3.09017668769e-05, 1.69164468389e-05, 7.55138808017e-06, 7.86411601439e-06, 1.54211943482e-06, 1.4002386024e-06, 1.06554659851e-06, 3.05690434743e-07, 2.09662474049e-08],
        "dmean2": [0.000338809593813, 0.00938648357987, 0.00731087755412, 0.00330685661174, 0.00445887865499, 0.002848562086, 0.00232623424381, 0.00141063472256, 0.0010005289223, 0.000679136952385, 0.000550817814656, 0.000375371047994, 0.00077633728506, 0.000373153219698, 0.000855100748595, 0.000306129019009, 0.000179740425665, 6.19499842287e-05, 4.70865779789e-05, 2.71577991953e-05, 1.23052586787e-05, 1.34346664709e-05, 2.59799799096e-06, 2.36020241573e-06, 1.82197322829e-06, 5.18636852576e-07, 3.70371360248e-08],
        "dvar": [2.95750623991e-07, 8.55087200762e-05, 2.64869795501e-05, 8.57882787386e-06, 1.5024302229e-05, 7.31270165488e-06, 3.88514672522e-06, 2.23724828174e-06, 2.55602003563e-06, 1.89546631191e-06, 9.30787393827e-07, 2.5935170811e-07, 1.46748368479e-06, 5.05144100771e-07, 1.41160990097e-06, 1.93669251303e-07, 1.0184222532e-07, 1.25798766959e-08, 8.74398420336e-09, 4.82243489586e-09, 1.85154214183e-09, 3.44016237719e-09, 1.67755375563e-11, 1.51788841912e-11, 4.91022847382e-12, 3.80142504931e-13, 1.85923698041e-14],
        "dvar2": [6.19069055574e-07, 0.000209170379094, 8.77654529177e-05, 2.26022748393e-05, 3.95371425839e-05, 1.95961565623e-05, 9.52284608502e-06, 4.56260613646e-06, 4.82438508698e-06, 2.41927318712e-06, 1.79799212674e-06, 6.81297933625e-07, 3.59458363164e-06, 1.14342435609e-06, 3.94105836676e-06, 5.36493246273e-07, 2.58478479509e-07, 2.7784494705e-08, 1.4671410753e-08, 9.59007451229e-09, 3.72477271249e-09, 9.78780700933e-09, 4.09705810944e-11, 3.40364680884e-11, 1.40630684181e-11, 9.75095113161e-13, 5.41794324791e-14],
        "max": [0.0173397418112, 0.162841260433, 0.0709817707539, 0.0399282053113, 0.0605690777302, 0.0522577613592, 0.0350922159851, 0.0330697894096, 0.0589049980044, 0.0668771788478, 0.0413786619902, 0.00791847519577, 0.0482370778918, 0.0445240549743, 0.0215658061206, 0.00922747608274, 0.00785272661597, 0.00493894005194, 0.00552060222253, 0.0035123070702, 0.00316408416256, 0.00234294054098, 0.000186385790585, 0.000256872095633, 7.56660883781e-05, 2.13015355257e-05, 6.3455140662e-06],
        "mean": [0.000750970211811, 0.0151504948735, 0.00560041377321, 0.00321972114034, 0.00536975869909, 0.00348468241282, 0.0032824287191, 0.00200970540754, 0.0015670878347, 0.000958794436883, 0.000625451968517, 0.000333116506226, 0.000787333236076, 0.000428261613706, 0.000808342185337, 0.000284707697574, 0.000208971541724, 8.1694968685e-05, 7.1223366831e-05, 4.32153719885e-05, 2.55829036178e-05, 1.53172641149e-05, 5.43372198081e-06, 5.24843835592e-06, 4.12135659644e-06, 1.25776648474e-06, 3.4378441427e-08],
        "median": [0.000126850092784, 0.00656056916341, 0.00333958119154, 0.00181092729326, 0.00364591320977, 0.00210136082023, 0.00195963913575, 0.000866709684487, 0.000659405020997, 0.000386745377909, 0.000227859243751, 0.000116647774121, 0.00012817690731, 0.000108844265924, 0.000176529661985, 5.90497147641e-05, 3.96231735067e-05, 2.95461122732e-05, 2.96440375678e-05, 2.13331222767e-05, 1.21766724988e-05, 7.12407472747e-06, 4.36663822256e-06, 3.96580981032e-06, 3.05145840684e-06, 1.0323880133e-06, 2.66409934113e-08],
        "min": [3.23957721415e-23, 5.90595799714e-23, 1.54194160414e-23, 4.52930042313e-23, 5.70480414611e-23, 8.06267531302e-23, 6.90243005322e-23, 3.0309134073e-23, 7.7607334373e-23, 7.64654866116e-23, 1.20275527004e-22, 1.3416846564e-22, 1.53054489908e-22, 1.08624278626e-22, 1.04448743192e-22, 1.36666844925e-22, 1.17541675895e-22, 1.76221971543e-22, 3.72234582554e-22, 4.65141773209e-22, 4.06016433793e-22, 4.7687356113e-22, 9.61851008299e-22, 8.82729950823e-22, 1.2039738014e-21, 1.84134039425e-21, 1.96470420442e-21],
        "stdev": [0.0018058369169, 0.0203054826707, 0.00676094740629, 0.00399213656783, 0.00608684821054, 0.00428807642311, 0.00395126035437, 0.00304044806398, 0.00336598651484, 0.00294677307829, 0.00169778894633, 0.000629687274341, 0.0021832997445, 0.00173578166869, 0.00172174989711, 0.000592878437601, 0.000488907797262, 0.000183960233699, 0.000197721732548, 0.000149865241838, 0.000137517228723, 6.94270856911e-05, 7.06954870111e-06, 8.37765855977e-06, 3.89628075936e-06, 9.86875420494e-07, 1.07901328761e-07],
        "var": [3.26104691339e-06, 0.000412312627304, 4.57104069937e-05, 1.59371538757e-05, 3.70497218682e-05, 1.83875981747e-05, 1.56124588102e-05, 9.24432424654e-06, 1.13298656288e-05, 8.68347160576e-06, 2.88248747893e-06, 3.96506038669e-07, 4.7667981562e-06, 3.01293812299e-06, 2.96442271974e-06, 3.51504809259e-07, 2.39030811144e-07, 3.3841367042e-08, 3.90938836858e-08, 2.24595915199e-08, 1.89109865545e-08, 4.8201203029e-09, 4.9978517852e-11, 7.01851562979e-11, 1.51810022886e-11, 9.73923199032e-13, 1.16426974059e-14]
    },
    "erbbands": {
        "dmean": [0.21199823916, 1.24402999878, 3.88059163094, 5.36583662033, 7.5468993187, 9.87377738953, 11.7816572189, 16.5995903015, 22.2784748077, 23.0936393738, 10.9532794952, 17.6478157043, 12.7342224121, 11.8215398788, 17.3430747986, 8.61710071564, 21.0132408142, 10.2525568008, 20.9046211243, 17.7928142548, 6.33362722397, 5.56977844238, 2.99304628372, 1.56066715717, 1.31064498425, 0.868375360966, 0.386949896812, 0.302989929914, 0.359990298748, 0.0756589919329, 0.0427547767758, 0.0325558111072, 0.0240443758667, 0.0147712565958, 0.00709992647171, 0.00210478459485, 0.000446559075499, 7.45647485019e-05, 4.98564622831e-06, 1.06935340227e-05],
        "dmean2": [0.316546082497, 2.06005644798, 7.11073827744, 9.31940174103, 12.7773599625, 16.277305603, 19.1422080994, 27.8082027435, 36.5498924255, 36.9449310303, 17.015007019, 24.9868469238, 17.2698993683, 17.7380809784, 26.5362110138, 14.1759052277, 34.5494728088, 16.7601051331, 35.8396568298, 29.7151412964, 10.7110452652, 8.90575790405, 4.69053077698, 2.39285898209, 2.01421499252, 1.35970640182, 0.627214550972, 0.472084850073, 0.611137032509, 0.127593129873, 0.0712059289217, 0.0545255728066, 0.0411791242659, 0.0252966899425, 0.0122026288882, 0.00362776056863, 0.000762931769714, 0.000123324658489, 8.35646642372e-06, 1.79693070095e-05],
        "dvar": [0.148804709315, 3.4062204361, 25.1044101715, 56.0165901184, 132.020828247, 215.03112793, 375.622436523, 693.39465332, 1162.02832031, 1222.1463623, 408.119018555, 1600.31262207, 2137.55786133, 789.074890137, 2163.43115234, 325.242034912, 3160.52978516, 1116.0144043, 1966.48156738, 3274.09204102, 222.519714355, 249.85383606, 66.1796035767, 22.725566864, 14.4054393768, 17.0020503998, 4.33765172958, 3.78424072266, 8.49506282806, 0.0464358925819, 0.0123595865443, 0.00925689470023, 0.00561415124685, 0.000778943882324, 0.000271900004009, 2.59301486949e-05, 6.48947718673e-07, 6.783820794e-08, 5.9109259154e-11, 1.70669339772e-10],
        "dvar2": [0.331973820925, 9.04912376404, 82.1891479492, 161.328598022, 374.355285645, 561.692382812, 959.08770752, 1849.5760498, 2814.20556641, 2859.88916016, 904.617004395, 2937.08618164, 2237.8762207, 1427.03613281, 4222.07666016, 862.547912598, 7485.41259766, 2373.16894531, 5617.29931641, 8806.28027344, 620.46673584, 615.530517578, 153.96484375, 40.8667564392, 24.3589553833, 33.6110992432, 7.60256290436, 7.96532392502, 25.0453491211, 0.118679016829, 0.0257549881935, 0.0184154547751, 0.0149467568845, 0.00220084749162, 0.0007689470076, 7.30231695343e-05, 1.63301422162e-06, 1.30009624399e-07, 1.52491130834e-10, 4.70041450207e-10],
        "max": [7.09836912155, 34.3902587891, 66.7217483521, 110.880470276, 233.569854736, 246.379852295, 423.626220703, 491.226165771, 625.276000977, 685.550598145, 684.941345215, 1659.32653809, 2649.44799805, 1238.47961426, 2000.30517578, 336.360717773, 2367.37695312, 2297.53588867, 1161.28369141, 1507.796875, 274.174530029, 537.584350586, 303.90335083, 359.359893799, 276.987304688, 223.158676147, 158.426513672, 128.243545532, 117.28653717, 8.16580200195, 7.31870269775, 8.17125320435, 4.11186361313, 0.878756582737, 0.735560119152, 0.196539968252, 0.0292172562331, 0.0167950186878, 0.000378556753276, 0.000225670417421],
        "mean": [0.608351707458, 2.76752901077, 6.05042362213, 8.88621425629, 12.9786872864, 18.6296577454, 22.5175056458, 34.968334198, 49.8055686951, 53.1469802856, 26.3528785706, 39.733707428, 27.851556778, 23.0907115936, 30.7341346741, 16.5255012512, 35.9909515381, 22.1591701508, 36.7181167603, 32.4319877625, 11.9846172333, 10.9046564102, 6.51783466339, 3.6906952858, 3.09374141693, 2.24404549599, 1.19989216328, 0.877554953098, 0.677909612656, 0.229206621647, 0.147840544581, 0.116157315671, 0.0815680623055, 0.0523018874228, 0.0254456996918, 0.00799878221005, 0.00185491843149, 0.000266017450485, 2.68808726105e-05, 5.05113166582e-05],
        "median": [0.186053678393, 1.42418527603, 3.88880157471, 6.13300418854, 8.5590839386, 11.8085842133, 13.8903064728, 20.482673645, 28.4574775696, 31.1676101685, 16.0800666809, 15.7845964432, 12.085026741, 10.3037071228, 10.6879386902, 5.63108444214, 6.30740833282, 6.30919933319, 11.3363208771, 7.77627038956, 3.36599302292, 2.33534622192, 1.82420158386, 1.49816441536, 1.51315236092, 1.01921892166, 0.623136043549, 0.40262439847, 0.270181000233, 0.170848965645, 0.12061201036, 0.0879433602095, 0.0630176663399, 0.0384020283818, 0.0189172588289, 0.00632983446121, 0.0015532260295, 0.000217185064685, 2.64710106421e-05, 4.84105912619e-05],
        "min": [3.43285810713e-21, 6.92578697507e-21, 1.79373404974e-20, 8.90940857391e-20, 1.05322206135e-19, 1.52666586428e-19, 6.42581920574e-19, 5.84852830528e-19, 7.84486253923e-19, 1.03046769271e-18, 7.99813445384e-19, 1.36523202931e-18, 3.55447408789e-18, 3.80286443172e-18, 3.02268939145e-18, 6.49699127321e-18, 6.79932082402e-18, 6.37446638575e-18, 6.20497955978e-18, 4.70965911028e-18, 8.89526207938e-18, 5.67786657265e-18, 6.64220158898e-18, 2.11814997947e-17, 1.68816445715e-17, 2.08219161106e-17, 1.61589666488e-17, 1.84005682062e-17, 1.79027891115e-17, 2.0583810517e-17, 3.04382745434e-17, 2.05347454717e-17, 1.49546843211e-17, 1.13680002338e-17, 8.43520986528e-18, 6.58878846887e-18, 3.21321845143e-18, 1.36589615195e-18, 2.67145733642e-19, 3.06135247244e-20],
        "stdev": [0.908275604248, 3.5618326664, 6.95116519928, 9.71751785278, 14.9116544724, 22.052438736, 30.8054065704, 44.013710022, 63.3254432678, 67.3201751709, 37.8856773376, 86.4793548584, 104.205932617, 53.6420516968, 81.2537612915, 28.3377418518, 102.808807373, 85.8961181641, 68.121635437, 89.4160385132, 22.3261756897, 24.8866672516, 14.2342891693, 9.80495166779, 7.48740100861, 8.97198009491, 5.7526845932, 4.32331800461, 3.53736233711, 0.323658853769, 0.171376630664, 0.246574938297, 0.0855612158775, 0.047841668129, 0.024916132912, 0.00727286702022, 0.00141359108966, 0.000454325374449, 1.70409293787e-05, 3.71504138457e-05],
        "var": [0.824964523315, 12.6866512299, 48.3186988831, 94.4301528931, 222.357437134, 486.310089111, 948.973022461, 1937.20666504, 4010.11157227, 4532.00634766, 1435.32446289, 7478.67871094, 10858.8759766, 2877.46972656, 6602.17382812, 803.027587891, 10569.6513672, 7378.14355469, 4640.55761719, 7995.22851562, 498.4581604, 619.346252441, 202.614974976, 96.1370849609, 56.0611724854, 80.496421814, 33.0933799744, 18.6910800934, 12.5129327774, 0.104755058885, 0.0293699502945, 0.0607992000878, 0.00732072209939, 0.00228882534429, 0.000620813691057, 5.28945929545e-05, 1.99823989533e-06, 2.06411556292e-07, 2.9039326499e-10, 1.38015332496e-09]
    },
    "gfcc": {
        "mean": [-41.4881629944, 142.1222229, -107.551628113, 23.706363678, -48.2825775146, 8.26906585693, -38.2594947815, 6.75702571869, -18.9802951813, 4.70511245728, -11.7567338943, -4.81979799271, -5.68438386917],
        "cov": [[13695.1376953, 3428.24731445, -337.671051025, -276.427642822, 513.370727539, -50.0344009399, 127.875686646, -86.2833557129, 384.012359619, -10.0620765686, 272.136016846, -258.972869873, 161.074478149], [3428.24731445, 1736.80249023, 140.896774292, -321.385528564, 324.531311035, -46.4317512512, 154.829147339, -44.3950996399, 318.310302734, 21.7970619202, 203.175689697, -125.396247864, 145.252044678], [-337.671051025, 140.896774292, 357.493408203, 26.4166584015, -62.8226547241, -17.6018772125, 52.1825065613, 7.79279851913, 53.0656433105, 28.9019832611, 33.185798645, -8.56648731232, 21.7505550385], [-276.427642822, -321.385528564, 26.4166584015, 245.907455444, -36.6533203125, -17.7138519287, -7.92550468445, 13.7078418732, -80.5981292725, -10.4337644577, -33.8155860901, 34.0609588623, -28.9754161835], [513.370727539, 324.531311035, -62.8226547241, -36.6533203125, 291.999481201, 50.5007286072, 62.5950431824, 4.30635070801, 110.027275085, 8.88405418396, 75.1027526855, -2.67412686348, 58.9341087341], [-50.0344009399, -46.4317512512, -17.6018772125, -17.7138519287, 50.5007286072, 87.2509994507, 16.6365890503, -3.55305123329, 7.18297672272, 15.0130090714, 3.77682924271, 7.84549951553, 3.15264153481], [127.875686646, 154.829147339, 52.1825065613, -7.92550468445, 62.5950431824, 16.6365890503, 133.968933105, 34.318649292, 52.1853523254, 16.3495559692, 55.8951759338, 0.183265283704, 16.6262760162], [-86.2833557129, -44.3950996399, 7.79279851913, 13.7078418732, 4.30635070801, -3.55305123329, 34.318649292, 77.900894165, 16.1280460358, -6.72344017029, 11.0593538284, 9.12675762177, -10.4721403122], [384.012359619, 318.310302734, 53.0656433105, -80.5981292725, 110.027275085, 7.18297672272, 52.1853523254, 16.1280460358, 162.715606689, 52.5226516724, 46.7332801819, -28.3257961273, 55.2785339355], [-10.0620765686, 21.7970619202, 28.9019832611, -10.4337644577, 8.88405418396, 15.0130090714, 16.3495559692, -6.72344017029, 52.5226516724, 69.7232589722, 27.6896152496, -7.50129795074, 15.6291093826], [272.136016846, 203.175689697, 33.185798645, -33.8155860901, 75.1027526855, 3.77682924271, 55.8951759338, 11.0593538284, 46.7332801819, 27.6896152496, 100.685691833, 19.3782520294, 18.7827205658], [-258.972869873, -125.396247864, -8.56648731232, 34.0609588623, -2.67412686348, 7.84549951553, 0.183265283704, 9.12675762177, -28.3257961273, -7.50129795074, 19.3782520294, 64.4758529663, 7.69998168945], [161.074478149, 145.252044678, 21.7505550385, -28.9754161835, 58.9341087341, 3.15264153481, 16.6262760162, -10.4721403122, 55.2785339355, 15.6291093826, 18.7827205658, 7.69998168945, 73.5265655518]],
        "icov": [[0.000327322282828, -0.00127409328707, 0.000865982845426, -0.00111335609108, 0.000734914036002, -0.00101159256883, 0.000489331374411, -0.000672482361551, 0.000332566531142, -0.000588190392591, 0.000344993954059, -0.000258558284258, 0.000166817233548], [-0.00127409328707, 0.00756470113993, -0.00350800156593, 0.00499536143616, -0.00269253528677, 0.00472523411736, -0.0023689577356, 0.00529574928805, -0.00472016120329, 0.00772051373497, -0.00704261939973, 0.00634280685335, -0.00285871955566], [0.000865982845426, -0.00350800156593, 0.0068363584578, -0.00532986549661, 0.00591438543051, -0.00455266144127, 0.000531475991011, -0.000762537296396, -0.00292920414358, 0.00133839133196, -0.00272943801247, 0.00113793520723, -0.00136811146513], [-0.00111335609108, 0.00499536143616, -0.00532986549661, 0.0120615679771, -0.00737036624923, 0.00867353752255, -0.00343967089429, 0.000812672078609, 0.00508737331256, -0.00419011712074, 0.0048568607308, -0.00319303618744, 0.00148940121289], [0.000734914036002, -0.00269253528677, 0.00591438543051, -0.00737036624923, 0.0138928880915, -0.0104306358844, 0.00152416282799, 0.00126337760594, -0.00959369447082, 0.0105614569038, -0.0104325627908, 0.00476342020556, -0.00466415379196], [-0.00101159256883, 0.00472523411736, -0.00455266144127, 0.00867353752255, -0.0104306358844, 0.0224386844784, -0.00524731492624, 0.00258981366642, 0.00501949107274, -0.00850390642881, 0.00755115784705, -0.00501423375681, 0.00323004368693], [0.000489331374411, -0.0023689577356, 0.000531475991011, -0.00343967089429, 0.00152416282799, -0.00524731492624, 0.0135319177061, -0.0060007032007, -0.000614584365394, 0.000557305465918, -0.00576882064342, 0.00243695359677, -0.00125401932746], [-0.000672482361551, 0.00529574928805, -0.000762537296396, 0.000812672078609, 0.00126337760594, 0.00258981366642, -0.0060007032007, 0.0227788835764, -0.0124827893451, 0.0132947238162, -0.00731624197215, 0.00146410986781, 0.00330924754962], [0.000332566531142, -0.00472016120329, -0.00292920414358, 0.00508737331256, -0.00959369447082, 0.00501949107274, -0.000614584365394, -0.0124827893451, 0.0305123161525, -0.0256650112569, 0.014210020192, -0.00360279763117, -0.00343389599584], [-0.000588190392591, 0.00772051373497, 0.00133839133196, -0.00419011712074, 0.0105614569038, -0.00850390642881, 0.000557305465918, 0.0132947238162, -0.0256650112569, 0.0464502647519, -0.0280895195901, 0.0181174967438, -0.00764376763254], [0.000344993954059, -0.00704261939973, -0.00272943801247, 0.0048568607308, -0.0104325627908, 0.00755115784705, -0.00576882064342, -0.00731624197215, 0.014210020192, -0.0280895195901, 0.0412698872387, -0.0263634230942, 0.0116848740727], [-0.000258558284258, 0.00634280685335, 0.00113793520723, -0.00319303618744, 0.00476342020556, -0.00501423375681, 0.00243695359677, 0.00146410986781, -0.00360279763117, 0.0181174967438, -0.0263634230942, 0.0396050289273, -0.0160597451031], [0.000166817233548, -0.00285871955566, -0.00136811146513, 0.00148940121289, -0.00466415379196, 0.00323004368693, -0.00125401932746, 0.00330924754962, -0.00343389599584, -0.00764376763254, 0.0116848740727, -0.0160597451031, 0.0271323602647]]
    },
    "melbands": {
        "dmean": [0.00172401405871, 0.0016363831237, 0.000903860258404, 0.000569935247768, 0.000434735498857, 0.000354040035745, 0.000310589821311, 0.000255107792327, 9.18987716432e-05, 0.00010675676458, 6.47657798254e-05, 5.2247352869e-05, 5.09553683514e-05, 3.28522583004e-05, 4.47280035587e-05, 3.4965643863e-05, 2.00986360142e-05, 3.15712059091e-05, 3.46118213201e-05, 1.97057688638e-05, 5.42292900718e-06, 6.19515185463e-06, 5.23002518094e-06, 1.96526298168e-06, 1.37207723583e-06, 1.19054357128e-06, 8.3490635916e-07, 5.80196683586e-07, 3.02425263499e-07, 2.23137632815e-07, 1.80291237939e-07, 2.97762454693e-07, 5.92378697206e-08, 3.84921321483e-08, 2.8512864958e-08, 2.55239225311e-08, 2.14632116524e-08, 1.96782234951e-08, 1.65358784443e-08, 1.3470780047e-08],
        "dmean2": [0.00266771414317, 0.002944807522, 0.00154676521197, 0.000952026573941, 0.000707848055754, 0.0005916255177, 0.000510211160872, 0.00040140200872, 0.000139205832966, 0.000152011445607, 8.85018525878e-05, 7.90296762716e-05, 7.82726856414e-05, 5.16181498824e-05, 7.48049205868e-05, 5.84014414926e-05, 3.29000249621e-05, 5.39775355719e-05, 5.86141104577e-05, 3.34554824803e-05, 9.17827492231e-06, 9.91431079456e-06, 8.56755741552e-06, 3.15352212965e-06, 2.11590941035e-06, 1.82285896244e-06, 1.34700883336e-06, 9.17307374948e-07, 4.84140798562e-07, 3.45666421708e-07, 2.924677176e-07, 5.0629995485e-07, 9.9527184716e-08, 6.52538432178e-08, 4.78547050875e-08, 4.26813002719e-08, 3.6696206962e-08, 3.37012693308e-08, 2.84149361818e-08, 2.31840733278e-08],
        "dvar": [8.35190076032e-06, 4.23171240982e-06, 1.41940870435e-06, 6.93265235441e-07, 4.75941504874e-07, 3.00339735304e-07, 2.11775898151e-07, 1.55110328137e-07, 3.52338282994e-08, 5.80291725782e-08, 5.2942024098e-08, 1.56159405407e-08, 1.8092700671e-08, 5.50883383355e-09, 1.43909923978e-08, 8.15385359232e-09, 4.85618567581e-09, 5.23440801814e-09, 1.04026955938e-08, 3.37978245391e-09, 1.89583196364e-10, 3.06725062016e-10, 2.68905370193e-10, 3.10533716796e-11, 1.87381204303e-11, 1.71949329775e-11, 6.41237974178e-12, 7.85243658291e-12, 3.54696285364e-12, 2.2934050492e-12, 1.31045998705e-12, 6.93181623213e-12, 4.45353863922e-14, 1.75728640081e-14, 5.66229497372e-15, 7.88854743382e-15, 2.92413455205e-15, 4.71396239168e-15, 1.13778134744e-15, 6.37316165723e-16],
        "dvar2": [1.94011008716e-05, 1.3474377738e-05, 4.02075102102e-06, 1.90009791368e-06, 1.17969943858e-06, 8.02705869773e-07, 5.17115495313e-07, 3.45267011426e-07, 6.99566982121e-08, 1.11659979041e-07, 5.61448558756e-08, 2.83027876691e-08, 3.58150664681e-08, 1.26342154516e-08, 3.59895402369e-08, 1.97754079778e-08, 1.02231281218e-08, 1.43946934372e-08, 2.88908861279e-08, 9.1793488366e-09, 5.31287125405e-10, 7.24623250292e-10, 7.00786872976e-10, 7.16558062885e-11, 3.37983634136e-11, 3.04600129841e-11, 1.39420497716e-11, 1.56847295568e-11, 6.94545159233e-12, 3.15416898329e-12, 3.08041244422e-12, 2.04036492563e-11, 9.88153108601e-14, 4.14492794471e-14, 1.16238043361e-14, 1.64241518064e-14, 6.44972475357e-15, 1.24011103781e-14, 3.28856348958e-15, 1.80104509696e-15],
        "max": [0.0509228296578, 0.0239204019308, 0.0164090767503, 0.013558851555, 0.0140183297917, 0.010251105763, 0.00811798032373, 0.00825862307101, 0.0073003154248, 0.00893687270582, 0.0130497552454, 0.00553567055613, 0.00567048974335, 0.00206606648862, 0.00456758588552, 0.00328679336235, 0.00525661185384, 0.00274220504798, 0.00233818101697, 0.00133666535839, 0.000331813731464, 0.000721929420251, 0.000365928572137, 0.000179014503374, 0.000329677946866, 0.000253183970926, 0.000102287478512, 0.000159404415172, 0.000145702491864, 0.000131689928821, 6.21357758064e-05, 0.000105744067696, 7.312895832e-06, 7.28034819986e-06, 5.37749428986e-06, 5.76711181566e-06, 3.51907965523e-06, 3.79315133614e-06, 1.09311622509e-06, 8.71527106483e-07],
        "mean": [0.00470531824976, 0.00317366211675, 0.0016889263643, 0.00113217672333, 0.000861185020767, 0.000770730141085, 0.000703431665897, 0.00056868622778, 0.000215352978557, 0.000235321436776, 0.000134724046802, 9.48502638494e-05, 9.0080400696e-05, 5.47659656149e-05, 7.1747272159e-05, 6.16569304839e-05, 3.94058624806e-05, 5.52513520233e-05, 5.73506840738e-05, 3.18884995067e-05, 9.90051557892e-06, 1.13477863124e-05, 9.33603769226e-06, 3.74489536625e-06, 2.87472471427e-06, 2.58232057604e-06, 1.83351414762e-06, 1.37461177019e-06, 7.26431892417e-07, 6.6392607323e-07, 4.47692769967e-07, 4.93470793117e-07, 1.48767171027e-07, 1.11232054678e-07, 8.49952996873e-08, 7.71657084897e-08, 6.72607995966e-08, 5.79660941469e-08, 5.07918329617e-08, 4.20761310238e-08],
