{
"highlevel": {
    "danceability": {
        "all": {
            "danceable": 0.999845921993,
            "not_danceable": 0.00015406847524
        },
        "probability": 0.999845921993,
        "value": "danceable"
    },
    "gender": {
        "all": {
            "female": 0.983096003532,
            "male": 0.016904020682
        },
        "probability": 0.983096003532,
        "value": "female"
    },
    "genre_electronic": {
        "all": {
            "ambient": 0.064334332943,
            "dnb": 0.0120813315734,
            "house": 0.188559025526,
            "techno": 0.00696193706244,
            "trance": 0.728063344955
        },
        "probability": 0.728063344955,
        "value": "trance"
    },
    "mood_acoustic": {
        "all": {
            "acoustic": 0.000382731872378,
            "not_acoustic": 0.999617278576
        },
        "probability": 0.999617278576,
        "value": "not_acoustic"
    },
    "mood_aggressive": {
        "all": {
            "aggressive": 0.705130398273,
            "not_aggressive": 0.294869601727
        },
        "probability": 0.705130398273,
        "value": "aggressive"
    },
    "mood_electronic": {
        "all": {
            "electronic": 0.840649962425,
            "not_electronic": 0.159350067377
        },
        "probability": 0.840649962425,
        "value": "electronic"
    },
    "mood_happy": {
        "all": {
            "happy": 0.791900873184,
            "not_happy": 0.208099126816
        },
        "probability": 0.791900873184,
        "value": "happy"
    },
    "mood_party": {
        "all": {
            "not_party": 0.0336680859327,
            "party": 0.966331899166
        },
        "probability": 0.966331899166,
        "value": "party"
    },
    "mood_relaxed": {
        "all": {
            "not_relaxed": 0.892275094986,
            "relaxed": 0.107724919915
        },
        "probability": 0.892275094986,
        "value": "not_relaxed"
    },
    "mood_sad": {
        "all": {
            "not_sad": 0.989860534668,
            "sad": 0.0101394439116
        },
        "probability": 0.989860534668,
        "value": "not_sad"
    },
    "moods_mirex": {
        "all": {
            "Cluster1": 0.112233877182,
            "Cluster2": 0.166029408574,
            "Cluster3": 0.174640983343,
            "Cluster4": 0.286488205194,
            "Cluster5": 0.260607510805
        },
        "probability": 0.286488205194,
        "value": "Cluster4"
    },
    "timbre": {
        "all": {
            "bright": 0.00840043090284,
            "dark": 0.991599559784
        },
        "probability": 0.991599559784,
        "value": "dark"
    },
    "tonal_atonal": {
        "all": {
            "atonal": 0.980670690536,
            "tonal": 0.0193292945623
        },
        "probability": 0.980670690536,
        "value": "atonal"
    },
    "voice_instrumental": {
        "all": {
            "instrumental": 0.42590880394,
            "voice": 0.57409119606
        },
        "probability": 0.57409119606,
        "value": "voice"
    }
},
"lowlevel": {
    "average_loudness": 0.775381326675,
    "barkbands_crest": {
        "dmean": 2.54661178589,
        "dmean2": 4.18410396576,
        "dvar": 8.37163925171,
        "dvar2": 21.1527175903,
        "max": 26.6497535706,
        "mean": 12.1486558914,
        "median": 10.6434288025,
        "min": 1.96038174629,
        "stdev": 5.81011962891,
        "var": 33.7574920654
    },
    "barkbands_flatness_db": {
        "dmean": 0.0222858507186,
        "dmean2": 0.0329815112054,
        "dvar": 0.000619926606305,
        "dvar2": 0.00125970726367,
        "max": 0.541369080544,
        "mean": 0.140726923943,
        "median": 0.127939864993,
        "min": 0.016404112801,
        "stdev": 0.0736898928881,
        "var": 0.0054302001372
    },
    "barkbands_kurtosis": {
        "dmean": 3.81439256668,
        "dmean2": 5.33706903458,
        "dvar": 345.972167969,
        "dvar2": 665.544494629,
        "max": 844.605041504,
        "mean": 6.05774259567,
        "median": 0.759743213654,
        "min": -1.87686526775,
        "stdev": 31.333366394,
        "var": 981.779846191
    },
    "barkbands_skewness": {
        "dmean": 0.554292619228,
        "dmean2": 0.824080705643,
        "dvar": 0.647714793682,
        "dvar2": 1.24258589745,
        "max": 25.3983612061,
        "mean": 1.50454986095,
        "median": 0.977079749107,
        "min": -4.99619293213,
        "stdev": 1.85033726692,
        "var": 3.42374801636
    },
    "barkbands_spread": {
        "dmean": 6.30454349518,
        "dmean2": 9.86386394501,
        "dvar": 62.5896873474,
        "dvar2": 147.769958496,
        "max": 108.05329895,
        "mean": 25.6880989075,
        "median": 22.1694641113,
        "min": 0.230552181602,
        "stdev": 16.0247631073,
        "var": 256.793029785
    },
    "dissonance": {
        "dmean": 0.0194584243,
        "dmean2": 0.033460650593,
        "dvar": 0.000452296022559,
        "dvar2": 0.00124207080808,
        "max": 0.500000059605,
        "mean": 0.466170608997,
        "median": 0.47676628828,
        "min": 0.129853636026,
        "stdev": 0.0352357402444,
        "var": 0.00124155730009
    },
    "dynamic_complexity": 3.66790962219,
    "erbbands_crest": {
        "dmean": 2.65731430054,
        "dmean2": 4.3114233017,
        "dvar": 6.62347745895,
        "dvar2": 15.9572649002,
        "max": 31.0113430023,
        "mean": 8.79919815063,
        "median": 7.91177654266,
        "min": 1.78866577148,
        "stdev": 4.30282258987,
        "var": 18.5142803192
    },
    "erbbands_flatness_db": {
        "dmean": 0.0160676650703,
        "dmean2": 0.0237609930336,
        "dvar": 0.000294845958706,
        "dvar2": 0.000527498079464,
        "max": 0.576487898827,
        "mean": 0.158185809851,
        "median": 0.13197273016,
        "min": 0.041306398809,
        "stdev": 0.0809587240219,
        "var": 0.00655431486666
    },
    "erbbands_kurtosis": {
        "dmean": 0.827503085136,
        "dmean2": 1.30869460106,
        "dvar": 3.29702687263,
        "dvar2": 6.82521486282,
        "max": 57.4123764038,
        "mean": 0.521891713142,
        "median": -0.0459522008896,
        "min": -1.87837791443,
        "stdev": 2.39005064964,
        "var": 5.71234226227
    },
    "erbbands_skewness": {
        "dmean": 0.318364918232,
        "dmean2": 0.491037666798,
        "dvar": 0.110515393317,
        "dvar2": 0.221861019731,
        "max": 7.19028520584,
        "mean": 0.379621058702,
        "median": 0.325907230377,
        "min": -5.13734388351,
        "stdev": 0.66699886322,
        "var": 0.44488748908
    },
    "erbbands_spread": {
        "dmean": 7.00802564621,
        "dmean2": 10.474313736,
        "dvar": 60.0282440186,
        "dvar2": 120.863700867,
        "max": 188.212554932,
        "mean": 38.0624351501,
        "median": 37.2870979309,
        "min": 1.26374137402,
        "stdev": 20.9086837769,
        "var": 437.173065186
    },
    "hfc": {
        "dmean": 12.2631454468,
        "dmean2": 19.8342132568,
        "dvar": 427.270629883,
        "dvar2": 1131.60302734,
        "max": 361.115386963,
        "mean": 39.1211738586,
        "median": 34.2500152588,
        "min": 1.1094178801e-16,
        "stdev": 31.0163612366,
        "var": 962.014709473
    },
    "loudness_ebu128": {
        "integrated": -6.38656234741,
        "loudness_range": 6.35537195206,
        "momentary": {
            "dmean": 0.289716124535,
            "dmean2": 0.257848292589,
            "dvar": 0.199296653271,
            "dvar2": 0.179676383734,
            "max": -3.27421617508,
            "mean": -8.88419628143,
            "median": -6.61398506165,
            "min": -79.227394104,
            "stdev": 7.47614908218,
            "var": 55.8928070068
        },
        "short_term": {
            "dmean": 0.0800450667739,
            "dmean2": 0.0549196824431,
            "dvar": 0.011314493604,
            "dvar2": 0.00378152937628,
            "max": -3.64266395569,
            "mean": -8.44470024109,
            "median": -6.69800376892,
            "min": -44.7161254883,
            "stdev": 6.33499002457,
            "var": 40.1320991516
        }
    },
    "melbands_crest": {
        "dmean": 3.12924051285,
        "dmean2": 5.01844072342,
        "dvar": 13.2237091064,
        "dvar2": 32.1356430054,
        "max": 36.1732215881,
        "mean": 17.4459571838,
        "median": 15.6918439865,
        "min": 1.81345415115,
        "stdev": 7.84925985336,
        "var": 61.6108779907
    },
    "melbands_flatness_db": {
        "dmean": 0.0275889970362,
        "dmean2": 0.0406806021929,
        "dvar": 0.00106588948984,
        "dvar2": 0.00220372667536,
        "max": 0.624780893326,
        "mean": 0.198775589466,
        "median": 0.186908632517,
        "min": 0.00419465033337,
        "stdev": 0.0917247533798,
        "var": 0.00841343030334
    },
    "melbands_kurtosis": {
        "dmean": 9.46550273895,
        "dmean2": 13.4298391342,
        "dvar": 699.530883789,
        "dvar2": 1125.60949707,
        "max": 910.613220215,
        "mean": 19.9211597443,
        "median": 4.56112480164,
        "min": -1.90399825573,
        "stdev": 53.2749519348,
        "var": 2838.22045898
    },
    "melbands_skewness": {
        "dmean": 0.803054392338,
        "dmean2": 1.18718087673,
        "dvar": 1.18729698658,
        "dvar2": 2.30541086197,
        "max": 24.9352073669,
        "mean": 2.79508423805,
        "median": 1.80257177353,
        "min": -3.61133956909,
        "stdev": 2.65956664085,
        "var": 7.07329463959
    },
    "melbands_spread": {
        "dmean": 7.87122535706,
        "dmean2": 12.8424549103,
        "dvar": 122.211914062,
        "dvar2": 309.081939697,
        "max": 235.86555481,
        "mean": 27.3420352936,
        "median": 22.39153862,
        "min": 0.266733467579,
        "stdev": 20.476732254,
        "var": 419.296539307
    },
    "pitch_salience": {
        "dmean": 0.0678966492414,
        "dmean2": 0.107887931168,
        "dvar": 0.00608990667388,
        "dvar2": 0.0137333758175,
        "max": 0.875591158867,
        "mean": 0.492313027382,
        "median": 0.505917966366,
        "min": 0.034551192075,
        "stdev": 0.150742813945,
        "var": 0.0227233953774
    },
    "silence_rate_20dB": {
        "dmean": 0,
        "dmean2": 0,
        "dvar": 0,
        "dvar2": 0,
        "max": 1,
        "mean": 1,
        "median": 1,
        "min": 1,
        "stdev": 0,
        "var": 0
    },
    "silence_rate_30dB": {
        "dmean": 0.0548590645194,
        "dmean2": 0.109727367759,
        "dvar": 0.0518492199481,
        "dvar2": 0.0998812317848,
        "max": 1,
        "mean": 0.79614675045,
        "median": 1,
        "min": 0,
        "stdev": 0.402836918831,
        "var": 0.162277594209
    },
    "silence_rate_60dB": {
        "dmean": 0.00521665951237,
        "dmean2": 0.0104341972619,
        "dvar": 0.00518903462216,
        "dvar2": 0.0118382386863,
        "max": 1,
        "mean": 0.0930506512523,
        "median": 0,
        "min": 0,
        "stdev": 0.290510565042,
        "var": 0.084396392107
    },
    "spectral_centroid": {
        "dmean": 260.461639404,
        "dmean2": 412.192230225,
        "dvar": 98113.3984375,
        "dvar2": 226836.859375,
        "max": 11435.0732422,
        "mean": 1640.76623535,
        "median": 1649.50463867,
        "min": 106.412628174,
        "stdev": 735.081787109,
        "var": 540345.25
    },
    "spectral_complexity": {
        "dmean": 4.8122844696,
        "dmean2": 7.53921222687,
        "dvar": 26.5644817352,
        "dvar2": 60.428691864,
        "max": 60,
        "mean": 24.914100647,
        "median": 25,
        "min": 0,
        "stdev": 13.0088920593,
        "var": 169.231277466
    },
    "spectral_decrease": {
        "dmean": 2.4892110595e-09,
        "dmean2": 3.73027475575e-09,
        "dvar": 1.861823913e-17,
        "dvar2": 3.07705761565e-17,
        "max": 1.60160117508e-28,
        "mean": -1.27472601363e-08,
        "median": -7.65626406718e-09,
        "min": -4.1870066525e-08,
        "stdev": 1.23661392237e-08,
        "var": 1.52921409238e-16
    },
    "spectral_energy": {
        "dmean": 0.0097678983584,
        "dmean2": 0.0147928372025,
        "dvar": 0.000264934787992,
        "dvar2": 0.000459253380541,
        "max": 0.16319912672,
        "mean": 0.0516596212983,
        "median": 0.0330329686403,
        "min": 9.79160752164e-21,
        "stdev": 0.0474041551352,
        "var": 0.00224715401419
    },
    "spectral_energyband_high": {
        "dmean": 0.0010696076788,
        "dmean2": 0.00173893454485,
        "dvar": 4.03732065024e-06,
        "dvar2": 1.05304061435e-05,
        "max": 0.0463924258947,
        "mean": 0.00252123340033,
        "median": 0.0017350690905,
        "min": 7.2048610732e-21,
        "stdev": 0.00283790729009,
        "var": 8.05371746537e-06
    },
    "spectral_energyband_low": {
        "dmean": 0.00789979938418,
        "dmean2": 0.0106371231377,
        "dvar": 0.000296546175377,
        "dvar2": 0.000404771766625,
        "max": 0.145261466503,
        "mean": 0.0314311310649,
        "median": 0.00790981110185,
        "min": 2.11357829951e-23,
        "stdev": 0.0454039759934,
        "var": 0.0020615211688
    },
    "spectral_energyband_middle_high": {
        "dmean": 0.00340772420168,
        "dmean2": 0.0055291717872,
        "dvar": 2.30465138884e-05,
        "dvar2": 5.44999566046e-05,
        "max": 0.0601383373141,
        "mean": 0.00917669571936,
        "median": 0.00755651807413,
        "min": 1.22266210557e-21,
        "stdev": 0.00758194550872,
        "var": 5.74858968321e-05
    },
    "spectral_energyband_middle_low": {
        "dmean": 0.00359461293556,
        "dmean2": 0.00581640284508,
        "dvar": 2.83988829324e-05,
        "dvar2": 7.05679485691e-05,
        "max": 0.0594778694212,
        "mean": 0.00926922354847,
        "median": 0.00744133396074,
        "min": 2.31106508329e-22,
        "stdev": 0.00821311492473,
        "var": 6.7455250246e-05
    },
    "spectral_entropy": {
        "dmean": 0.132061436772,
        "dmean2": 0.199828609824,
        "dvar": 0.0245220772922,
        "dvar2": 0.0441420897841,
        "max": 9.81684017181,
        "mean": 7.77412748337,
        "median": 8.02908706665,
        "min": 4.17503547668,
        "stdev": 0.655756175518,
        "var": 0.430016130209
    },
    "spectral_flux": {
        "dmean": 0.0255369041115,
        "dmean2": 0.0390423424542,
        "dvar": 0.00107882299926,
        "dvar2": 0.00244555645622,
        "max": 0.37394413352,
        "mean": 0.0960670560598,
        "median": 0.0904617160559,
        "min": 6.51528830886e-11,
        "stdev": 0.058800496161,
        "var": 0.00345749827102
    },
    "spectral_kurtosis": {
        "dmean": 2.48882889748,
        "dmean2": 4.14113473892,
        "dvar": 49.9904136658,
        "dvar2": 126.706939697,
        "max": 436.741363525,
        "mean": 6.97277402878,
        "median": 2.76243138313,
        "min": -1.24527812004,
        "stdev": 14.0947217941,
        "var": 198.661178589
    },
    "spectral_rms": {
        "dmean": 0.000676907598972,
        "dmean2": 0.00103108480107,
        "dvar": 9.191760455e-07,
        "dvar2": 1.74484807758e-06,
        "max": 0.012618187815,
        "mean": 0.00627691950649,
        "median": 0.00567690841854,
        "min": 3.09075833503e-12,
        "stdev": 0.00331663899124,
        "var": 1.10000946734e-05
    },
    "spectral_rolloff": {
        "dmean": 688.536499023,
        "dmean2": 1148.52001953,
        "dvar": 1397400.5,
        "dvar2": 3254030.5,
        "max": 19336.8164062,
        "mean": 1926.17712402,
        "median": 1248.92578125,
        "min": 64.599609375,
        "stdev": 2037.63781738,
        "var": 4151968
    },
    "spectral_skewness": {
        "dmean": 0.229198008776,
        "dmean2": 0.374738514423,
        "dvar": 0.156901165843,
        "dvar2": 0.428464263678,
        "max": 16.032283783,
        "mean": 1.73218905926,
        "median": 1.38729763031,
        "min": -0.0361663214862,
        "stdev": 0.994614839554,
        "var": 0.989258646965
    },
    "spectral_spread": {
        "dmean": 479766,
        "dmean2": 715590.9375,
        "dvar": 488900657152,
        "dvar2": 874669146112,
        "max": 41511064,
        "mean": 5362362.5,
        "median": 5701590,
        "min": 213558.40625,
        "stdev": 2401904,
        "var": 5.7691429929e+12
    },
    "spectral_strongpeak": {
        "dmean": 0.597313046455,
        "dmean2": 1.01831567287,
        "dvar": 1.06658411026,
        "dvar2": 2.73155760765,
        "max": 11.4433345795,
        "mean": 1.13327372074,
        "median": 0.747786998749,
        "min": 0,
        "stdev": 1.3310457468,
        "var": 1.77168273926
    },
    "zerocrossingrate": {
        "dmean": 0.0123009895906,
        "dmean2": 0.0139820836484,
        "dvar": 0.000239504530327,
        "dvar2": 0.000268252159003,
        "max": 0.5205078125,
        "mean": 0.0704687312245,
        "median": 0.06298828125,
        "min": 0.00146484375,
        "stdev": 0.0519793853164,
        "var": 0.00270185666159
    },
    "barkbands": {
        "dmean": [0.000609394279309, 0.00710448203608, 0.00142207404133, 0.000711489527021, 0.000877619895618, 0.000534941675141, 0.00138737761881, 0.000751928193495, 0.00105014815927, 0.000843183079269, 0.00148555357009, 0.0007885726518, 0.00049196468899, 0.000574016652536, 0.000517548585776, 0.000318054197123, 0.00034539095941, 0.000270326359896, 0.000235305764363, 0.000203296149266, 0.000245184462983, 0.000227280586842, 0.000210253507248, 0.000214483225136, 0.000195703396457, 8.66912523634e-05, 1.81836458069e-05],
        "dmean2": [0.000850456941407, 0.00979021098465, 0.00219682510942, 0.00120376702398, 0.00140997837298, 0.00086728471797, 0.00230337237008, 0.00125988922082, 0.00170452322345, 0.00143801933154, 0.00233320635743, 0.00127154600341, 0.000819720851723, 0.000959333614446, 0.000846993119922, 0.00053354469128, 0.000578553124797, 0.000448435050203, 0.000402247882448, 0.000342464365531, 0.000401821947889, 0.000385802268283, 0.000343702966347, 0.00035006419057, 0.000314968870953, 0.000138598232297, 2.98885988741e-05],
        "dvar": [3.07954633172e-06, 0.000259027263382, 2.21322552534e-05, 4.24414020017e-06, 4.15069916926e-06, 1.13181079087e-06, 1.27915154735e-05, 2.49250410889e-06, 4.09296944781e-06, 2.96034636449e-06, 9.15824966796e-06, 2.35978450291e-06, 8.07799835911e-07, 1.19851972613e-06, 7.4427225627e-07, 2.85997089122e-07, 3.98916284894e-07, 2.58463444425e-07, 1.85928684004e-07, 1.06236655029e-07, 1.61317487368e-07, 2.43116573984e-07, 1.57158865477e-07, 2.12685961287e-07, 1.36716025168e-07, 3.70196211463e-08, 1.66448088645e-09],
        "dvar2": [4.55322151538e-06, 0.000351980444975, 4.73653308291e-05, 1.0852354535e-05, 1.09478787635e-05, 2.67667792286e-06, 2.86530594167e-05, 6.44411647954e-06, 9.99289841275e-06, 7.97204211267e-06, 2.15400123125e-05, 5.23354719917e-06, 1.97726626538e-06, 3.05750813823e-06, 1.86533259239e-06, 7.30250405923e-07, 1.03551531083e-06, 6.47087972538e-07, 5.02430282268e-07, 2.83503823084e-07, 4.14553994688e-07, 6.75000649153e-07, 4.01763855962e-07, 5.41235522178e-07, 3.24922410755e-07, 9.19842406688e-08, 4.52488801983e-09],
        "max": [0.048811301589, 0.129736408591, 0.09592692554, 0.0253224521875, 0.026247870177, 0.0282587595284, 0.0493433475494, 0.0318517126143, 0.0312553755939, 0.0298002343625, 0.0395722016692, 0.0251634698361, 0.0176542773843, 0.0225816946477, 0.0132289491594, 0.00984086561948, 0.0125919096172, 0.012423640117, 0.00958785414696, 0.00692440196872, 0.00622042221949, 0.0121471704915, 0.0126530518755, 0.0173285007477, 0.00650526024401, 0.00487301684916, 0.000481680704979],
        "mean": [0.00185874185991, 0.0270305592567, 0.00192503689323, 0.00108601257671, 0.00160075013991, 0.00100540334824, 0.0025893424172, 0.00110326975118, 0.00168467254844, 0.00114943948574, 0.00215953448787, 0.00132225477137, 0.000780912407208, 0.000878657738212, 0.000831187760923, 0.000488845515065, 0.000580989522859, 0.000496456981637, 0.000387912674341, 0.000383191363653, 0.000471089442726, 0.000402902398491, 0.000435296969954, 0.000437907438027, 0.000383991718991, 0.00015322107356, 3.18352540489e-05],
        "median": [0.000134688540129, 0.00612787296996, 0.000236353036598, 0.000102823250927, 0.000556502025574, 0.000487809767947, 0.000768261263147, 0.000466393481474, 0.00071709905751, 0.000414183537941, 0.000694019603543, 0.000461168267066, 0.000364299747162, 0.000385683204513, 0.000439209165052, 0.000281553308014, 0.000333388365107, 0.000271549040917, 0.000243986447458, 0.000260523112956, 0.000311293348204, 0.000234256032854, 0.000266476854449, 0.000269591924734, 0.000186273828149, 6.70855006319e-05, 1.09153770609e-05],
        "min": [1.2254091346e-24, 1.11939378228e-23, 4.34739272715e-25, 2.75557259183e-24, 1.7661693211e-23, 2.36481468116e-24, 1.65687942689e-23, 1.66389855345e-23, 3.01987724323e-23, 1.79321589055e-23, 1.92495392623e-23, 2.35898503851e-23, 3.43095139877e-23, 4.09288805533e-23, 6.37846990215e-23, 7.08384912876e-23, 9.51574132322e-23, 1.09979680501e-22, 1.64584278951e-22, 1.82267069458e-22, 3.22084687947e-22, 3.34993834992e-22, 4.41679762467e-22, 5.45901036039e-22, 8.35427629513e-22, 1.43410924088e-21, 1.89592017829e-21],
        "stdev": [0.00448485044762, 0.0407033786178, 0.00563715677708, 0.00250842119567, 0.00268541858532, 0.00178291462362, 0.00508026173338, 0.00207056244835, 0.00283562298864, 0.00212603830732, 0.00378273520619, 0.00251321820542, 0.00131650222465, 0.00162222678773, 0.00117536552716, 0.000650744244922, 0.000878646620549, 0.0008387757116, 0.000523856375366, 0.000446093734354, 0.000557022925932, 0.000569886818994, 0.000562323024496, 0.000588218739722, 0.000561472494155, 0.000241789384745, 5.06902797497e-05],
        "var": [2.01138846023e-05, 0.00165676500183, 3.17775375152e-05, 6.29217720416e-06, 7.21147307559e-06, 3.17878470923e-06, 2.58090585703e-05, 4.28722933066e-06, 8.04075716587e-06, 4.52003905593e-06, 1.43090865095e-05, 6.31626517134e-06, 1.73317801e-06, 2.63161973635e-06, 1.38148402584e-06, 4.23468094368e-07, 7.72019859596e-07, 7.03544685621e-07, 2.74425502766e-07, 1.9899962922e-07, 3.10274543835e-07, 3.24770979887e-07, 3.16207177775e-07, 3.46001314711e-07, 3.15251355687e-07, 5.84621062671e-08, 2.56950438704e-09]
    },
    "erbbands": {
        "dmean": [0.290545612574, 1.36994504929, 1.76704752445, 1.91277587414, 2.58055019379, 3.21859002113, 3.56322216988, 4.79956531525, 15.9400253296, 23.9659023285, 18.4550819397, 23.1594181061, 21.302986145, 35.724609375, 49.8343811035, 26.1858043671, 20.3677368164, 25.890745163, 24.0452575684, 24.4921417236, 16.2963943481, 20.2602596283, 14.9038667679, 12.7019834518, 9.6787147522, 9.5086517334, 10.6703519821, 9.016497612, 8.51294517517, 6.93076562881, 5.89522314072, 5.01787948608, 3.33631229401, 2.57371616364, 1.29102635384, 0.498298853636, 0.146681964397, 0.0257256403565, 0.00319735798985, 0.000165398290846],
        "dmean2": [0.366926521063, 2.0037446022, 2.58694243431, 2.9393966198, 4.28003692627, 5.0913476944, 5.80094432831, 7.71561813354, 25.6497592926, 40.1562423706, 30.4775123596, 38.0867614746, 35.6367263794, 59.0251502991, 81.5869674683, 41.7321052551, 33.8917045593, 42.7540550232, 39.6271400452, 40.765422821, 27.6141967773, 33.7464027405, 24.6634979248, 21.2400379181, 16.6086330414, 15.9382925034, 17.8011474609, 14.6306772232, 14.3993368149, 11.5919094086, 9.69891738892, 8.0787525177, 5.54844808578, 4.30332946777, 2.0218975544, 0.800105035305, 0.235197916627, 0.0424395576119, 0.00526068266481, 0.00026458434877],
        "dvar": [0.488097071648, 10.3832874298, 28.1126174927, 26.2889442444, 49.6057548523, 54.6884269714, 48.5411872864, 110.23991394, 1650.61425781, 3763.96386719, 1255.37536621, 2378.28686523, 1755.27990723, 5827.91357422, 10564.1474609, 2457.05639648, 1313.10791016, 2754.35717773, 1956.88366699, 1593.51672363, 832.570800781, 1450.62768555, 883.114196777, 478.75579834, 321.01184082, 233.605804443, 318.595367432, 230.560409546, 312.865386963, 216.596618652, 133.501708984, 113.573066711, 53.1704940796, 24.691242218, 6.8304066658, 1.32433855534, 0.0996792465448, 0.00354920746759, 4.89980338898e-05, 1.05559870178e-07],
        "dvar2": [0.570646643639, 16.0003795624, 53.7368850708, 61.5618095398, 132.753311157, 141.171936035, 124.401161194, 248.167678833, 3898.20336914, 9902.24511719, 3271.94067383, 5933.06445312, 4462.31787109, 13628.3652344, 27440.3984375, 5321.75585938, 3352.62963867, 6554.25634766, 4983.47509766, 4161.51806641, 2174.5847168, 3641.82104492, 2239.06030273, 1215.67480469, 911.404907227, 625.590576172, 836.151123047, 580.373840332, 853.630371094, 583.846191406, 345.818878174, 289.286804199, 139.583114624, 65.7725219727, 15.3084993362, 3.16936993599, 0.250058978796, 0.00983502902091, 0.000132036817377, 2.70028834848e-07],
        "max": [6.8271317482, 33.0740966797, 100.354438782, 69.5095672607, 89.6382293701, 112.380004883, 132.25479126, 357.267700195, 652.897583008, 889.255493164, 759.843994141, 940.780578613, 868.972717285, 1426.58276367, 1248.0501709, 952.116149902, 703.141967773, 1428.39245605, 817.412841797, 757.320068359, 609.08203125, 866.147949219, 733.579772949, 521.167236328, 389.659759521, 276.756317139, 343.135406494, 277.698120117, 402.865325928, 462.224304199, 392.456329346, 433.031097412, 226.119506836, 127.854225159, 58.9708023071, 36.6074066162, 5.57075214386, 0.772250771523, 0.0802366137505, 0.00487779406831],
        "mean": [1.10163557529, 4.67021846771, 3.45069503784, 3.15771484375, 3.90504574776, 5.96721744537, 6.36057472229, 9.44729423523, 27.2787647247, 37.9753570557, 30.4068775177, 35.8690643311, 32.7261772156, 59.0199165344, 78.4198303223, 43.9714851379, 35.184551239, 44.3918991089, 39.9294166565, 42.2896118164, 26.9551944733, 35.4049491882, 28.4392566681, 23.1922664642, 17.0976161957, 18.5318031311, 20.1424427032, 16.6309833527, 14.9584121704, 13.2980003357, 12.1060819626, 10.4872608185, 6.38337230682, 4.80618429184, 2.42641544342, 0.890408098698, 0.250197052956, 0.0409926883876, 0.00556263932958, 0.000370456546079],
        "median": [0.215277075768, 0.948596477509, 0.512820959091, 0.399191319942, 0.955518960953, 1.80189204216, 3.22073984146, 4.45760059357, 8.26924228668, 12.1474838257, 14.3900127411, 15.0756196976, 15.8394041061, 27.0336380005, 33.4150085449, 20.543674469, 19.0767173767, 20.4682025909, 21.1257457733, 25.8696212769, 16.726978302, 21.0376815796, 15.6401100159, 14.271188736, 11.2424182892, 12.6301383972, 12.9640407562, 10.332408905, 8.68831253052, 7.5080370903, 7.40823936462, 6.48275852203, 3.79944467545, 2.4423956871, 1.12466800213, 0.385059922934, 0.105825342238, 0.0172017216682, 0.00203579990193, 0.000178121641511],
        "min": [2.16636224485e-22, 1.48620960355e-21, 1.50924434198e-21, 8.82708342345e-21, 2.33575367808e-20, 4.71128311139e-20, 6.08444719532e-20, 4.50373800271e-20, 1.47686804044e-19, 3.40218972353e-19, 5.36357247467e-19, 7.5370174515e-19, 8.53423020884e-19, 1.02266820672e-18, 1.02427634923e-18, 1.60131423582e-18, 1.9442967152e-18, 2.53604187309e-18, 3.4736221461e-18, 3.69159002777e-18, 3.67931094516e-18, 5.83930617203e-18, 4.94435547907e-18, 4.3171755581e-18, 9.01513461221e-18, 9.40978744554e-18, 8.8428891389e-18, 1.39660959556e-17, 1.10123630284e-17, 1.06427018029e-17, 1.2921870595e-17, 1.18352811793e-17, 9.11125465375e-18, 6.56442345034e-18, 6.63893050324e-18, 5.29646889504e-18, 2.61463519822e-18, 1.07513234386e-18, 2.34595116713e-19, 2.87679716867e-20],
        "stdev": [1.87340116501, 7.64706230164, 8.25921154022, 6.39579963684, 7.50750398636, 11.1140069962, 9.98561477661, 18.3884620667, 55.6863632202, 72.5132827759, 49.1799659729, 65.1430892944, 54.0836105347, 102.058334351, 121.87210083, 70.1921005249, 51.4596672058, 84.8311309814, 62.1234169006, 52.7240753174, 35.1946601868, 54.3342056274, 49.6393547058, 31.0558414459, 20.9300804138, 21.4299793243, 25.5827293396, 20.3556423187, 20.6952037811, 18.7441520691, 15.8569002151, 14.2397174835, 8.6741027832, 6.9681892395, 3.80480217934, 1.48524677753, 0.393891245127, 0.0648615062237, 0.00871677417308, 0.000505245116074],
        "var": [3.5096321106, 58.4775619507, 68.2145767212, 40.9062538147, 56.3626174927, 123.521141052, 99.7125091553, 338.135528564, 3100.97094727, 5258.17578125, 2418.66894531, 4243.62207031, 2925.03710938, 10415.9033203, 14852.8085938, 4926.93066406, 2648.09716797, 7196.32128906, 3859.31884766, 2779.828125, 1238.66418457, 2952.20605469, 2464.06567383, 964.465270996, 438.068237305, 459.243988037, 654.476074219, 414.352172852, 428.291473389, 351.343231201, 251.441299438, 202.769546509, 75.2400588989, 48.5556640625, 14.4765195847, 2.20595812798, 0.155150309205, 0.00420701457188, 7.59821487009e-05, 2.55272624372e-07]
    },
    "gfcc": {
        "mean": [9.1060552597, 60.6734962463, -122.564552307, 13.9705734253, -56.3241119385, 22.3715343475, -28.9376602173, 15.6296234131, -13.861456871, 6.67946815491, -9.0987701416, 4.39652061462, -4.14252567291],
        "cov": [[21465.078125, -5610.92919922, 1665.32885742, 2064.36547852, 129.993057251, 1560.15466309, -82.5886535645, 902.701660156, -274.321166992, 810.820922852, -309.453796387, 531.250793457, -260.78225708], [-5610.92919922, 4890.88916016, 435.826629639, -87.4192733765, 710.864013672, -452.520782471, 323.542388916, -306.558807373, 454.967407227, -275.525543213, 338.652770996, -104.519172668, 284.56842041], [1665.32885742, 435.826629639, 1917.89025879, 1076.45446777, 691.311035156, 443.274749756, 254.334259033, 123.55304718, 33.4747962952, 40.9204368591, -146.254989624, 53.7349586487, -87.2254333496], [2064.36547852, -87.4192733765, 1076.45446777, 984.40057373, 458.521759033, 391.02835083, 158.157730103, 136.584732056, -10.5036401749, 50.6625061035, -99.6637954712, 30.3183670044, -45.4088172913], [129.993057251, 710.864013672, 691.311035156, 458.521759033, 623.221191406, 256.015228271, 230.287857056, 59.8757591248, 116.583625793, 0.298277527094, -21.6649589539, 26.9155807495, 31.6831111908], [1560.15466309, -452.520782471, 443.274749756, 391.02835083, 256.015228271, 442.795257568, 133.738052368, 154.590927124, -24.3554821014, 89.808631897, -69.2403869629, 48.9367179871, -30.8410396576], [-82.5886535645, 323.542388916, 254.334259033, 158.157730103, 230.287857056, 133.738052368, 231.491653442, 75.4658584595, 88.3870849609, -1.83971858025, -5.59252548218, 3.84619164467, 6.2192697525], [902.701660156, -306.558807373, 123.55304718, 136.584732056, 59.8757591248, 154.590927124, 75.4658584595, 200.507110596, 56.1492881775, 89.5743713379, -4.97392272949, 45.9233055115, -2.80656981468], [-274.321166992, 454.967407227, 33.4747962952, -10.5036401749, 116.583625793, -24.3554821014, 88.3870849609, 56.1492881775, 221.759002686, 59.4562034607, 73.5205383301, 36.8752555847, 37.1104316711], [810.820922852, -275.525543213, 40.9204368591, 50.6625061035, 0.298277527094, 89.808631897, -1.83971858025, 89.5743713379, 59.4562034607, 188.445892334, 57.8467979431, 42.7409858704, -11.3583097458], [-309.453796387, 338.652770996, -146.254989624, -99.6637954712, -21.6649589539, -69.2403869629, -5.59252548218, -4.97392272949, 73.5205383301, 57.8467979431, 151.542938232, 34.5397605896, 51.6575889587], [531.250793457, -104.519172668, 53.7349586487, 30.3183670044, 26.9155807495, 48.9367179871, 3.84619164467, 45.9233055115, 36.8752555847, 42.7409858704, 34.5397605896, 119.06124115, 40.3087921143], [-260.78225708, 284.56842041, -87.2254333496, -45.4088172913, 31.6831111908, -30.8410396576, 6.2192697525, -2.80656981468, 37.1104316711, -11.3583097458, 51.6575889587, 40.3087921143, 113.890426636]],
        "icov": [[0.000109120977868, 7.58134992793e-05, 1.19646165331e-05, -0.000206656462979, 6.13895826973e-05, -0.000116233815788, 0.000103010344901, -7.74867003202e-05, -1.99931782845e-05, -0.000149393104948, 8.04233513918e-06, -0.000258787447819, 1.06720026452e-05], [7.58134992793e-05, 0.000941491744015, -0.000507876393385, 0.000209841731703, -0.000682300073095, 0.000433279259596, -0.000283686997136, 0.000657522294205, -0.0010571659077, 0.00115718482994, -0.00199230923317, 0.00130696594715, -0.00124433613382], [1.19646165331e-05, -0.000507876393385, 0.00205324776471, -0.00169903761707, -0.000515498220921, 0.000152752036229, -0.000207232151297, -1.6432515622e-05, 0.000719897507224, -0.00110419595148, 0.00188666302711, -0.00193386897445, 0.0018711858429], [-0.000206656462979, 0.000209841731703, -0.00169903761707, 0.00386325269938, -0.00108053302392, -0.000670234672725, 0.000423437828431, -0.000554251542781, 0.000142598335515, 0.000922347535379, -0.00100869941525, 0.00180097401608, -0.000810507277492], [6.13895826973e-05, -0.000682300073095, -0.000515498220921, -0.00108053302392, 0.00568328052759, -0.00251789810136, -0.00165885139722, 0.00125582818873, -0.00157006364316, -0.000152651700773, 0.00139105936978, -0.000548699230421, -0.00106195581611], [-0.000116233815788, 0.000433279259596, 0.000152752036229, -0.000670234672725, -0.00251789810136, 0.00741924298927, -0.00265671173111, -0.00194452435244, 0.00308154802769, -0.00241951760836, 0.00104723323602, -0.00101526966318, -5.33416605322e-05], [0.000103010344901, -0.000283686997136, -0.000207232151297, 0.000423437828431, -0.00165885139722, -0.00265671173111, 0.00983206462115, -0.00292134657502, -0.00274011003785, 0.00265274872072, -0.000596471945755, 0.00126039318275, 0.0010698257247], [-7.74867003202e-05, 0.000657522294205, -1.6432515622e-05, -0.000554251542781, 0.00125582818873, -0.00194452435244, -0.00292134657502, 0.0107912393287, -0.00320176291279, -0.00196417141706, 0.000512377475388, -0.000333249161486, -0.00177143374458], [-1.99931782845e-05, -0.0010571659077, 0.000719897507224, 0.000142598335515, -0.00157006364316, 0.00308154802769, -0.00274011003785, -0.00320176291279, 0.0108673376963, -0.00449061580002, 0.000811250938568, -0.00322809396312, 0.00133149768226], [-0.000149393104948, 0.00115718482994, -0.00110419595148, 0.000922347535379, -0.000152651700773, -0.00241951760836, 0.00265274872072, -0.00196417141706, -0.00449061580002, 0.0132560357451, -0.00825402140617, 0.0022635855712, 0.00121056684293], [8.04233513918e-06, -0.00199230923317, 0.00188666302711, -0.00100869941525, 0.00139105936978, 0.00104723323602, -0.000596471945755, 0.000512377475388, 0.000811250938568, -0.00825402140617, 0.0172067657113, -0.00522293895483, -0.0010624966817], [-0.000258787447819, 0.00130696594715, -0.00193386897445, 0.00180097401608, -0.000548699230421, -0.00101526966318, 0.00126039318275, -0.000333249161486, -0.00322809396312, 0.0022635855712, -0.00522293895483, 0.0157289598137, -0.00674083689228], [1.06720026452e-05, -0.00124433613382, 0.0018711858429, -0.000810507277492, -0.00106195581611, -5.33416605322e-05, 0.0010698257247, -0.00177143374458, 0.00133149768226, 0.00121056684293, -0.0010624966817, -0.00674083689228, 0.0157573111355]]
    },
    "melbands": {
        "dmean": [0.00220009731129, 0.00106508564204, 0.000308585469611, 0.000210032521863, 0.000122169891256, 0.000110700406367, 0.000247470714385, 0.000240331806708, 0.000168390761246, 0.000140122545417, 0.000111095621833, 0.000143934143125, 0.000203446339583, 9.1413858172e-05, 5.80564374104e-05, 4.95715503348e-05, 4.93731022289e-05, 4.21290351369e-05, 4.125509804e-05, 2.55658542301e-05, 1.96390119527e-05, 2.42086007347e-05, 1.4694289348e-05, 1.43437828228e-05, 1.0875614862e-05, 9.17581746762e-06, 6.50976380712e-06, 6.71142925057e-06, 7.37916798244e-06, 6.34603975413e-06, 5.28099917574e-06, 5.14371504323e-06, 4.59060811409e-06, 4.06270828535e-06, 3.50982031705e-06, 3.8091013721e-06, 3.01788850265e-06, 2.53377243098e-06, 2.05927858588e-06, 2.45981277658e-06],
        "dmean2": [0.00288994354196, 0.0015097623691, 0.000462659692857, 0.000337218574714, 0.000198379348149, 0.000178469665116, 0.000403783051297, 0.00039913598448, 0.00027768756263, 0.000228759075981, 0.000186013916391, 0.000240865178057, 0.00032823314541, 0.000145406374941, 9.69435059233e-05, 8.16164028947e-05, 8.14907762106e-05, 7.04885678715e-05, 6.7530600063e-05, 4.25183243351e-05, 3.35700642609e-05, 4.04163401981e-05, 2.4437724278e-05, 2.34671915678e-05, 1.83612046385e-05, 1.57694739755e-05, 1.10862183647e-05, 1.12557600005e-05, 1.22105811897e-05, 1.06930374386e-05, 8.59335887071e-06, 8.73694716574e-06, 7.87297631177e-06, 6.72175929139e-06, 5.79905963605e-06, 6.31614148006e-06, 4.87475790578e-06, 4.2588976612e-06, 3.4158570088e-06, 4.13324642068e-06],
        "dvar": [2.52843146882e-05, 6.68520760883e-06, 5.69406836348e-07, 2.59857387164e-07, 5.15869196249e-08, 4.86588369597e-08, 3.94165141415e-07, 3.44157029986e-07, 1.00398814595e-07, 8.34120896798e-08, 4.8620567128e-08, 9.37609883067e-08, 1.8407392588e-07, 3.91477854578e-08, 1.13689306858e-08, 9.30262711307e-09, 9.79453229633e-09, 6.92772372801e-09, 5.19747045402e-09, 1.74064351821e-09, 1.2967222851e-09, 2.12260142796e-09, 8.72976801958e-10, 8.38052016672e-10, 3.65297542215e-10, 3.25334509332e-10, 1.13692465165e-10, 1.23705670707e-10, 1.58549728901e-10, 1.34712643818e-10, 8.4016488211e-11, 1.060853419e-10, 1.09668121806e-10, 6.34950633738e-11, 4.9787025197e-11, 5.065441816e-11, 4.67844755991e-11, 3.11214214122e-11, 1.84340390175e-11, 2.53647103321e-11],
        "dvar2": [3.15631332342e-05, 1.06961124402e-05, 1.2003062011e-06, 6.84690633079e-07, 1.32047020429e-07, 1.11974962635e-07, 8.61856051415e-07, 8.98928874449e-07, 2.62809066953e-07, 2.0337587614e-07, 1.24058857409e-07, 2.3095628876e-07, 4.74885609947e-07, 8.33008044765e-08, 2.9039366467e-08, 2.22370726277e-08, 2.34162307322e-08, 1.80360082425e-08, 1.2964146201e-08, 4.55750903683e-09, 3.41379413626e-09, 5.37832933745e-09, 2.23689800016e-09, 1.9812316232e-09, 9.28306098658e-10, 9.10206909843e-10, 3.18570309021e-10, 3.23032101068e-10, 4.08563627374e-10, 3.60452445669e-10, 2.10139725065e-10, 2.90204665854e-10, 3.06193986832e-10, 1.67224178949e-10, 1.31093538802e-10, 1.31449975904e-10, 1.20330412301e-10, 8.45334843791e-11, 4.63008555107e-11, 6.92865348428e-11],
        "max": [0.045423142612, 0.0378502197564, 0.0108615551144, 0.00655227340758, 0.00417223293334, 0.00686297472566, 0.00871775206178, 0.00839807093143, 0.00621216231957, 0.00542077468708, 0.00464120553806, 0.0055293245241, 0.0054250061512, 0.00364042446017, 0.00179764127824, 0.00225023902021, 0.00237745163031, 0.00189104722813, 0.00118759018369, 0.000641046906821, 0.00073488446651, 0.00109419308137, 0.000582942680921, 0.000648185436148, 0.00047419857583, 0.000468427460873, 0.000264284055447, 0.000187708836165, 0.000245475588599, 0.000234335369896, 0.000170354338479, 0.000221438691369, 0.000304693472572, 0.000260179978795, 0.000245085393544, 0.000312923570164, 0.000298262515571, 0.000183774842299, 0.000181627110578, 7.9888079199e-05],
        "mean": [0.00850817281753, 0.00315689248964, 0.000543512403965, 0.000365468324162, 0.000230600839132, 0.000219606401515, 0.000448349921498, 0.000373693736037, 0.000270296557574, 0.000215270716581, 0.000162610740517, 0.00023024775146, 0.000302464497508, 0.000156568246894, 8.67239868967e-05, 8.31215365906e-05, 7.96887688921e-05, 6.33194940747e-05, 6.65113620926e-05, 4.10447973991e-05, 2.85806981992e-05, 3.91093635699e-05, 2.49021140917e-05, 2.54766327998e-05, 1.80432707566e-05, 1.43489432958e-05, 1.1407938473e-05, 1.20931745187e-05, 1.30128637466e-05, 1.08267295218e-05, 9.06741570361e-06, 8.42164081405e-06, 7.72512885305e-06, 7.46181558497e-06, 6.7508981374e-06, 7.36777974453e-06, 5.97417511017e-06, 4.55543158751e-06, 3.74482624466e-06, 4.25634334533e-06],
