{
"highlevel": {
    "danceability": {
        "all": {
            "danceable": 0.99944961071,
            "not_danceable": 0.000550417404156
        },
        "probability": 0.99944961071,
        "value": "danceable"
    },
    "gender": {
        "all": {
            "female": 0.915679395199,
            "male": 0.0843205824494
        },
        "probability": 0.915679395199,
        "value": "female"
    },
    "genre_electronic": {
        "all": {
            "ambient": 0.1239246279,
            "dnb": 0.144047230482,
            "house": 0.516380548477,
            "techno": 0.0436558872461,
            "trance": 0.171991676092
        },
        "probability": 0.516380548477,
        "value": "house"
    },
    "mood_acoustic": {
        "all": {
            "acoustic": 0.0182428341359,
            "not_acoustic": 0.981757164001
        },
        "probability": 0.981757164001,
        "value": "not_acoustic"
    },
    "mood_aggressive": {
        "all": {
            "aggressive": 0.0280887093395,
            "not_aggressive": 0.97191131115
        },
        "probability": 0.97191131115,
        "value": "not_aggressive"
    },
    "mood_electronic": {
        "all": {
            "electronic": 0.924247264862,
            "not_electronic": 0.0757527351379
        },
        "probability": 0.924247264862,
        "value": "electronic"
    },
    "mood_happy": {
        "all": {
            "happy": 0.5,
            "not_happy": 0.5
        },
        "probability": 0.5,
        "value": "not_happy"
    },
    "mood_party": {
        "all": {
            "not_party": 0.172638013959,
            "party": 0.827362000942
        },
        "probability": 0.827362000942,
        "value": "party"
    },
    "mood_relaxed": {
        "all": {
            "not_relaxed": 0.110548608005,
            "relaxed": 0.889451384544
        },
        "probability": 0.889451384544,
        "value": "relaxed"
    },
    "mood_sad": {
        "all": {
            "not_sad": 0.879557907581,
            "sad": 0.120442077518
        },
        "probability": 0.879557907581,
        "value": "not_sad"
    },
    "moods_mirex": {
        "all": {
            "Cluster1": 0.13700465858,
            "Cluster2": 0.356973618269,
            "Cluster3": 0.0721495971084,
            "Cluster4": 0.339555680752,
            "Cluster5": 0.0943164154887
        },
        "probability": 0.356973618269,
        "value": "Cluster2"
    },
    "timbre": {
        "all": {
            "bright": 0.33264619112,
            "dark": 0.66735380888
        },
        "probability": 0.66735380888,
        "value": "dark"
    },
    "tonal_atonal": {
        "all": {
            "atonal": 0.821929514408,
            "tonal": 0.178070500493
        },
        "probability": 0.821929514408,
        "value": "atonal"
    },
    "voice_instrumental": {
        "all": {
            "instrumental": 0.0517793521285,
            "voice": 0.948220670223
        },
        "probability": 0.948220670223,
        "value": "voice"
    }
},
"lowlevel": {
    "average_loudness": 0.963352203369,
    "barkbands_crest": {
        "dmean": 3.15277338028,
        "dmean2": 4.87651586533,
        "dvar": 11.2948007584,
        "dvar2": 22.7917613983,
        "max": 26.6461982727,
        "mean": 13.5261068344,
        "median": 11.9407587051,
        "min": 2.43833899498,
        "stdev": 6.28728342056,
        "var": 39.5299339294
    },
    "barkbands_flatness_db": {
        "dmean": 0.0361862033606,
        "dmean2": 0.0510770827532,
        "dvar": 0.00123370310757,
        "dvar2": 0.00225146557204,
        "max": 0.448563575745,
        "mean": 0.173630103469,
        "median": 0.161878302693,
        "min": 0.0208632741123,
        "stdev": 0.0805322900414,
        "var": 0.00648544961587
    },
    "barkbands_kurtosis": {
        "dmean": 10.6025648117,
        "dmean2": 15.4401750565,
        "dvar": 608.986999512,
        "dvar2": 1246.07531738,
        "max": 777.539794922,
        "mean": 16.9338245392,
        "median": 6.19461631775,
        "min": -1.94819653034,
        "stdev": 35.243938446,
        "var": 1242.13513184
    },
    "barkbands_skewness": {
        "dmean": 1.0614233017,
        "dmean2": 1.47953093052,
        "dvar": 1.46234369278,
        "dvar2": 2.59518814087,
        "max": 25.2953395844,
        "mean": 2.88803601265,
        "median": 2.3866174221,
        "min": -7.78042888641,
        "stdev": 2.50565171242,
        "var": 6.27829027176
    },
    "barkbands_spread": {
        "dmean": 9.65840053558,
        "dmean2": 14.1250267029,
        "dvar": 161.025421143,
        "dvar2": 296.070587158,
        "max": 119.58430481,
        "mean": 22.0077495575,
        "median": 15.5962104797,
        "min": 0.324981749058,
        "stdev": 20.0505084991,
        "var": 402.022888184
    },
    "dissonance": {
        "dmean": 0.0216548461467,
        "dmean2": 0.0350930131972,
        "dvar": 0.00045778680942,
        "dvar2": 0.0011588166235,
        "max": 0.5,
        "mean": 0.457999914885,
        "median": 0.468165814877,
        "min": 0.213147178292,
        "stdev": 0.0361220501363,
        "var": 0.00130480248481
    },
    "dynamic_complexity": 3.01162075996,
    "erbbands_crest": {
        "dmean": 3.18289375305,
        "dmean2": 4.98764801025,
        "dvar": 8.52972888947,
        "dvar2": 19.4330921173,
        "max": 28.7767620087,
        "mean": 9.65064525604,
        "median": 8.51820755005,
        "min": 2.35766792297,
        "stdev": 4.70959281921,
        "var": 22.1802635193
    },
    "erbbands_flatness_db": {
        "dmean": 0.0235423073173,
        "dmean2": 0.0335673615336,
        "dvar": 0.000434783141827,
        "dvar2": 0.000845638278406,
        "max": 0.484814941883,
        "mean": 0.139961093664,
        "median": 0.123281255364,
        "min": 0.0423455201089,
        "stdev": 0.0675777718425,
        "var": 0.00456675514579
    },
    "erbbands_kurtosis": {
        "dmean": 1.51944804192,
        "dmean2": 2.31718707085,
        "dvar": 5.56161546707,
        "dvar2": 11.9789810181,
        "max": 42.0398025513,
        "mean": 1.19051539898,
        "median": 0.175006389618,
        "min": -1.86239123344,
        "stdev": 3.37099313736,
        "var": 11.3635950089
    },
    "erbbands_skewness": {
        "dmean": 0.519885838032,
        "dmean2": 0.735074579716,
        "dvar": 0.278920650482,
        "dvar2": 0.482374280691,
        "max": 4.76335525513,
        "mean": 0.440717816353,
        "median": 0.490459650755,
        "min": -5.48128700256,
        "stdev": 1.0509929657,
        "var": 1.10458612442
    },
    "erbbands_spread": {
        "dmean": 14.2787532806,
        "dmean2": 21.1039428711,
        "dvar": 217.626495361,
        "dvar2": 443.780548096,
        "max": 204.372756958,
        "mean": 52.0162734985,
        "median": 47.7331771851,
        "min": 3.40850830078,
        "stdev": 28.4894771576,
        "var": 811.65032959
    },
    "hfc": {
        "dmean": 19.0327072144,
        "dmean2": 29.2173423767,
        "dvar": 883.493408203,
        "dvar2": 2092.61206055,
        "max": 233.23236084,
        "mean": 28.7225761414,
        "median": 18.6927032471,
        "min": 1.20815022419e-16,
        "stdev": 32.8956413269,
        "var": 1082.12329102
    },
    "loudness_ebu128": {
        "integrated": -8.07907485962,
        "loudness_range": 5.10312080383,
        "momentary": {
            "dmean": 0.638154506683,
            "dmean2": 0.918617665768,
            "dvar": 0.670493125916,
            "dvar2": 0.986329853535,
            "max": -5.58097648621,
            "mean": -9.34538650513,
            "median": -7.77119636536,
            "min": -56.714630127,
            "stdev": 4.85444736481,
            "var": 23.5656604767
        },
        "short_term": {
            "dmean": 0.0951693579555,
            "dmean2": 0.121540933847,
            "dvar": 0.0099473092705,
            "dvar2": 0.00917244050652,
            "max": -6.43664169312,
            "mean": -8.75084972382,
            "median": -7.74732208252,
            "min": -29.6946811676,
            "stdev": 2.88757038116,
            "var": 8.33806228638
        }
    },
    "melbands_crest": {
        "dmean": 3.76806092262,
        "dmean2": 5.46729183197,
        "dvar": 12.625005722,
        "dvar2": 28.5311927795,
        "max": 36.3565788269,
        "mean": 19.068819046,
        "median": 17.5881843567,
        "min": 1.7888906002,
        "stdev": 8.03485107422,
        "var": 64.5588302612
    },
    "melbands_flatness_db": {
        "dmean": 0.041326649487,
        "dmean2": 0.0577877238393,
        "dvar": 0.00167626340408,
        "dvar2": 0.00302976625971,
        "max": 0.55011844635,
        "mean": 0.244733020663,
        "median": 0.238342612982,
        "min": 0.00460235215724,
        "stdev": 0.0943399891257,
        "var": 0.00890003331006
    },
    "melbands_kurtosis": {
        "dmean": 28.1995506287,
        "dmean2": 40.5395584106,
        "dvar": 3589.68994141,
        "dvar2": 6979.40087891,
        "max": 1137.75964355,
        "mean": 53.0067863464,
        "median": 21.9612827301,
        "min": -1.81484758854,
        "stdev": 102.113708496,
        "var": 10427.2089844
    },
    "melbands_skewness": {
        "dmean": 1.44831824303,
        "dmean2": 2.04213118553,
        "dvar": 2.85857963562,
        "dvar2": 5.01301717758,
        "max": 30.4870052338,
        "mean": 4.77063274384,
        "median": 3.8729391098,
        "min": -4.32011985779,
        "stdev": 3.79290056229,
        "var": 14.386095047
    },
    "melbands_spread": {
        "dmean": 9.79970359802,
        "dmean2": 14.7439088821,
        "dvar": 293.048553467,
        "dvar2": 611.188415527,
        "max": 239.62739563,
        "mean": 19.1674842834,
        "median": 11.8395032883,
        "min": 0.254252821207,
        "stdev": 24.014755249,
        "var": 576.708496094
    },
    "pitch_salience": {
        "dmean": 0.0930426120758,
        "dmean2": 0.15068218112,
        "dvar": 0.0120184523985,
        "dvar2": 0.027500834316,
        "max": 0.931020975113,
        "mean": 0.460504621267,
        "median": 0.493643850088,
        "min": 0.0303670465946,
        "stdev": 0.184757888317,
        "var": 0.03413547948
    },
    "silence_rate_20dB": {
        "dmean": 0,
        "dmean2": 0,
        "dvar": 0,
        "dvar2": 0,
        "max": 1,
        "mean": 1,
        "median": 1,
        "min": 1,
        "stdev": 0,
        "var": 0
    },
    "silence_rate_30dB": {
        "dmean": 0.104654222727,
        "dmean2": 0.209335967898,
        "dvar": 0.0936964526772,
        "dvar2": 0.20048931241,
        "max": 1,
        "mean": 0.847377419472,
        "median": 1,
        "min": 0,
        "stdev": 0.359634876251,
        "var": 0.129337236285
    },
    "silence_rate_60dB": {
        "dmean": 0.0134104657918,
        "dmean2": 0.0268244575709,
        "dvar": 0.013232158497,
        "dvar2": 0.0295214988291,
        "max": 1,
        "mean": 0.0772972255945,
        "median": 0,
        "min": 0,
        "stdev": 0.267072886229,
        "var": 0.071327932179
    },
    "spectral_centroid": {
        "dmean": 377.708343506,
        "dmean2": 537.889831543,
        "dvar": 248089.125,
        "dvar2": 400095.65625,
        "max": 11359.7880859,
        "mean": 1301.23962402,
        "median": 1104.4666748,
        "min": 155.984298706,
        "stdev": 858.840393066,
        "var": 737606.8125
    },
    "spectral_complexity": {
        "dmean": 5.29923725128,
        "dmean2": 7.56975650787,
        "dvar": 42.3000335693,
        "dvar2": 78.4909515381,
        "max": 54,
        "mean": 15.187458992,
        "median": 13,
        "min": 0,
        "stdev": 10.5513048172,
        "var": 111.330024719
    },
    "spectral_decrease": {
        "dmean": 5.63936186637e-09,
        "dmean2": 7.33801597264e-09,
        "dvar": 4.84747592029e-17,
        "dvar2": 8.128860713e-17,
        "max": 4.31370872279e-29,
        "mean": -1.41220084515e-08,
        "median": -9.77293179716e-09,
        "min": -6.71544171382e-08,
        "stdev": 1.29111583647e-08,
        "var": 1.66698016314e-16
    },
    "spectral_energy": {
        "dmean": 0.0222886484116,
        "dmean2": 0.029019491747,
        "dvar": 0.000704406353179,
        "dvar2": 0.00119278335478,
        "max": 0.255396783352,
        "mean": 0.05590505898,
        "median": 0.040189653635,
        "min": 1.07954671276e-20,
        "stdev": 0.0493383072317,
        "var": 0.00243426859379
    },
    "spectral_energyband_high": {
        "dmean": 0.0017640828155,
        "dmean2": 0.00275433831848,
        "dvar": 1.10262290036e-05,
        "dvar2": 2.52012341662e-05,
        "max": 0.027191862464,
        "mean": 0.0020111349877,
        "median": 0.00069896527566,
        "min": 7.98034370526e-21,
        "stdev": 0.00366162601858,
        "var": 1.34075044116e-05
    },
    "spectral_energyband_low": {
        "dmean": 0.0187183171511,
        "dmean2": 0.025695040822,
        "dvar": 0.00086354528321,
        "dvar2": 0.00156179338228,
        "max": 0.252997726202,
        "mean": 0.0391099303961,
        "median": 0.0177250560373,
        "min": 6.22459469398e-23,
        "stdev": 0.0482208020985,
        "var": 0.00232524587773
    },
    "spectral_energyband_middle_high": {
        "dmean": 0.002201608615,
        "dmean2": 0.00345519208349,
        "dvar": 1.28042465803e-05,
        "dvar2": 3.18566817441e-05,
        "max": 0.050301771611,
        "mean": 0.00402315100655,
        "median": 0.00208272133023,
        "min": 1.46371659167e-21,
        "stdev": 0.0050398320891,
        "var": 2.53999096458e-05
    },
    "spectral_energyband_middle_low": {
        "dmean": 0.00705557130277,
        "dmean2": 0.0113931437954,
        "dvar": 0.000136747781653,
        "dvar2": 0.000354655407136,
        "max": 0.12429433316,
        "mean": 0.012586270459,
        "median": 0.008450711146,
        "min": 2.97855576238e-22,
        "stdev": 0.0135159250349,
        "var": 0.000182680218131
    },
    "spectral_entropy": {
        "dmean": 0.235710740089,
        "dmean2": 0.325862318277,
        "dvar": 0.0553092211485,
        "dvar2": 0.100310504436,
        "max": 9.79158401489,
        "mean": 7.70737171173,
        "median": 7.78507661819,
        "min": 4.84864187241,
        "stdev": 0.499741017818,
        "var": 0.249741092324
    },
    "spectral_flux": {
        "dmean": 0.0514178164303,
        "dmean2": 0.0701513141394,
        "dvar": 0.00290943542495,
        "dvar2": 0.00612992746755,
        "max": 0.482362866402,
        "mean": 0.109686687589,
        "median": 0.088321313262,
        "min": 1.03901234838e-10,
        "stdev": 0.0801563113928,
        "var": 0.00642503378913
    },
    "spectral_kurtosis": {
        "dmean": 1.5365550518,
        "dmean2": 2.43979120255,
        "dvar": 16.0374641418,
        "dvar2": 47.8426017761,
        "max": 105.409233093,
        "mean": 3.61807322502,
        "median": 2.50516700745,
        "min": -1.2511651516,
        "stdev": 6.70905923843,
        "var": 45.0114746094
    },
    "spectral_rms": {
        "dmean": 0.00140918081161,
        "dmean2": 0.00180174806155,
        "dvar": 2.16348053073e-06,
        "dvar2": 3.71479950445e-06,
        "max": 0.0157850421965,
        "mean": 0.00658317562193,
        "median": 0.00626174267381,
        "min": 3.24532935247e-12,
        "stdev": 0.00334712816402,
        "var": 1.12032676043e-05
    },
    "spectral_rolloff": {
        "dmean": 833.439208984,
        "dmean2": 1385.70410156,
        "dvar": 2475710.75,
        "dvar2": 4939774.5,
        "max": 18820.0195312,
        "mean": 1402.51098633,
        "median": 516.796875,
        "min": 64.599609375,
        "stdev": 2114.43261719,
        "var": 4470825.5
    },
    "spectral_skewness": {
        "dmean": 0.258745014668,
        "dmean2": 0.375686377287,
        "dvar": 0.105795733631,
        "dvar2": 0.259987324476,
        "max": 7.39338254929,
        "mean": 1.44730961323,
        "median": 1.41975212097,
        "min": -0.563949286938,
        "stdev": 0.580651521683,
        "var": 0.337156176567
    },
    "spectral_spread": {
        "dmean": 1020487.75,
        "dmean2": 1430225.625,
        "dvar": 1.04168626586e+12,
        "dvar2": 1.95422624154e+12,
        "max": 40256852,
        "mean": 6507236,
        "median": 6455802,
        "min": 653322.9375,
        "stdev": 2129142.5,
        "var": 4.5332472791e+12
    },
    "spectral_strongpeak": {
        "dmean": 0.409016311169,
        "dmean2": 0.671647787094,
        "dvar": 0.53855741024,
        "dvar2": 1.35419654846,
        "max": 17.2704429626,
        "mean": 0.80350112915,
        "median": 0.642623186111,
        "min": 5.93226312517e-09,
        "stdev": 0.895112276077,
        "var": 0.801225960255
    },
    "zerocrossingrate": {
        "dmean": 0.0186843015254,
        "dmean2": 0.0209632851183,
        "dvar": 0.000447646161774,
        "dvar2": 0.000466407102067,
        "max": 0.48876953125,
        "mean": 0.0637220218778,
        "median": 0.05126953125,
        "min": 0.001953125,
        "stdev": 0.0525273941457,
        "var": 0.00275912694633
    },
    "barkbands": {
        "dmean": [0.00069775438169, 0.0158181935549, 0.00504992576316, 0.00212499173358, 0.00270038167946, 0.00132770533673, 0.00138958939351, 0.00070679502096, 0.000594622164499, 0.000575175101403, 0.000320554885548, 0.000208058598218, 0.000476861721836, 0.000178022761247, 0.00030034701922, 0.000208240046049, 0.000247825781116, 0.000275384372799, 0.000202777038794, 0.000280176085653, 0.000263498630375, 0.000366252352251, 0.000388048996683, 0.000307124544634, 0.000228648350458, 0.000162513111718, 2.91570104309e-05],
        "dmean2": [0.000742956879549, 0.0222055204213, 0.00856661424041, 0.00349783175625, 0.00441478798166, 0.00213894993067, 0.00221046898514, 0.00111155468039, 0.000919094309211, 0.000884071749169, 0.000519553082995, 0.000336376484483, 0.000766136101447, 0.000298401108012, 0.000489146332256, 0.00033914486994, 0.0003987934615, 0.000469481485197, 0.000345332024153, 0.000448013510322, 0.000421512697358, 0.000595544755924, 0.000604533357546, 0.000475157197798, 0.000357707991498, 0.000264394970145, 4.87509714731e-05],
        "dvar": [1.05747108137e-06, 0.000829234835692, 0.000123244666611, 3.17427075061e-05, 2.25265102927e-05, 7.83794530435e-06, 7.54612892706e-06, 2.41661950895e-06, 1.75391892299e-06, 1.3786927866e-06, 5.63592834624e-07, 1.62702050943e-07, 1.77034394255e-06, 1.45629400095e-07, 3.97838448407e-07, 2.73859313893e-07, 4.0183283545e-07, 3.97409422703e-07, 2.10684575563e-07, 3.51771717533e-07, 3.30311110019e-07, 6.52757705666e-07, 6.95978542353e-07, 5.23531412e-07, 1.75495486587e-07, 8.45932106586e-08, 4.15809298104e-09],
        "dvar2": [1.08507344976e-06, 0.00151667254977, 0.000333688803948, 8.20832356112e-05, 5.79400220886e-05, 1.91535691556e-05, 1.80213537533e-05, 5.41410463484e-06, 3.83413225791e-06, 3.10442055707e-06, 1.36403059514e-06, 4.13600389493e-07, 4.35856873082e-06, 3.8345382336e-07, 9.8544546745e-07, 6.95133167028e-07, 1.04098717202e-06, 1.07751316136e-06, 5.65280458886e-07, 8.67671474225e-07, 7.62555885103e-07, 1.59367891683e-06, 1.53111511736e-06, 1.22678090975e-06, 3.99566033593e-07, 2.08620789977e-07, 1.04292334768e-08],
        "max": [0.0101312920451, 0.24707877636, 0.103933230042, 0.106382347643, 0.0637648254633, 0.0526739992201, 0.0423534885049, 0.0276724919677, 0.0226501151919, 0.0266373734921, 0.0181178636849, 0.00635695783421, 0.0319002978504, 0.00535766407847, 0.0142036201432, 0.00675171101466, 0.0112107014284, 0.0082167731598, 0.00481619639322, 0.00795926805586, 0.00941003020853, 0.00608856137842, 0.0152888447046, 0.0150477187708, 0.00827361643314, 0.00238246284425, 0.000528418866452],
        "mean": [0.00130137999076, 0.0304924976081, 0.00561364134774, 0.00256108050235, 0.00406156899408, 0.00169986684341, 0.00213729660027, 0.000971994712017, 0.000933948089369, 0.00090346444631, 0.000439723837189, 0.000288806739263, 0.000741138414014, 0.000210121739656, 0.000366812921129, 0.000241435933276, 0.000311982003041, 0.000281015556538, 0.000197186047444, 0.000297153834254, 0.000269625190413, 0.00034800049616, 0.000432024797192, 0.000375410454581, 0.000262231333181, 0.000143459677929, 2.21182926907e-05],
        "median": [0.0002195945126, 0.00947688799351, 0.00105698499829, 0.000320511229802, 0.00166131637525, 0.00034805998439, 0.00078465702245, 0.000252252444625, 0.000264858681476, 0.000277655111859, 0.000116680144856, 8.78853243194e-05, 0.000105618004454, 6.42878876533e-05, 0.000115620205179, 7.79056572355e-05, 9.87553939922e-05, 8.72493692441e-05, 6.25256143394e-05, 8.48666313686e-05, 6.06941284786e-05, 7.99264162197e-05, 0.000138018906, 0.000113123729534, 9.48771848925e-05, 3.81940953957e-05, 8.22895231067e-07],
        "min": [9.01014680066e-24, 4.07418700316e-23, 7.4967936735e-24, 2.97386582653e-23, 6.01283350367e-23, 2.06483095541e-23, 2.89497310958e-23, 5.99417662772e-23, 6.84058209608e-23, 7.21836190379e-23, 1.21980476302e-22, 6.45208955727e-23, 9.43805493237e-23, 1.14109462003e-22, 1.43066867138e-22, 1.57822188515e-22, 1.17432649007e-22, 2.94219924586e-22, 1.86406191073e-22, 3.44432448438e-22, 5.92798551797e-22, 4.18320694917e-22, 5.67213861509e-22, 9.55651899492e-22, 1.25172035868e-21, 1.52883303305e-21, 2.61468661428e-21],
        "stdev": [0.00215880246833, 0.0449802689254, 0.01061482355, 0.00628164736554, 0.00599372619763, 0.00356094771996, 0.00357632245868, 0.00210543582216, 0.00190274300985, 0.0017314638244, 0.000924664025661, 0.000530244840775, 0.00211725919507, 0.00040011969395, 0.000684410857502, 0.000522849964909, 0.000707970233634, 0.000581231026445, 0.000407344632549, 0.000594490265939, 0.00060789915733, 0.000790474703535, 0.000968106032815, 0.000846300041303, 0.000493636587635, 0.000276764621958, 5.85565212532e-05],
        "var": [4.6604277486e-06, 0.00202322448604, 0.000112674475531, 3.94590933865e-05, 3.59247533197e-05, 1.26803488456e-05, 1.27900830194e-05, 4.43286035079e-06, 3.62043101632e-06, 2.99796715808e-06, 8.55003520428e-07, 2.8115960049e-07, 4.4827866077e-06, 1.60095780188e-07, 4.68418193122e-07, 2.73372080528e-07, 5.01221848026e-07, 3.37829533237e-07, 1.65929648688e-07, 3.53418641907e-07, 3.69541396594e-07, 6.24850258646e-07, 9.372293448e-07, 7.16223723884e-07, 2.43677106937e-07, 7.6598652754e-08, 3.42886607996e-09]
    },
    "erbbands": {
        "dmean": [0.48079380393, 3.87118601799, 6.296002388, 6.60779380798, 7.19132089615, 9.46233844757, 10.0266027451, 11.3811311722, 19.6921653748, 18.8125495911, 13.791431427, 14.8315963745, 10.2928524017, 18.8372535706, 11.3772697449, 9.29863262177, 21.8708305359, 9.9293012619, 13.6550598145, 13.5132064819, 11.3308620453, 12.917807579, 12.8031902313, 16.5742454529, 8.27486991882, 14.3025178909, 11.7904510498, 10.6360368729, 12.0237836838, 12.1873188019, 11.7329845428, 6.6557636261, 5.12762594223, 2.68780303001, 1.52995634079, 0.883992731571, 0.274159789085, 0.0442669391632, 0.00575798423961, 0.000229365701671],
        "dmean2": [0.61768835783, 5.50794506073, 10.1207180023, 10.6153182983, 12.2313137054, 15.1548852921, 15.7433176041, 18.9302597046, 31.2900848389, 30.2802715302, 21.0063171387, 22.661277771, 15.758181572, 29.2311248779, 18.2980670929, 14.8190994263, 35.1691703796, 16.5604553223, 22.463312149, 21.6384353638, 18.3226146698, 20.8165931702, 21.0480937958, 29.0779190063, 13.4630222321, 23.0047168732, 18.7432861328, 17.2516269684, 19.4675159454, 19.2820072174, 18.5960273743, 10.2490711212, 7.9588394165, 4.15585184097, 2.41967177391, 1.43904411793, 0.448534429073, 0.0731024444103, 0.00966396275908, 0.000374895869754],
        "dvar": [0.643770813942, 54.4512786865, 167.816864014, 258.615936279, 210.584075928, 297.398986816, 543.383605957, 631.494812012, 1642.21289062, 1476.96936035, 1044.71875, 1103.74890137, 678.994750977, 1517.0012207, 533.981445312, 346.616973877, 3768.77612305, 442.659362793, 833.890197754, 1004.65112305, 890.609924316, 1120.77416992, 946.752929688, 1728.25048828, 321.486297607, 963.371154785, 682.035888672, 553.371887207, 689.352294922, 624.263122559, 682.83392334, 268.61050415, 144.074279785, 28.2273235321, 7.75153970718, 2.51638746262, 0.247057139874, 0.00751202227548, 0.000165380261024, 2.8411443509e-07],
        "dvar2": [0.858862757683, 109.005020142, 438.006286621, 667.806152344, 566.404602051, 739.760925293, 1233.88208008, 1621.34301758, 3868.65161133, 3671.00830078, 2197.30957031, 2383.97338867, 1503.58850098, 3421.03466797, 1330.02661133, 861.720275879, 9384.07714844, 1171.96435547, 2116.08764648, 2420.12597656, 2297.49438477, 2902.95947266, 2546.13037109, 4738.66357422, 838.555847168, 2368.46020508, 1574.60131836, 1334.28759766, 1680.57617188, 1422.49182129, 1576.65539551, 623.489196777, 340.585662842, 60.8222007751, 18.3470363617, 6.22117519379, 0.612393021584, 0.018863979727, 0.00041706796037, 7.18491719454e-07],
        "max": [6.95239925385, 59.7051773071, 104.259109497, 262.719360352, 239.208618164, 242.18888855, 444.131713867, 430.50567627, 583.990966797, 845.486572266, 845.652282715, 623.055908203, 743.365539551, 966.499328613, 564.413879395, 309.808776855, 1424.83325195, 406.197937012, 609.46295166, 668.639526367, 461.625061035, 658.040222168, 469.338806152, 344.309356689, 256.984436035, 399.349517822, 515.871765137, 365.589630127, 276.37322998, 382.357055664, 519.034790039, 410.670928955, 320.812744141, 157.364639282, 59.4049797058, 12.9902915955, 4.19000244141, 0.725979149342, 0.105475388467, 0.00601082900539],
        "mean": [1.13100111485, 5.76003980637, 7.42668628693, 8.36372661591, 9.57502651215, 14.2466850281, 13.9017820358, 13.7158946991, 31.4149513245, 25.8091030121, 21.2882900238, 24.3815479279, 17.024307251, 30.1087112427, 17.9940986633, 15.5747756958, 34.1983604431, 13.412153244, 16.8828601837, 16.1157302856, 13.7091379166, 16.5172462463, 15.3333625793, 14.2395009995, 9.23477649689, 14.9312753677, 12.5519666672, 10.322599411, 11.5630683899, 12.7624893188, 12.6531686783, 7.69201612473, 6.41225004196, 3.35883402824, 1.61189675331, 0.813303291798, 0.232208386064, 0.0353681407869, 0.00435601267964, 0.000227358817938],
        "median": [0.265685409307, 1.83711993694, 2.26694703102, 1.57141077518, 3.56822943687, 5.16924571991, 2.88464021683, 3.80312132835, 9.45608234406, 10.8579301834, 7.24980926514, 7.77075242996, 6.39773082733, 9.62398147583, 6.76985263824, 4.24121332169, 5.06984996796, 4.53128576279, 5.16174173355, 5.66778612137, 4.49127483368, 5.48969888687, 5.41415405273, 3.72574663162, 3.48007845879, 4.19833421707, 3.16286754608, 2.0717856884, 2.5605802536, 3.79049015045, 3.98288369179, 2.2562661171, 1.87888252735, 1.20105230808, 0.558214008808, 0.243506923318, 0.0570670962334, 0.00475343223661, 0.000229107929044, 8.53686578921e-05],
        "min": [1.40756706278e-21, 8.23621877994e-21, 7.59136202221e-21, 6.17898489204e-20, 1.88192636644e-19, 1.56404783637e-19, 1.95766302332e-19, 1.3660454839e-19, 2.49473691939e-19, 7.1097491968e-19, 1.65456295378e-18, 1.81483033483e-18, 2.06253680709e-18, 2.88000259694e-18, 4.62647906865e-18, 2.79004546456e-18, 4.2923142312e-18, 4.83596338596e-18, 6.95428773511e-18, 8.87433937296e-18, 7.68852137095e-18, 6.42351571453e-18, 1.56417537728e-17, 1.29602435036e-17, 8.27463921913e-18, 1.70777376618e-17, 1.81210159007e-17, 2.64439235901e-17, 1.51146180382e-17, 1.25002161049e-17, 1.78239505273e-17, 1.40995367321e-17, 2.10950627294e-17, 1.31088812422e-17, 1.06699838739e-17, 5.70067483727e-18, 2.97369982647e-18, 1.29404538278e-18, 3.90276324109e-19, 3.67517541692e-20],
        "stdev": [1.68058693409, 9.51221847534, 12.8896923065, 18.0218410492, 15.4695539474, 23.268825531, 32.4505119324, 27.4623184204, 54.5337791443, 44.9058914185, 45.82837677, 48.850063324, 36.1292381287, 58.5976219177, 30.2988395691, 29.3339748383, 96.5268707275, 23.3508892059, 31.720369339, 33.6346244812, 29.7809867859, 37.5494880676, 30.5177097321, 34.621421814, 17.0132522583, 30.6551494598, 28.233789444, 23.3401699066, 25.9740066528, 26.7841339111, 29.0918331146, 18.5041465759, 14.4460897446, 6.82909250259, 3.0743970871, 1.54229271412, 0.462994605303, 0.0798317268491, 0.0115758404136, 0.000481986877276],
        "var": [2.82437229156, 90.4822998047, 166.144165039, 324.786773682, 239.307098389, 541.438232422, 1053.03564453, 754.178955078, 2973.93286133, 2016.53918457, 2100.23999023, 2386.32885742, 1305.32189941, 3433.68139648, 918.01965332, 860.482116699, 9317.4375, 545.264038086, 1006.18188477, 1131.28796387, 886.907226562, 1409.96398926, 931.330566406, 1198.64282227, 289.450744629, 939.738220215, 797.146911621, 544.76348877, 674.649047852, 717.389831543, 846.334777832, 342.403442383, 208.689498901, 46.6365013123, 9.45191764832, 2.37866663933, 0.214363992214, 0.00637310463935, 0.00013400008902, 2.3231133639e-07]
    },
    "gfcc": {
        "mean": [2.43619656563, 64.6163711548, -90.2789764404, 30.1396446228, -61.7417564392, 19.5241069794, -40.0720596313, 16.2066345215, -19.9882564545, 4.87822008133, -14.0954713821, 2.98552298546, -11.2243051529],
        "cov": [[12188.578125, -1306.50512695, 2557.01367188, 2041.484375, 106.359786987, 1374.56860352, 852.795227051, 591.756958008, 106.60067749, 527.227600098, -134.657440186, 265.234283447, -211.771194458], [-1306.50512695, 1799.0234375, -363.744842529, -397.076751709, 446.240936279, -76.802482605, 127.023635864, 26.9944190979, 131.098968506, -54.7669029236, 146.075546265, -81.2990875244, 36.1811981201], [2557.01367188, -363.744842529, 2157.10131836, 1155.24328613, 100.799949646, 570.398193359, 228.443099976, 358.584472656, 145.424484253, 175.691375732, -8.99148464203, 119.188735962, -30.0780639648], [2041.484375, -397.076751709, 1155.24328613, 1309.13818359, 207.35194397, 433.131011963, 273.802062988, 300.633789062, 189.187652588, 167.683517456, 25.3133430481, 71.5916900635, 55.6324234009], [106.359786987, 446.240936279, 100.799949646, 207.35194397, 685.079833984, 227.898300171, 342.758148193, 196.815948486, 244.991775513, 135.881378174, 133.89276123, 43.1228103638, 22.4912109375], [1374.56860352, -76.802482605, 570.398193359, 433.131011963, 227.898300171, 665.981994629, 371.069885254, 228.086349487, 167.557189941, 198.048934937, 68.4522705078, 77.3008651733, 19.9940872192], [852.795227051, 127.023635864, 228.443099976, 273.802062988, 342.758148193, 371.069885254, 493.053192139, 192.53326416, 183.868408203, 159.713317871, 92.652923584, 54.3661613464, 9.2304315567], [591.756958008, 26.9944190979, 358.584472656, 300.633789062, 196.815948486, 228.086349487, 192.53326416, 316.42010498, 181.937454224, 96.9934921265, 77.1413040161, 50.1966018677, 38.5608711243], [106.60067749, 131.098968506, 145.424484253, 189.187652588, 244.991775513, 167.557189941, 183.868408203, 181.937454224, 237.298553467, 104.252128601, 83.9733352661, 25.507856369, 40.8991966248], [527.227600098, -54.7669029236, 175.691375732, 167.683517456, 135.881378174, 198.048934937, 159.713317871, 96.9934921265, 104.252128601, 160.476104736, 52.8138504028, 36.4909439087, -3.29733967781], [-134.657440186, 146.075546265, -8.99148464203, 25.3133430481, 133.89276123, 68.4522705078, 92.652923584, 77.1413040161, 83.9733352661, 52.8138504028, 139.754302979, 31.4328975677, 30.0065383911], [265.234283447, -81.2990875244, 119.188735962, 71.5916900635, 43.1228103638, 77.3008651733, 54.3661613464, 50.1966018677, 25.507856369, 36.4909439087, 31.4328975677, 95.1083374023, 22.9478206635], [-211.771194458, 36.1811981201, -30.0780639648, 55.6324234009, 22.4912109375, 19.9940872192, 9.2304315567, 38.5608711243, 40.8991966248, -3.29733967781, 30.0065383911, 22.9478206635, 112.642829895]],
        "icov": [[0.000166746249306, 1.02809542568e-06, -2.01321599889e-05, -0.000163313146913, 8.82474778336e-05, -0.000116993738629, -0.000154699504492, -0.000170157756656, 0.000294548633974, -0.000243943548412, 0.000253900536336, -0.000231084253755, 0.00032786486554], [1.02809542568e-06, 0.000964450067841, -0.0001849316468, 0.000456235633465, -0.000708190258592, 2.56566108874e-05, -0.000162790136528, 0.000122670913697, -0.000172791522346, 0.000804940296803, -0.000760267139412, 0.00112738704775, -0.000415211630752], [-2.01321599889e-05, -0.0001849316468, 0.00118746480439, -0.000911439827178, 0.000249792850809, -0.000546379131265, 0.000472702784464, -0.000631537754089, 0.000110749409941, 7.39682946005e-05, 0.000367771979654, -0.000947958731558, 0.00107044412289], [-0.000163313146913, 0.000456235633465, -0.000911439827178, 0.00213120155968, -0.000546736409888, 0.000143567260238, -0.000223554830882, -6.81526653352e-05, -0.000448394741397, 2.02604533115e-05, -9.1930734925e-05, 0.00122815696523, -0.00168649735861], [8.82474778336e-05, -0.000708190258592, 0.000249792850809, -0.000546736409888, 0.00347740040161, 0.000176974950591, -0.00132817565463, -7.40137766115e-05, -0.00171587825753, -0.000532092468347, -0.000288836454274, -0.00117152568419, 0.00106158351991], [-0.000116993738629, 2.56566108874e-05, -0.000546379131265, 0.000143567260238, 0.000176974950591, 0.00385003979318, -0.00187784258742, -0.00040197049384, 0.000192287261598, -0.00213050702587, 0.000128135812702, -2.62051835307e-05, -0.0010332033271], [-0.000154699504492, -0.000162790136528, 0.000472702784464, -0.000223554830882, -0.00132817565463, -0.00187784258742, 0.00535105355084, -0.000372372625861, -0.000705255020875, -0.000793754705228, -0.000393102352973, -0.000412667024648, 0.000707199622411], [-0.000170157756656, 0.000122670913697, -0.000631537754089, -6.81526653352e-05, -7.40137766115e-05, -0.00040197049384, -0.000372372625861, 0.00759201683104, -0.00457732658833, 0.00126951921266, -0.00142147217412, -0.000614707474597, -0.000773578649387], [0.000294548633974, -0.000172791522346, 0.000110749409941, -0.000448394741397, -0.00171587825753, 0.000192287261598, -0.000705255020875, -0.00457732658833, 0.0124566052109, -0.00427629519254, -0.000721907184925, 0.00169303885195, -0.00200711353682], [-0.000243943548412, 0.000804940296803, 7.39682946005e-05, 2.02604533115e-05, -0.000532092468347, -0.00213050702587, -0.000793754705228, 0.00126951921266, -0.00427629519254, 0.0142716718838, -0.00280570564792, -0.000943755090702, 0.00231753662229], [0.000253900536336, -0.000760267139412, 0.000367771979654, -9.1930734925e-05, -0.000288836454274, 0.000128135812702, -0.000393102352973, -0.00142147217412, -0.000721907184925, -0.00280570564792, 0.0119036482647, -0.00318934209645, -0.000922352017369], [-0.000231084253755, 0.00112738704775, -0.000947958731558, 0.00122815696523, -0.00117152568419, -2.62051835307e-05, -0.000412667024648, -0.000614707474597, 0.00169303885195, -0.000943755090702, -0.00318934209645, 0.0154535733163, -0.00411442201585], [0.00032786486554, -0.000415211630752, 0.00107044412289, -0.00168649735861, 0.00106158351991, -0.0010332033271, 0.000707199622411, -0.000773578649387, -0.00200711353682, 0.00231753662229, -0.000922352017369, -0.00411442201585, 0.0128049375489]]
    },
    "melbands": {
        "dmean": [0.00431500282139, 0.00358098139986, 0.00110111117829, 0.000599234248511, 0.000362898077583, 0.000256845611148, 0.000297407648759, 0.000192607956706, 0.000117611853057, 8.46454495331e-05, 5.25902687514e-05, 8.08759141364e-05, 4.3901403842e-05, 2.52205991274e-05, 4.9194033636e-05, 3.21959269058e-05, 1.82794210559e-05, 2.06999702641e-05, 1.91985800484e-05, 1.63503536896e-05, 1.35396203405e-05, 1.37327451739e-05, 1.30267699205e-05, 1.31969154609e-05, 1.42156395668e-05, 5.73268334847e-06, 7.60171542424e-06, 9.74209706328e-06, 7.33259685148e-06, 6.35368996882e-06, 6.82802965457e-06, 7.11969369149e-06, 6.85996610628e-06, 6.64980188958e-06, 7.53145695853e-06, 4.84507290821e-06, 3.90062950828e-06, 3.62186347047e-06, 3.31319051838e-06, 2.04738580578e-06],
        "dmean2": [0.00591932842508, 0.00521973334253, 0.00178912398405, 0.000984989455901, 0.000572122633457, 0.000423260236857, 0.0004718444834, 0.000310899369651, 0.000178073169081, 0.000130103886477, 8.05933959782e-05, 0.000125580249005, 7.10567837814e-05, 4.05795799452e-05, 7.84575531725e-05, 5.22830305272e-05, 3.07420668832e-05, 3.42618586728e-05, 3.10515279125e-05, 2.64751161012e-05, 2.20265301323e-05, 2.22086218855e-05, 2.13767525565e-05, 2.23801580432e-05, 2.51586461673e-05, 9.56122312346e-06, 1.23654708659e-05, 1.5687339328e-05, 1.16052506201e-05, 1.02434114524e-05, 1.12512643682e-05, 1.17386171041e-05, 1.09848460852e-05, 1.04529444798e-05, 1.20206377687e-05, 7.55850396672e-06, 6.0476058934e-06, 5.61941487831e-06, 5.22495247424e-06, 3.16360524266e-06],
        "dvar": [5.71628042962e-05, 4.20174546889e-05, 6.24386620984e-06, 1.14751151159e-06, 5.85789166507e-07, 3.02052143297e-07, 3.64261580899e-07, 1.57656018018e-07, 7.39195726851e-08, 3.65498458166e-08, 1.7693896126e-08, 2.9090779563e-08, 9.94646320862e-09, 2.3100672486e-09, 1.90442079884e-08, 6.04913275026e-09, 1.53168167039e-09, 1.94683624777e-09, 1.98208738311e-09, 1.51208046084e-09, 1.445948139e-09, 1.31519162228e-09, 1.2169120156e-09, 8.97115159937e-10, 1.37113220777e-09, 1.78957432206e-10, 2.78542550136e-10, 4.56004151106e-10, 2.86774853864e-10, 1.97759045251e-10, 2.60325705437e-10, 2.69038902267e-10, 2.03985744962e-10, 1.90163537694e-10, 3.01828756433e-10, 1.43971418121e-10, 1.05767450354e-10, 7.67126223655e-11, 5.86579118611e-11, 1.53880779646e-11],
        "dvar2": [9.21167229535e-05, 9.67944142758e-05, 1.62498999998e-05, 3.01716909235e-06, 1.34657000217e-06, 7.63862374242e-07, 8.59656040575e-07, 3.87604359275e-07, 1.5549477439e-07, 8.01021329266e-08, 3.92198273858e-08, 6.56287184597e-08, 2.48418583482e-08, 5.92305138269e-09, 4.62112623723e-08, 1.54172852262e-08, 4.055062508e-09, 4.94689711417e-09, 4.80429562799e-09, 3.67947805557e-09, 3.75653153029e-09, 3.36784933275e-09, 3.25998827932e-09, 2.43337838768e-09, 3.76943676272e-09, 4.77285433398e-10, 6.97748137046e-10, 1.13182985206e-09, 6.59817200876e-10, 4.71128192014e-10, 6.4905875119e-10, 6.72197353335e-10, 4.89656148961e-10, 4.17191892144e-10, 7.10250969149e-10, 3.26150662033e-10, 2.49437470679e-10, 1.79474865525e-10, 1.39669595334e-10, 3.35434770238e-11],
        "max": [0.0641536787152, 0.0493926890194, 0.0388243272901, 0.0159345697612, 0.0130814742297, 0.00881166756153, 0.00853220373392, 0.00781276728958, 0.00737659260631, 0.00379424286075, 0.0036967585329, 0.00432922877371, 0.00253742514178, 0.000784573494457, 0.00341079803184, 0.0016053133877, 0.000655590265524, 0.00075196538819, 0.00105146446731, 0.000654066388961, 0.000646388099995, 0.000712764973287, 0.000640511279926, 0.000411725515733, 0.000311715557473, 0.000157654692885, 0.000190454054973, 0.000358001998393, 0.000382348982384, 0.000248348515015, 0.000239391680225, 0.000173564098077, 0.000163078628248, 0.000262561108684, 0.000447926780907, 0.000266774295596, 0.000288130016997, 0.000240550769377, 0.000269364856649, 0.000115447415737],
        "mean": [0.00915770046413, 0.00498916907236, 0.00141661975067, 0.000903100299183, 0.000514716084581, 0.000319617334753, 0.00047493094462, 0.000259444292169, 0.000184705480933, 0.000134574409458, 8.29505443107e-05, 0.000126283470308, 6.35081305518e-05, 3.61321799573e-05, 7.77215391281e-05, 4.9429039791e-05, 2.21958580369e-05, 2.48363448918e-05, 2.3030446755e-05, 1.91294966498e-05, 1.55321322381e-05, 1.67434700415e-05, 1.63605509442e-05, 1.32966661113e-05, 1.15126331366e-05, 6.45513819109e-06, 7.7290342233e-06, 1.01581272247e-05, 8.06419302535e-06, 6.27788449492e-06, 6.23015785095e-06, 6.54582800053e-06, 6.7579271672e-06, 7.1610370469e-06, 7.89516070654e-06, 5.38399081051e-06, 4.43685758e-06, 4.53626898889e-06, 4.0249938138e-06, 2.43507474806e-06],
