{
"highlevel": {
    "danceability": {
        "all": {
            "danceable": 0.999999880791,
            "not_danceable": 1.00000008274e-07
        },
        "probability": 0.999999880791,
        "value": "danceable"
    },
    "gender": {
        "all": {
            "female": 0.352146178484,
            "male": 0.647853791714
        },
        "probability": 0.647853791714,
        "value": "male"
    },
    "genre_electronic": {
        "all": {
            "ambient": 0.0537234060466,
            "dnb": 0.00541387079284,
            "house": 0.723311185837,
            "techno": 0.206064626575,
            "trance": 0.0114868935198
        },
        "probability": 0.723311185837,
        "value": "house"
    },
    "mood_acoustic": {
        "all": {
            "acoustic": 0.052000194788,
            "not_acoustic": 0.94799977541
        },
        "probability": 0.94799977541,
        "value": "not_acoustic"
    },
    "mood_aggressive": {
        "all": {
            "aggressive": 0.997298359871,
            "not_aggressive": 0.00270166387782
        },
        "probability": 0.997298359871,
        "value": "aggressive"
    },
    "mood_electronic": {
        "all": {
            "electronic": 0.95406883955,
            "not_electronic": 0.045931186527
        },
        "probability": 0.95406883955,
        "value": "electronic"
    },
    "mood_happy": {
        "all": {
            "happy": 0.0329479016364,
            "not_happy": 0.967052102089
        },
        "probability": 0.967052102089,
        "value": "not_happy"
    },
    "mood_party": {
        "all": {
            "not_party": 0.146470725536,
            "party": 0.853529274464
        },
        "probability": 0.853529274464,
        "value": "party"
    },
    "mood_relaxed": {
        "all": {
            "not_relaxed": 0.0472983419895,
            "relaxed": 0.952701687813
        },
        "probability": 0.952701687813,
        "value": "relaxed"
    },
    "mood_sad": {
        "all": {
            "not_sad": 0.0218999739736,
            "sad": 0.978100001812
        },
        "probability": 0.978100001812,
        "value": "sad"
    },
    "moods_mirex": {
        "all": {
            "Cluster1": 0.0633603557944,
            "Cluster2": 0.174571737647,
            "Cluster3": 0.0623117759824,
            "Cluster4": 0.678967952728,
            "Cluster5": 0.0207881778479
        },
        "probability": 0.678967952728,
        "value": "Cluster4"
    },
    "timbre": {
        "all": {
            "bright": 0.000102206751762,
            "dark": 0.999897778034
        },
        "probability": 0.999897778034,
        "value": "dark"
    },
    "tonal_atonal": {
        "all": {
            "atonal": 1,
            "tonal": 1.18137513661e-10
        },
        "probability": 1,
        "value": "atonal"
    },
    "voice_instrumental": {
        "all": {
            "instrumental": 0.630754768848,
            "voice": 0.369245231152
        },
        "probability": 0.630754768848,
        "value": "instrumental"
    }
},
"lowlevel": {
    "average_loudness": 0.976622283459,
    "barkbands_crest": {
        "dmean": 2.86061024666,
        "dmean2": 3.95378065109,
        "dvar": 9.86535167694,
        "dvar2": 14.9220314026,
        "max": 26.6390800476,
        "mean": 17.1093788147,
        "median": 20.310459137,
        "min": 2.54372477531,
        "stdev": 7.64369630814,
        "var": 58.4260902405
    },
    "barkbands_flatness_db": {
        "dmean": 0.0580333992839,
        "dmean2": 0.0837359651923,
        "dvar": 0.00386802433059,
        "dvar2": 0.00694077694789,
        "max": 0.714071631432,
        "mean": 0.353802710772,
        "median": 0.353276580572,
        "min": 0.0120549593121,
        "stdev": 0.176203250885,
        "var": 0.0310475882143
    },
    "barkbands_kurtosis": {
        "dmean": 22.6155986786,
        "dmean2": 34.9466896057,
        "dvar": 1509.90588379,
        "dvar2": 3473.21118164,
        "max": 882.797241211,
        "mean": 36.5881919861,
        "median": 19.3063087463,
        "min": -1.87412273884,
        "stdev": 53.3007965088,
        "var": 2840.97485352
    },
    "barkbands_skewness": {
        "dmean": 1.49997806549,
        "dmean2": 2.17757678032,
        "dvar": 2.67965602875,
        "dvar2": 5.04135990143,
        "max": 23.7450237274,
        "mean": 4.26973056793,
        "median": 3.97144055367,
        "min": -3.82879757881,
        "stdev": 3.35270571709,
        "var": 11.2406349182
    },
    "barkbands_spread": {
        "dmean": 5.43428182602,
        "dmean2": 7.76581859589,
        "dvar": 90.1435089111,
        "dvar2": 161.299224854,
        "max": 102.529418945,
        "mean": 10.7494783401,
        "median": 3.31643986702,
        "min": 0.130681023002,
        "stdev": 17.1362895966,
        "var": 293.652435303
    },
    "dissonance": {
        "dmean": 0.0350595377386,
        "dmean2": 0.0602365881205,
        "dvar": 0.00179505476262,
        "dvar2": 0.00515233073384,
        "max": 0.500000119209,
        "mean": 0.437982439995,
        "median": 0.465050727129,
        "min": 0.0664930343628,
        "stdev": 0.0638829991221,
        "var": 0.00408103736117
    },
    "dynamic_complexity": 2.51553320885,
    "erbbands_crest": {
        "dmean": 2.33193635941,
        "dmean2": 3.89196658134,
        "dvar": 4.48639965057,
        "dvar2": 11.3032827377,
        "max": 26.2299518585,
        "mean": 8.78113937378,
        "median": 8.38868713379,
        "min": 2.07869505882,
        "stdev": 3.35094618797,
        "var": 11.2288408279
    },
    "erbbands_flatness_db": {
        "dmean": 0.0303851887584,
        "dmean2": 0.0459669493139,
        "dvar": 0.00145030685235,
        "dvar2": 0.00288607086986,
        "max": 0.602584838867,
        "mean": 0.240800395608,
        "median": 0.233337596059,
        "min": 0.0331179909408,
        "stdev": 0.14160464704,
        "var": 0.0200518742204
    },
    "erbbands_kurtosis": {
        "dmean": 1.44578719139,
        "dmean2": 2.35381054878,
        "dvar": 8.1748008728,
        "dvar2": 20.2855911255,
        "max": 127.13104248,
        "mean": 0.639787137508,
        "median": -0.404662370682,
        "min": -1.83894824982,
        "stdev": 5.30415010452,
        "var": 28.1340065002
    },
    "erbbands_skewness": {
        "dmean": 0.530114531517,
        "dmean2": 0.822980225086,
        "dvar": 0.308353334665,
        "dvar2": 0.739184081554,
        "max": 8.87766933441,
        "mean": 0.259055912495,
        "median": 0.152545258403,
        "min": -2.33383703232,
        "stdev": 0.925609529018,
        "var": 0.856752991676
    },
    "erbbands_spread": {
        "dmean": 14.181014061,
        "dmean2": 21.1970005035,
        "dvar": 392.668151855,
        "dvar2": 842.503417969,
        "max": 187.411468506,
        "mean": 46.2447967529,
        "median": 28.0067634583,
        "min": 1.04954993725,
        "stdev": 42.9880027771,
        "var": 1847.96826172
    },
    "hfc": {
        "dmean": 13.3030261993,
        "dmean2": 19.7226390839,
        "dvar": 538.051147461,
        "dvar2": 1224.87060547,
        "max": 229.964950562,
        "mean": 23.1843490601,
        "median": 12.8013467789,
        "min": 6.11170989373e-08,
        "stdev": 28.5160865784,
        "var": 813.167236328
    },
    "loudness_ebu128": {
        "integrated": -9.306016922,
        "loudness_range": 3.89666748047,
        "momentary": {
            "dmean": 0.42834046483,
            "dmean2": 0.708834528923,
            "dvar": 0.142924532294,
            "dvar2": 0.301776170731,
            "max": -7.95753097534,
            "mean": -9.96462535858,
            "median": -8.92825603485,
            "min": -68.452835083,
            "stdev": 4.06051397324,
            "var": 16.4877719879
        },
        "short_term": {
            "dmean": 0.10589236021,
            "dmean2": 0.135969847441,
            "dvar": 0.00912338215858,
            "dvar2": 0.0115976920351,
            "max": -8.41054534912,
            "mean": -9.64461135864,
            "median": -8.92531585693,
            "min": -33.2989578247,
            "stdev": 2.14179158211,
            "var": 4.58727169037
        }
    },
    "melbands_crest": {
        "dmean": 4.16750907898,
        "dmean2": 6.68065071106,
        "dvar": 18.3328399658,
        "dvar2": 34.1307792664,
        "max": 35.7681846619,
        "mean": 22.8921585083,
        "median": 25.8309726715,
        "min": 2.59559345245,
        "stdev": 9.38970756531,
        "var": 88.1666030884
    },
    "melbands_flatness_db": {
        "dmean": 0.0680592507124,
        "dmean2": 0.0976405218244,
        "dvar": 0.00541453948244,
        "dvar2": 0.00999767985195,
        "max": 0.90361726284,
        "mean": 0.481013566256,
        "median": 0.473832011223,
        "min": 0.0128930956125,
        "stdev": 0.207841828465,
        "var": 0.0431982278824
    },
    "melbands_kurtosis": {
        "dmean": 50.8492736816,
        "dmean2": 77.5476226807,
        "dvar": 7241.02294922,
        "dvar2": 14445.5986328,
        "max": 846.636474609,
        "mean": 91.1835327148,
        "median": 30.5847358704,
        "min": -1.69822561741,
        "stdev": 132.074523926,
        "var": 17443.6816406
    },
    "melbands_skewness": {
        "dmean": 1.94200670719,
        "dmean2": 2.88952636719,
        "dvar": 6.02075004578,
        "dvar2": 11.0858764648,
        "max": 24.6748638153,
        "mean": 6.11816263199,
        "median": 4.52905607224,
        "min": -0.588748455048,
        "stdev": 5.01410865784,
        "var": 25.14128685
    },
    "melbands_spread": {
        "dmean": 4.09682273865,
        "dmean2": 6.18809366226,
        "dvar": 65.7673492432,
        "dvar2": 140.452728271,
        "max": 151.469070435,
        "mean": 7.58835411072,
        "median": 2.25238156319,
        "min": 0.251037567854,
        "stdev": 14.5152101517,
        "var": 210.691314697
    },
    "pitch_salience": {
        "dmean": 0.105277515948,
        "dmean2": 0.158971205354,
        "dvar": 0.0157649852335,
        "dvar2": 0.0249926708639,
        "max": 0.928601503372,
        "mean": 0.388740450144,
        "median": 0.251813352108,
        "min": 0.0442023798823,
        "stdev": 0.269579529762,
        "var": 0.0726731196046
    },
    "silence_rate_20dB": {
        "dmean": 0,
        "dmean2": 0,
        "dvar": 0,
        "dvar2": 0,
        "max": 1,
        "mean": 1,
        "median": 1,
        "min": 1,
        "stdev": 0,
        "var": 0
    },
    "silence_rate_30dB": {
        "dmean": 0.112882003188,
        "dmean2": 0.225780501962,
        "dvar": 0.100136242807,
        "dvar2": 0.199094355106,
        "max": 1,
        "mean": 0.399371296167,
        "median": 0,
        "min": 0,
        "stdev": 0.489766985178,
        "var": 0.239871695638
    },
    "silence_rate_60dB": {
        "dmean": 0.000511770718731,
        "dmean2": 0.00102361629251,
        "dvar": 0.000511499063578,
        "dvar2": 0.00131499092095,
        "max": 1,
        "mean": 0.0103808762506,
        "median": 0,
        "min": 0,
        "stdev": 0.101356387138,
        "var": 0.0102731175721
    },
    "spectral_centroid": {
        "dmean": 305.892303467,
        "dmean2": 465.98815918,
        "dvar": 216191.46875,
        "dvar2": 459727.75,
        "max": 3896.59765625,
        "mean": 790.526184082,
        "median": 409.271362305,
        "min": 101.012268066,
        "stdev": 790.629394531,
        "var": 625094.8125
    },
    "spectral_complexity": {
        "dmean": 4.40035104752,
        "dmean2": 6.65555334091,
        "dvar": 30.4369850159,
        "dvar2": 65.1486968994,
        "max": 55,
        "mean": 11.7914323807,
        "median": 9,
        "min": 0,
        "stdev": 7.75078964233,
        "var": 60.0747413635
    },
    "spectral_decrease": {
        "dmean": 9.85910375562e-09,
        "dmean2": 1.40897098433e-08,
        "dvar": 1.12039403744e-16,
        "dvar2": 1.81658563691e-16,
        "max": 7.24503510297e-18,
        "mean": -2.99148048555e-08,
        "median": -3.31057350422e-08,
        "min": -8.74369945336e-08,
        "stdev": 2.16642703776e-08,
        "var": 4.69340585497e-16
    },
    "spectral_energy": {
        "dmean": 0.0378574319184,
        "dmean2": 0.0539905056357,
        "dvar": 0.00163103535306,
        "dvar2": 0.0026631182991,
        "max": 0.332929193974,
        "mean": 0.11500801146,
        "median": 0.127211391926,
        "min": 3.91794799728e-12,
        "stdev": 0.082445204258,
        "var": 0.00679721217602
    },
    "spectral_energyband_high": {
        "dmean": 0.000975861097686,
        "dmean2": 0.00141202297527,
        "dvar": 5.41170174984e-06,
        "dvar2": 1.18860671137e-05,
        "max": 0.0258284863085,
        "mean": 0.00127545860596,
        "median": 8.58313524077e-06,
        "min": 3.67510796101e-12,
        "stdev": 0.00288322754204,
        "var": 8.31300167192e-06
    },
    "spectral_energyband_low": {
        "dmean": 0.0366505682468,
        "dmean2": 0.0552613474429,
        "dvar": 0.00197746395133,
        "dvar2": 0.00349426362664,
        "max": 0.319747030735,
        "mean": 0.103801161051,
        "median": 0.115203037858,
        "min": 1.56676853159e-14,
        "stdev": 0.0833317041397,
        "var": 0.00694417254999
    },
    "spectral_energyband_middle_high": {
        "dmean": 0.00142720597796,
        "dmean2": 0.00249969726428,
        "dvar": 9.74547856458e-06,
        "dvar2": 2.72334418696e-05,
        "max": 0.0249418057501,
        "mean": 0.00142933044117,
        "median": 0.000408844585763,
        "min": 1.53391988239e-13,
        "stdev": 0.00271324720234,
        "var": 7.36170977689e-06
    },
    "spectral_energyband_middle_low": {
        "dmean": 0.00704667856917,
        "dmean2": 0.0126296710223,
        "dvar": 0.000291927543003,
        "dvar2": 0.000829338328913,
        "max": 0.131652101874,
        "mean": 0.00933546107262,
        "median": 0.00594431906939,
        "min": 7.20938811579e-14,
        "stdev": 0.0137081025168,
        "var": 0.000187912082765
    },
    "spectral_entropy": {
        "dmean": 0.375508457422,
        "dmean2": 0.57040065527,
        "dvar": 0.230424821377,
        "dvar2": 0.489627242088,
        "max": 9.01364326477,
        "mean": 6.60722255707,
        "median": 6.74201345444,
        "min": 4.08833837509,
        "stdev": 1.27643549442,
        "var": 1.62928748131
    },
    "spectral_flux": {
        "dmean": 0.067529335618,
        "dmean2": 0.106821686029,
        "dvar": 0.0056354352273,
        "dvar2": 0.0125775188208,
        "max": 0.53498595953,
        "mean": 0.133381664753,
        "median": 0.111998215318,
        "min": 1.82975491043e-05,
        "stdev": 0.0919960364699,
        "var": 0.00846327096224
    },
    "spectral_kurtosis": {
        "dmean": 49.42710495,
        "dmean2": 80.9983901978,
        "dvar": 9065.01464844,
        "dvar2": 23715.8691406,
        "max": 1242.47424316,
        "mean": 106.152992249,
        "median": 13.7690219879,
        "min": -1.29081606865,
        "stdev": 159.909698486,
        "var": 25571.109375
    },
    "spectral_rms": {
        "dmean": 0.00184585526586,
        "dmean2": 0.00255243247375,
        "dvar": 3.86577357858e-06,
        "dvar2": 5.02761213284e-06,
        "max": 0.0180224571377,
        "mean": 0.00958294328302,
        "median": 0.0111404070631,
        "min": 6.18254674123e-08,
        "stdev": 0.00451334286481,
        "var": 2.03702638828e-05
    },
    "spectral_rolloff": {
        "dmean": 323.59664917,
        "dmean2": 539.162841797,
        "dvar": 922556.1875,
        "dvar2": 1975435.625,
        "max": 19272.2167969,
        "mean": 604.468994141,
        "median": 107.666015625,
        "min": 64.599609375,
        "stdev": 1467.61743164,
        "var": 2153900.75
    },
    "spectral_skewness": {
        "dmean": 1.77932453156,
        "dmean2": 2.80609464645,
        "dvar": 6.9746336937,
        "dvar2": 16.1710128784,
        "max": 30.0737266541,
        "mean": 5.8737206459,
        "median": 2.60156774521,
        "min": -0.217415973544,
        "stdev": 6.00856351852,
        "var": 36.1028366089
    },
    "spectral_spread": {
        "dmean": 806969.875,
        "dmean2": 1198354.375,
        "dvar": 1.53063535411e+12,
        "dvar2": 2.69355555226e+12,
        "max": 17224472,
        "mean": 3818926.25,
        "median": 2160858.75,
        "min": 68240.3828125,
        "stdev": 3588285,
        "var": 1.2875788714e+13
    },
    "spectral_strongpeak": {
        "dmean": 0.261010199785,
        "dmean2": 0.383399635553,
        "dvar": 0.16636313498,
        "dvar2": 0.388589322567,
        "max": 11.5813770294,
        "mean": 0.744952499866,
        "median": 0.802728533745,
        "min": 0,
        "stdev": 0.55679744482,
        "var": 0.31002342701
    },
    "zerocrossingrate": {
        "dmean": 0.00931953918189,
        "dmean2": 0.0105692166835,
        "dvar": 0.000246560812229,
        "dvar2": 0.000270471064141,
        "max": 0.548828125,
        "mean": 0.0266129169613,
        "median": 0.01123046875,
        "min": 0.001953125,
        "stdev": 0.040033955127,
        "var": 0.00160271744244
    },
    "barkbands": {
        "dmean": [0.00205984222703, 0.032405897975, 0.00956743210554, 0.00153809506446, 0.00155068200547, 0.00217325892299, 0.00101183832157, 0.000774212589022, 0.00121859961655, 0.000456928304629, 0.000206862212508, 0.000189322410733, 0.000180854622158, 0.000157459508046, 0.000123548641568, 0.000101647055999, 7.70670594648e-05, 9.5538176538e-05, 0.00010749300418, 0.00012950017117, 0.000116946059279, 0.000154308785568, 0.000205682998057, 0.000205747128348, 0.0001612342312, 9.70629553194e-05, 5.34232021892e-05],
        "dmean2": [0.00252420455217, 0.0496002957225, 0.0156302601099, 0.00282785645686, 0.00261121499352, 0.00389076955616, 0.00184220611118, 0.00139812531415, 0.0022986815311, 0.00083815708058, 0.000362092163414, 0.000341563776601, 0.000331890420057, 0.000278555060504, 0.000221383146709, 0.000176906469278, 0.000131991968374, 0.00016639335081, 0.00017907412257, 0.000205773525522, 0.000183302297955, 0.000225938041694, 0.000324537337292, 0.000304402317852, 0.000243343791226, 0.000149444618728, 7.15899150237e-05],
        "dvar": [5.3967310123e-06, 0.00150645582471, 0.000305485504214, 1.40542806548e-05, 4.43089084001e-06, 2.60438246187e-05, 5.14602197654e-06, 3.36298035108e-06, 1.3777107597e-05, 1.61402829235e-06, 1.98111592908e-07, 1.79967315717e-07, 1.81245084718e-07, 1.18599295718e-07, 8.26353314665e-08, 6.10700823245e-08, 3.57253640004e-08, 5.08519484299e-08, 7.29250047016e-08, 1.08804641741e-07, 8.29207777997e-08, 1.39379608299e-07, 3.21343605947e-07, 2.44588505893e-07, 1.88406858115e-07, 6.49927116569e-08, 3.20963344791e-08],
        "dvar2": [7.69756115915e-06, 0.00268285349011, 0.000617298413999, 4.05013452109e-05, 1.23023419292e-05, 7.49037280912e-05, 1.45961930684e-05, 9.53111521085e-06, 3.9697970351e-05, 4.61799982077e-06, 5.417177249e-07, 5.02351213072e-07, 5.14459713941e-07, 3.26309049115e-07, 2.2485620832e-07, 1.5812440779e-07, 9.53776506663e-08, 1.34734051471e-07, 1.80329635668e-07, 2.5269483217e-07, 1.99731388761e-07, 3.07530626742e-07, 7.62839761137e-07, 5.18885542533e-07, 4.34318621956e-07, 1.4536895776e-07, 6.15017725636e-08],
        "max": [0.0311226136982, 0.251985758543, 0.118595957756, 0.0331988856196, 0.0218755807728, 0.0489984154701, 0.0277758687735, 0.0150701906532, 0.0272583011538, 0.0111899236217, 0.00684938114136, 0.0048905541189, 0.00421841163188, 0.00512713193893, 0.00334561732598, 0.00385187123902, 0.00448350142688, 0.00381432613358, 0.00524841528386, 0.00658181449398, 0.00562754226848, 0.00631090765819, 0.00533310137689, 0.00456237234175, 0.00470616389066, 0.00251685502008, 0.00251112319529],
        "mean": [0.00463089719415, 0.0892920345068, 0.00910064764321, 0.00137091625948, 0.00277939694934, 0.00247640162706, 0.00110996584408, 0.000669837463647, 0.000828699907288, 0.000335605378496, 0.00017888432194, 0.00014784783707, 0.000136890739668, 0.000135066933581, 9.96475064312e-05, 8.59093197505e-05, 6.9077599619e-05, 9.0228888439e-05, 0.000119007083413, 0.000148880892084, 0.0001341963507, 0.000187307887245, 0.000232124715694, 0.000268288044026, 0.000183245254448, 0.000117159594083, 8.02740687504e-05],
        "median": [0.00183915277012, 0.0950477942824, 0.00244888709858, 0.000666776846629, 0.00215022452176, 0.00140169460792, 0.000610205577686, 0.000246944604442, 0.000166013371199, 5.96676727582e-05, 3.89250453736e-05, 2.42583682848e-05, 1.71798055817e-05, 1.86645011127e-05, 8.35289574752e-06, 6.38151141175e-06, 6.13920065007e-06, 4.80278094983e-06, 5.08592074766e-06, 4.9256946113e-06, 1.61828677392e-06, 8.43509496917e-07, 5.25024063336e-07, 4.85173984544e-07, 3.31888088567e-07, 1.28659934262e-07, 2.72152007597e-08],
        "min": [3.89613725803e-15, 7.34730100382e-15, 4.67569598423e-15, 3.01158837451e-15, 8.77234754022e-15, 9.92297488346e-15, 1.83565964892e-14, 1.1184130709e-14, 1.44624201124e-14, 2.12619804846e-14, 5.35322705082e-15, 5.80880710964e-15, 1.89031275577e-14, 3.83720959941e-15, 7.00882367348e-15, 1.38948140171e-14, 1.52339858122e-14, 8.27685867706e-15, 4.23568786382e-14, 3.05684398963e-14, 8.62553301353e-14, 5.87247671281e-14, 4.13306101312e-14, 9.74229919827e-14, 8.66506573525e-14, 1.89663714421e-13, 3.10214766201e-12],
        "stdev": [0.00569331459701, 0.0762415975332, 0.0183632466942, 0.00288140168414, 0.00231523765251, 0.00409014802426, 0.00183249916881, 0.00144637748599, 0.00277588423342, 0.00098219118081, 0.000387039093766, 0.000352651259163, 0.000346565037034, 0.000302652915707, 0.000255060120253, 0.000229569181101, 0.000175707056769, 0.000242363181314, 0.000333448668243, 0.000440533302026, 0.00037784295273, 0.000481371971546, 0.000620653678197, 0.000620231672656, 0.000476593006169, 0.000297795020742, 0.000275025260635],
        "var": [3.24138309225e-05, 0.00581278093159, 0.000337208824931, 8.30247608974e-06, 5.36032484888e-06, 1.6729309209e-05, 3.35805339091e-06, 2.09200788959e-06, 7.70553288021e-06, 9.64699552242e-07, 1.49799262772e-07, 1.24362912857e-07, 1.20107330304e-07, 9.15987854455e-08, 6.50556657433e-08, 5.27020063146e-08, 3.08729717347e-08, 5.8739914266e-08, 1.11188022345e-07, 1.94069599502e-07, 1.42765287592e-07, 2.31718971122e-07, 3.85210995546e-07, 3.84687353971e-07, 2.27140887432e-07, 8.86818725121e-08, 7.56388871537e-08]
    },
    "erbbands": {
        "dmean": [1.26802515984, 6.8237862587, 13.2557697296, 6.78938865662, 3.91549777985, 5.52607679367, 13.4522533417, 17.8173351288, 17.9976177216, 9.87638759613, 22.1061649323, 28.6041660309, 15.4095926285, 11.7413883209, 9.29881286621, 7.43954515457, 8.4355096817, 7.42260551453, 7.77219104767, 5.68850755692, 5.24485111237, 4.41152715683, 4.97460746765, 5.39626169205, 5.32899665833, 6.62775945663, 4.43161773682, 5.08121919632, 5.73662137985, 5.0933599472, 6.30316591263, 4.43798589706, 3.41972708702, 1.94230389595, 1.12009596825, 0.447523623705, 0.197602316737, 0.0405976288021, 0.010436325334, 0.00060418114299],
        "dmean2": [1.79329788685, 10.683763504, 21.0174179077, 11.8022670746, 7.11441230774, 9.18801498413, 22.2361507416, 32.671836853, 33.115196228, 17.2161273956, 41.2529335022, 53.9600639343, 28.4194793701, 21.1286525726, 16.541601181, 13.4676570892, 15.43724823, 12.9938392639, 14.075053215, 9.89605808258, 9.01054286957, 7.55952358246, 8.5933265686, 9.07223796844, 8.70465278625, 10.4899616241, 6.96438264847, 7.90534639359, 8.5383939743, 7.59781646729, 9.85891246796, 6.47239208221, 5.18864297867, 2.87186551094, 1.68595802784, 0.690033972263, 0.303628563881, 0.0607527829707, 0.0138645805418, 0.000849182077218],
        "dvar": [1.76491630077, 94.7504043579, 587.679016113, 204.593048096, 65.3639678955, 39.7834434509, 573.81036377, 2209.59521484, 1944.91455078, 354.707092285, 4022.04150391, 7632.390625, 1917.16540527, 870.836364746, 449.01739502, 277.948669434, 395.634185791, 243.123260498, 337.905090332, 164.651245117, 160.815628052, 113.039588928, 133.963623047, 148.126190186, 186.726638794, 282.666137695, 129.528671265, 180.384765625, 208.28213501, 145.684188843, 337.552703857, 130.411849976, 67.1979446411, 25.008890152, 9.99623680115, 1.34945905209, 0.304580509663, 0.0152187552303, 0.00126799661666, 3.95097413275e-06],
        "dvar2": [3.26545858383, 162.709030151, 1136.23046875, 563.255615234, 191.713272095, 111.659049988, 1557.68798828, 6407.43896484, 5558.6796875, 981.283691406, 11569.9248047, 21980.1152344, 5500.94726562, 2457.70410156, 1247.53869629, 780.518005371, 1123.79296875, 662.39440918, 954.528564453, 410.435760498, 419.438690186, 302.675872803, 355.442565918, 383.165863037, 446.895263672, 674.887207031, 321.063720703, 437.910186768, 483.627441406, 329.37802124, 788.609619141, 287.76550293, 147.242126465, 57.4613723755, 23.0816669464, 3.04400086403, 0.704658329487, 0.0349040515721, 0.0024065610487, 8.35720220493e-06],
        "max": [11.02709198, 66.3781661987, 149.745635986, 119.296691895, 79.380027771, 72.5054779053, 293.666534424, 447.932281494, 513.2109375, 186.097137451, 479.124511719, 617.647094727, 330.144165039, 323.927032471, 287.817382812, 166.117523193, 192.247543335, 162.886169434, 187.838058472, 179.211975098, 274.486877441, 238.342788696, 205.306045532, 185.700637817, 336.290924072, 249.091934204, 222.639526367, 331.959777832, 235.314300537, 174.423706055, 151.523727417, 105.134307861, 80.1300964355, 51.1840744019, 33.402545929, 11.0628700256, 5.63622426987, 1.55904328823, 0.611847221851, 0.0325903370976],
        "mean": [3.36134362221, 16.5013198853, 15.2057294846, 6.74602937698, 4.58187389374, 10.1711521149, 21.0009593964, 18.1145820618, 19.0629367828, 11.2479839325, 17.0185985565, 19.4331016541, 11.1207237244, 9.49325942993, 7.48008060455, 5.83675432205, 6.50123071671, 6.55508852005, 6.10589933395, 4.92112016678, 4.67457485199, 3.96385622025, 4.66955280304, 5.41635513306, 6.5030503273, 7.3386926651, 5.02557945251, 5.86732816696, 6.89690971375, 6.15366697311, 7.11486816406, 5.30662870407, 4.6240363121, 2.24198579788, 1.2511305809, 0.522612333298, 0.232150301337, 0.0546850264072, 0.0152528509498, 0.000931899819989],
        "median": [3.35972523689, 11.6689405441, 5.30980348587, 3.48424649239, 3.07272338867, 7.98798561096, 14.4097013474, 9.05385684967, 9.91202926636, 6.02259349823, 4.75443458557, 3.78666806221, 2.2041156292, 1.9346331358, 1.40245997906, 0.963387906551, 0.895758271217, 0.99893373251, 0.619426429272, 0.417496949434, 0.40833196044, 0.35578584671, 0.289908230305, 0.314085096121, 0.270344853401, 0.251268804073, 0.0993374958634, 0.0518695935607, 0.0329871401191, 0.0210894364864, 0.0145207773894, 0.010567962192, 0.00754619995132, 0.00438602035865, 0.00218621594831, 0.000846512673888, 0.000242443347815, 3.48449902958e-05, 8.99871229194e-05, 0.00017413959722],
        "min": [2.47407752922e-13, 1.55337667642e-12, 4.98147356698e-12, 8.6520634407e-12, 1.50043935609e-11, 3.35759059444e-11, 4.76731466803e-11, 9.71448269049e-11, 2.32007080214e-10, 2.71243055794e-10, 2.52931287026e-10, 3.31683985832e-10, 5.89208237756e-10, 4.75211203721e-10, 2.28799645896e-10, 2.90653140445e-10, 8.42673042456e-10, 3.24774929172e-10, 3.57843699117e-10, 3.88108073457e-10, 8.35683078293e-10, 8.24585733028e-10, 4.35646851926e-10, 7.13931191942e-10, 2.83416445868e-09, 1.7738772673e-09, 2.87536283672e-09, 3.02780978068e-09, 2.05275774157e-09, 1.84841164597e-09, 1.20700294204e-09, 1.76784265005e-09, 1.75687153714e-09, 7.37684580088e-10, 7.80222109142e-10, 3.78145542657e-10, 3.41023292938e-10, 7.39758476698e-10, 6.00080207747e-10, 3.89211302076e-11],
        "stdev": [3.0290760994, 17.3739814758, 27.894235611, 12.0854434967, 6.47067403793, 7.81031656265, 23.3609848022, 36.5078392029, 34.6977005005, 16.3153915405, 47.8784103394, 65.3695449829, 33.4581069946, 23.81665802, 17.619562149, 13.8065710068, 16.1923274994, 14.0132007599, 15.4352436066, 12.4263153076, 12.0121889114, 9.88483047485, 11.9739780426, 13.2877645493, 19.6041812897, 20.1214237213, 14.342792511, 17.8800392151, 18.0817756653, 15.1063337326, 19.8816871643, 13.45175457, 10.6551942825, 5.61384677887, 3.4122197628, 1.31353890896, 0.626877844334, 0.161972299218, 0.0537514574826, 0.00282710208558],
        "var": [9.17530250549, 301.855224609, 778.088378906, 146.057937622, 41.8696250916, 61.0010452271, 545.735595703, 1332.8223877, 1203.93029785, 266.191986084, 2292.34204102, 4273.17773438, 1119.44494629, 567.233215332, 310.448974609, 190.621414185, 262.191467285, 196.369796753, 238.246734619, 154.413314819, 144.292678833, 97.7098770142, 143.376144409, 176.564682007, 384.323913574, 404.871704102, 205.715698242, 319.695800781, 326.950592041, 228.201309204, 395.281494141, 180.949691772, 113.533164978, 31.5152759552, 11.6432437897, 1.72538435459, 0.392975836992, 0.0262350272387, 0.00288921920583, 7.99250665295e-06]
    },
    "gfcc": {
        "mean": [-98.9795150757, 162.491531372, -35.4142303467, 17.3500862122, -38.2274627686, 0.820354402065, -17.396440506, 5.71781730652, -6.3184466362, 2.90066409111, 2.52345585823, -1.14996600151, -1.23400700092],
        "cov": [[19712.4765625, -10639.4521484, -4025.4230957, 3494.12011719, -350.436065674, 2513.52807617, -606.386108398, 915.432800293, -850.624633789, 620.38873291, -658.216552734, 588.224975586, -413.893188477], [-10639.4521484, 8916.61816406, 1419.22973633, -2755.15576172, 1075.20300293, -1629.83398438, 848.672241211, -491.99710083, 668.600524902, -603.526367188, 556.325683594, -496.833282471, 377.868225098], [-4025.4230957, 1419.22973633, 2708.66772461, -648.210876465, -227.356704712, -247.084960938, 170.062469482, -15.5647945404, 302.592041016, 51.5124282837, 228.742980957, -17.0199337006, 42.2665596008], [3494.12011719, -2755.15576172, -648.210876465, 1491.44592285, -183.281188965, 418.538238525, -143.648208618, 222.212051392, -154.395965576, 206.814941406, -122.83505249, 164.365936279, -72.2787399292], [-350.436065674, 1075.20300293, -227.356704712, -183.281188965, 905.38873291, -72.8224258423, 238.804519653, 39.5237960815, 178.664428711, -44.872013092, 193.125427246, -32.945930481, 96.5244750977], [2513.52807617, -1629.83398438, -247.084960938, 418.538238525, -72.8224258423, 691.308898926, -69.0615997314, 95.1787261963, -84.8744125366, 153.772521973, -79.6785888672, 132.870620728, -24.5094547272], [-606.386108398, 848.672241211, 170.062469482, -143.648208618, 238.804519653, -69.0615997314, 313.839691162, 23.1874732971, 98.036857605, -39.7824707031, 117.077827454, -23.9343318939, 74.3150100708], [915.432800293, -491.99710083, -15.5647945404, 222.212051392, 39.5237960815, 95.1787261963, 23.1874732971, 192.102539062, 4.06649780273, 23.9896907806, 8.38599872589, 40.1923828125, -24.7657966614], [-850.624633789, 668.600524902, 302.592041016, -154.395965576, 178.664428711, -84.8744125366, 98.036857605, 4.06649780273, 179.278564453, -6.78961896896, 75.1153717041, -24.5856513977, 45.4185791016], [620.38873291, -603.526367188, 51.5124282837, 206.814941406, -44.872013092, 153.772521973, -39.7824707031, 23.9896907806, -6.78961896896, 126.173957825, -16.7152252197, 33.0837860107, -9.13193798065], [-658.216552734, 556.325683594, 228.742980957, -122.83505249, 193.125427246, -79.6785888672, 117.077827454, 8.38599872589, 75.1153717041, -16.7152252197, 133.625717163, -14.2314300537, 28.1826019287], [588.224975586, -496.833282471, -17.0199337006, 164.365936279, -32.945930481, 132.870620728, -23.9343318939, 40.1923828125, -24.5856513977, 33.0837860107, -14.2314300537, 84.354850769, -1.96207726002], [-413.893188477, 377.868225098, 42.2665596008, -72.2787399292, 96.5244750977, -24.5094547272, 74.3150100708, -24.7657966614, 45.4185791016, -9.13193798065, 28.1826019287, -1.96207726002, 76.9438934326]],
        "icov": [[0.000354456511559, 0.000294229306746, 0.000334982440108, 6.13203446846e-05, -0.000102346799395, -0.000450661580544, -0.000407780898968, -0.00066809396958, 3.62789141946e-05, -4.48554528703e-05, 0.000186434961506, 0.000150963664055, 0.000407794956118], [0.000294229306746, 0.00139996234793, 0.000277032173472, 0.000993203138933, -0.000179395152372, 0.000560541287996, -0.00128581619356, 0.000293300719932, -0.0012824088335, 0.00157061161008, -0.000828550197184, 0.00169282977004, -0.001481723506], [0.000334982440108, 0.000277032173472, 0.00117600196972, 0.000479521637317, 0.000764653377701, -0.000216736865696, -0.000440623611212, -0.000926145876292, -0.00125206599478, -0.00107830774505, -0.00146366888657, -0.000622884894256, 0.000476388115203], [6.13203446846e-05, 0.000993203138933, 0.000479521637317, 0.0022803619504, 0.000202847237233, 0.0009495493141, -0.000960030069109, -0.000650868925732, -0.000930769136176, -0.000886361463927, -0.000781969923992, -0.000386180356145, -0.00118251203094], [-0.000102346799395, -0.000179395152372, 0.000764653377701, 0.000202847237233, 0.00279581849463, -0.000141761440318, 0.000102720601717, -0.000557417341042, -0.00196850346401, -0.000369365734514, -0.00374443805777, -6.33848976577e-05, -0.00124209176283], [-0.000450661580544, 0.000560541287996, -0.000216736865696, 0.0009495493141, -0.000141761440318, 0.00428568711504, -0.000828825926874, 0.00100453721825, -0.000573655066546, -0.00176338956226, 0.000280127424048, -0.00243363692425, -0.00153444486205], [-0.000407780898968, -0.00128581619356, -0.000440623611212, -0.000960030069109, 0.000102720601717, -0.000828825926874, 0.00757245300338, -0.0013058000477, 0.000642677361611, 0.000467630947242, -0.00344456592575, 0.000504804484081, -0.00371493864805], [-0.00066809396958, 0.000293300719932, -0.000926145876292, -0.000650868925732, -0.000557417341042, 0.00100453721825, -0.0013058000477, 0.00981987081468, -0.00202120258473, 0.00266500213183, -0.000666277483106, -0.00108122313395, 0.00203015143052], [3.62789141946e-05, -0.0012824088335, -0.00125206599478, -0.000930769136176, -0.00196850346401, -0.000573655066546, 0.000642677361611, -0.00202120258473, 0.0127585362643, -0.00291045778431, 0.00158976996318, 0.000136879680213, -0.00113347033039], [-4.48554528703e-05, 0.00157061161008, -0.00107830774505, -0.000886361463927, -0.000369365734514, -0.00176338956226, 0.000467630947242, 0.00266500213183, -0.00291045778431, 0.0173868760467, -0.00183141336311, 0.00451555894688, -0.00331953167915], [0.000186434961506, -0.000828550197184, -0.00146366888657, -0.000781969923992, -0.00374443805777, 0.000280127424048, -0.00344456592575, -0.000666277483106, 0.00158976996318, -0.00183141336311, 0.0198938157409, -0.00287212105468, 0.00452465936542], [0.000150963664055, 0.00169282977004, -0.000622884894256, -0.000386180356145, -6.33848976577e-05, -0.00243363692425, 0.000504804484081, -0.00108122313395, 0.000136879680213, 0.00451555894688, -0.00287212105468, 0.0234889276326, -0.00694714160636], [0.000407794956118, -0.001481723506, 0.000476388115203, -0.00118251203094, -0.00124209176283, -0.00153444486205, -0.00371493864805, 0.00203015143052, -0.00113347033039, -0.00331953167915, 0.00452465936542, -0.00694714160636, 0.0248457826674]]
    },
    "melbands": {
        "dmean": [0.00987677834928, 0.00686656590551, 0.00108561385423, 0.000300999556202, 0.000414840265876, 0.000403242680477, 0.000255758786807, 0.00011058322707, 0.000206210039323, 0.000168339873198, 7.38940361771e-05, 4.91716491524e-05, 2.98988579743e-05, 2.29199558817e-05, 1.90572154679e-05, 1.69698760146e-05, 1.37156430355e-05, 1.33141011247e-05, 9.09244681679e-06, 7.48064621803e-06, 5.77499395149e-06, 4.59109605799e-06, 4.57609894511e-06, 4.62898060505e-06, 4.47922411695e-06, 4.35973515778e-06, 4.48295804745e-06, 4.4218554649e-06, 2.8780593766e-06, 2.66239862867e-06, 3.13092914439e-06, 3.13656460094e-06, 3.2078953609e-06, 2.89068611892e-06, 3.85913881473e-06, 3.08242192659e-06, 2.65619974016e-06, 2.7475373372e-06, 1.71563237927e-06, 1.64390189639e-06],
        "dmean2": [0.014140275307, 0.0101420460269, 0.00185490096919, 0.000519243534654, 0.000684199621901, 0.000738376693334, 0.000470063328976, 0.000192443680135, 0.000387130246963, 0.000316938821925, 0.000136006550747, 8.8732878794e-05, 5.25391078554e-05, 4.15093672927e-05, 3.49447946064e-05, 3.0821240216e-05, 2.39231994783e-05, 2.42374608206e-05, 1.6221378246e-05, 1.29737691168e-05, 9.91882279777e-06, 7.90796912042e-06, 8.00747147878e-06, 8.04467526905e-06, 7.61123556003e-06, 7.25457721273e-06, 7.26683629182e-06, 7.17890998203e-06, 4.71255088996e-06, 4.40620124209e-06, 4.91458513352e-06, 4.71919292977e-06, 4.67989275421e-06, 4.53353823104e-06, 6.14570626567e-06, 4.63953438157e-06, 3.91088951801e-06, 4.2660226427e-06, 2.52688323599e-06, 2.4430673875e-06],
        "dvar": [0.000101365701994, 0.000131621301989, 5.07051345267e-06, 1.67565190168e-07, 5.10580321134e-07, 1.1028262179e-06, 3.72421823158e-07, 4.24299706481e-08, 3.7334146441e-07, 2.5956884997e-07, 4.36132410186e-08, 1.58211683754e-08, 4.25850732455e-09, 2.78445888569e-09, 1.92074312011e-09, 1.55267687596e-09, 8.17138245957e-10, 1.02975328264e-09, 4.46027464962e-10, 3.35881517044e-10, 2.06037353845e-10, 1.35709818383e-10, 1.2957948603e-10, 1.33626013032e-10, 1.11913721346e-10, 1.70371980412e-10, 1.38895256407e-10, 1.40177411345e-10, 6.92358045895e-11, 5.17976148084e-11, 7.21232101819e-11, 6.42923284055e-11, 6.19184356565e-11, 5.06137423639e-11, 1.24760812792e-10, 7.73445613111e-11, 4.48588423352e-11, 4.44750174189e-11, 2.12435867508e-11, 1.7787275125e-11],
        "dvar2": [0.000194971144083, 0.000249264761806, 1.37687220558e-05, 4.90506238293e-07, 1.3830451735e-06, 3.19218520417e-06, 1.06216646145e-06, 1.17298995406e-07, 1.07566017959e-06, 7.47198214412e-07, 1.25106893734e-07, 4.47479315824e-08, 1.16552030249e-08, 7.81603226585e-09, 5.45026734855e-09, 4.36759783895e-09, 2.20919282867e-09, 2.91836865784e-09, 1.19295195944e-09, 8.52160286779e-10, 5.41487188421e-10, 3.67645441868e-10, 3.48537865236e-10, 3.55477869363e-10, 2.95495100611e-10, 4.00507127463e-10, 3.19613835398e-10, 3.53789886276e-10, 1.74953732057e-10, 1.34942543251e-10, 1.77476977559e-10, 1.52269113984e-10, 1.38696082397e-10, 1.22979654238e-10, 2.9477875696e-10, 1.73015046734e-10, 1.01505970296e-10, 1.02644448496e-10, 4.64908458953e-11, 4.15612752547e-11],
        "max": [0.0769861191511, 0.0808087661862, 0.0194225590676, 0.00480396579951, 0.00862538442016, 0.00959670171142, 0.00708021223545, 0.00197520735674, 0.00463071744889, 0.00360522163101, 0.00161756051239, 0.00140513270162, 0.000927065731958, 0.000620254024398, 0.000406501581892, 0.000371462549083, 0.000346311368048, 0.000363118742825, 0.000277210609056, 0.000311077747028, 0.000351106456947, 0.000307707465254, 0.000176570916665, 0.000224132381845, 0.00016854419664, 0.000347360619344, 0.000281568296487, 0.00018678791821, 0.000162104814081, 0.00011415190238, 0.000194389576791, 0.000127675797557, 0.000126337719848, 9.94537549559e-05, 9.77865929599e-05, 8.40483189677e-05, 6.38394703856e-05, 7.14555062586e-05, 4.82890900457e-05, 4.32023225585e-05],
        "mean": [0.0270447786897, 0.0121767856181, 0.00110347219743, 0.000500337861013, 0.000702306861058, 0.00041645905003, 0.000274170306511, 0.0001183404529, 0.000152587977936, 0.000114639755338, 5.32315534656e-05, 3.91323737858e-05, 2.52141981036e-05, 1.74112919922e-05, 1.45936637637e-05, 1.33005896714e-05, 1.2123412489e-05, 1.01942705442e-05, 7.36785204936e-06, 6.18543526798e-06, 5.20536968907e-06, 4.00362341679e-06, 4.09485801356e-06, 4.33177137893e-06, 4.26161750511e-06, 4.92656909046e-06, 5.15691499459e-06, 4.61098125015e-06, 3.12972065331e-06, 2.89738204629e-06, 3.49144011125e-06, 3.69709982806e-06, 3.83614724342e-06, 3.314866035e-06, 4.29444980909e-06, 3.43891133525e-06, 3.14807994073e-06, 3.93945902033e-06, 1.9036908725e-06, 1.85153623988e-06],
