{
"highlevel": {
    "danceability": {
        "all": {
            "danceable": 0.487500399351,
            "not_danceable": 0.512499570847
        },
        "probability": 0.512499570847,
        "value": "not_danceable"
    },
    "gender": {
        "all": {
            "female": 0.980074286461,
            "male": 0.0199257433414
        },
        "probability": 0.980074286461,
        "value": "female"
    },
    "genre_electronic": {
        "all": {
            "ambient": 0.487265467644,
            "dnb": 0.00814156420529,
            "house": 0.38145160675,
            "techno": 0.0387191474438,
            "trance": 0.0844222232699
        },
        "probability": 0.487265467644,
        "value": "ambient"
    },
    "mood_acoustic": {
        "all": {
            "acoustic": 0.077802374959,
            "not_acoustic": 0.922197639942
        },
        "probability": 0.922197639942,
        "value": "not_acoustic"
    },
    "mood_aggressive": {
        "all": {
            "aggressive": 0.00115061854012,
            "not_aggressive": 0.998849391937
        },
        "probability": 0.998849391937,
        "value": "not_aggressive"
    },
    "mood_electronic": {
        "all": {
            "electronic": 0.679733157158,
            "not_electronic": 0.320266842842
        },
        "probability": 0.679733157158,
        "value": "electronic"
    },
    "mood_happy": {
        "all": {
            "happy": 0.952485918999,
            "not_happy": 0.0475140810013
        },
        "probability": 0.952485918999,
        "value": "happy"
    },
    "mood_party": {
        "all": {
            "not_party": 0.645799696445,
            "party": 0.354200333357
        },
        "probability": 0.645799696445,
        "value": "not_party"
    },
    "mood_relaxed": {
        "all": {
            "not_relaxed": 0.113719761372,
            "relaxed": 0.886280238628
        },
        "probability": 0.886280238628,
        "value": "relaxed"
    },
    "mood_sad": {
        "all": {
            "not_sad": 0.647335767746,
            "sad": 0.352664232254
        },
        "probability": 0.647335767746,
        "value": "not_sad"
    },
    "moods_mirex": {
        "all": {
            "Cluster1": 0.0329346843064,
            "Cluster2": 0.146792396903,
            "Cluster3": 0.0740126371384,
            "Cluster4": 0.719790995121,
            "Cluster5": 0.0264692828059
        },
        "probability": 0.719790995121,
        "value": "Cluster4"
    },
    "timbre": {
        "all": {
            "bright": 0.212307646871,
            "dark": 0.787692368031
        },
        "probability": 0.787692368031,
        "value": "dark"
    },
    "tonal_atonal": {
        "all": {
            "atonal": 0.877627313137,
            "tonal": 0.122372679412
        },
        "probability": 0.877627313137,
        "value": "atonal"
    },
    "voice_instrumental": {
        "all": {
            "instrumental": 0.978337705135,
            "voice": 0.0216623004526
        },
        "probability": 0.978337705135,
        "value": "instrumental"
    }
},
"lowlevel": {
    "average_loudness": 0.662265956402,
    "barkbands_crest": {
        "dmean": 2.08062887192,
        "dmean2": 3.028829813,
        "dvar": 6.14053964615,
        "dvar2": 12.9254570007,
        "max": 26.2806129456,
        "mean": 13.3794240952,
        "median": 12.625295639,
        "min": 2.73742842674,
        "stdev": 5.4350643158,
        "var": 29.5399246216
    },
    "barkbands_flatness_db": {
        "dmean": 0.0318109542131,
        "dmean2": 0.044453471899,
        "dvar": 0.00102289312053,
        "dvar2": 0.00201460300013,
        "max": 0.597226381302,
        "mean": 0.260466337204,
        "median": 0.24767690897,
        "min": 0.0371776670218,
        "stdev": 0.104223303497,
        "var": 0.0108624976128
    },
    "barkbands_kurtosis": {
        "dmean": 6.19243335724,
        "dmean2": 9.10777664185,
        "dvar": 229.248947144,
        "dvar2": 461.757446289,
        "max": 534.223144531,
        "mean": 11.9268045425,
        "median": 4.73794031143,
        "min": -1.82433176041,
        "stdev": 22.6845760345,
        "var": 514.58996582
    },
    "barkbands_skewness": {
        "dmean": 0.599485456944,
        "dmean2": 0.863236784935,
        "dvar": 0.726134300232,
        "dvar2": 1.41084361076,
        "max": 18.1052474976,
        "mean": 2.26987981796,
        "median": 1.77372574806,
        "min": -3.70588040352,
        "stdev": 1.96919929981,
        "var": 3.87774610519
    },
    "barkbands_spread": {
        "dmean": 2.64752650261,
        "dmean2": 4.11263799667,
        "dvar": 15.4926872253,
        "dvar2": 35.5659065247,
        "max": 111.467048645,
        "mean": 8.75156116486,
        "median": 6.95985841751,
        "min": 0.179389789701,
        "stdev": 7.23861026764,
        "var": 52.397480011
    },
    "dissonance": {
        "dmean": 0.0255988687277,
        "dmean2": 0.0424935445189,
        "dvar": 0.000636984303128,
        "dvar2": 0.00161591102369,
        "max": 0.500000119209,
        "mean": 0.427416145802,
        "median": 0.441829532385,
        "min": 0.132192313671,
        "stdev": 0.0570589825511,
        "var": 0.00325572746806
    },
    "dynamic_complexity": 3.42544817924,
    "erbbands_crest": {
        "dmean": 1.85926687717,
        "dmean2": 2.88197278976,
        "dvar": 3.42341756821,
        "dvar2": 8.31786632538,
        "max": 27.2055511475,
        "mean": 9.31501102448,
        "median": 8.70215797424,
        "min": 2.68151402473,
        "stdev": 3.64988541603,
        "var": 13.3216629028
    },
    "erbbands_flatness_db": {
        "dmean": 0.0262591131032,
        "dmean2": 0.0362088494003,
        "dvar": 0.000709399057087,
        "dvar2": 0.00143200065941,
        "max": 0.480156391859,
        "mean": 0.232899278402,
        "median": 0.212892025709,
        "min": 0.0607963092625,
        "stdev": 0.0995382592082,
        "var": 0.0099078649655
    },
    "erbbands_kurtosis": {
        "dmean": 0.739530622959,
        "dmean2": 1.12440907955,
        "dvar": 0.923830389977,
        "dvar2": 2.06379795074,
        "max": 25.9254150391,
        "mean": 0.625020682812,
        "median": 0.18039894104,
        "min": -1.71712386608,
        "stdev": 1.63537049294,
        "var": 2.67443680763
    },
    "erbbands_skewness": {
        "dmean": 0.305535972118,
        "dmean2": 0.452862679958,
        "dvar": 0.0905173644423,
        "dvar2": 0.195227980614,
        "max": 3.64853739738,
        "mean": 0.471774339676,
        "median": 0.479784250259,
        "min": -2.59667515755,
        "stdev": 0.597307920456,
        "var": 0.356776744127
    },
    "erbbands_spread": {
        "dmean": 5.2015171051,
        "dmean2": 7.84212398529,
        "dvar": 46.1910705566,
        "dvar2": 102.441062927,
        "max": 115.602806091,
        "mean": 24.6671676636,
        "median": 22.3759346008,
        "min": 1.90116369724,
        "stdev": 14.8320655823,
        "var": 219.990158081
    },
    "hfc": {
        "dmean": 5.99698925018,
        "dmean2": 8.84719944,
        "dvar": 132.861129761,
        "dvar2": 312.039886475,
        "max": 215.445877075,
        "mean": 13.9498634338,
        "median": 9.08504390717,
        "min": 1.06216217667e-16,
        "stdev": 15.631436348,
        "var": 244.341812134
    },
    "loudness_ebu128": {
        "integrated": -12.43405056,
        "loudness_range": 11.661151886,
        "momentary": {
            "dmean": 0.796025812626,
            "dmean2": 1.25553584099,
            "dvar": 24.5021266937,
            "dvar2": 42.2725372314,
            "max": -7.79964637756,
            "mean": -17.5622615814,
            "median": -12.9259796143,
            "min": -300.691009521,
            "stdev": 30.1029968262,
            "var": 906.190429688
        },
        "short_term": {
            "dmean": 0.137206315994,
            "dmean2": 0.156549066305,
            "dvar": 5.54290342331,
            "dvar2": 5.53776788712,
            "max": -8.71627044678,
            "mean": -15.3955192566,
            "median": -12.7778072357,
            "min": -300.691009521,
            "stdev": 18.2610874176,
            "var": 333.467346191
        }
    },
    "melbands_crest": {
        "dmean": 2.58393836021,
        "dmean2": 3.8483748436,
        "dvar": 9.97140598297,
        "dvar2": 18.5159778595,
        "max": 36.1696472168,
        "mean": 17.5176773071,
        "median": 16.6448898315,
        "min": 1.50954222679,
        "stdev": 7.77948284149,
        "var": 60.5203514099
    },
    "melbands_flatness_db": {
        "dmean": 0.0383889339864,
        "dmean2": 0.0529206469655,
        "dvar": 0.00155688042287,
        "dvar2": 0.00303777889349,
        "max": 0.729795336723,
        "mean": 0.352495968342,
        "median": 0.331834584475,
        "min": 0.00294363847934,
        "stdev": 0.130664035678,
        "var": 0.0170730911195
    },
    "melbands_kurtosis": {
        "dmean": 9.11710262299,
        "dmean2": 13.5720939636,
        "dvar": 351.75289917,
        "dvar2": 762.415283203,
        "max": 328.509918213,
        "mean": 19.7949905396,
        "median": 7.22563743591,
        "min": -1.81125879288,
        "stdev": 30.7145786285,
        "var": 943.385375977
    },
    "melbands_skewness": {
        "dmean": 0.66406750679,
        "dmean2": 0.977574825287,
        "dvar": 0.870345473289,
        "dvar2": 1.71291279793,
        "max": 14.0634889603,
        "mean": 2.92094230652,
        "median": 2.24669671059,
        "min": -1.42367553711,
        "stdev": 2.21002411842,
        "var": 4.88420677185
    },
    "melbands_spread": {
        "dmean": 2.68001461029,
        "dmean2": 4.1487159729,
        "dvar": 19.7951087952,
        "dvar2": 45.0715713501,
        "max": 236.656845093,
        "mean": 11.1023244858,
        "median": 7.19564771652,
        "min": 0.256622582674,
        "stdev": 16.8331317902,
        "var": 283.3543396
    },
    "pitch_salience": {
        "dmean": 0.0662149861455,
        "dmean2": 0.0999417081475,
        "dvar": 0.00580740021542,
        "dvar2": 0.012419026345,
        "max": 0.956639707088,
        "mean": 0.486306369305,
        "median": 0.502762556076,
        "min": 0.044919885695,
        "stdev": 0.173214241862,
        "var": 0.0300031732768
    },
    "silence_rate_20dB": {
        "dmean": 0.0192762538791,
        "dmean2": 0.0385547876358,
        "dvar": 0.0189035646617,
        "dvar2": 0.0527941845357,
        "max": 1,
        "mean": 0.988588631153,
        "median": 1,
        "min": 0,
        "stdev": 0.106217488647,
        "var": 0.0112821552902
    },
    "silence_rate_30dB": {
        "dmean": 0.0870387926698,
        "dmean2": 0.174087867141,
        "dvar": 0.0794577896595,
        "dvar2": 0.167786926031,
        "max": 1,
        "mean": 0.800745010376,
        "median": 1,
        "min": 0,
        "stdev": 0.399440050125,
        "var": 0.15955235064
    },
    "silence_rate_60dB": {
        "dmean": 0.0293282885104,
        "dmean2": 0.0586600452662,
        "dvar": 0.0284632444382,
        "dvar2": 0.0611219704151,
        "max": 1,
        "mean": 0.0789924934506,
        "median": 0,
        "min": 0,
        "stdev": 0.269706726074,
        "var": 0.0727417245507
    },
    "spectral_centroid": {
        "dmean": 131.011138916,
        "dmean2": 209.597290039,
        "dvar": 40029.6210938,
        "dvar2": 95683.9765625,
        "max": 11935.3564453,
        "mean": 819.26574707,
        "median": 643.521728516,
        "min": 113.433509827,
        "stdev": 1211.89953613,
        "var": 1468700.5
    },
    "spectral_complexity": {
        "dmean": 2.61908698082,
        "dmean2": 3.96144533157,
        "dvar": 10.8736944199,
        "dvar2": 23.6860427856,
        "max": 57,
        "mean": 14.9360256195,
        "median": 13,
        "min": 0,
        "stdev": 8.10765552521,
        "var": 65.734085083
    },
    "spectral_decrease": {
        "dmean": 6.07074612802e-09,
        "dmean2": 8.56501625179e-09,
        "dvar": 1.72644928757e-16,
        "dvar2": 3.53755713594e-16,
        "max": 3.62524311161e-18,
        "mean": -1.57123540845e-08,
        "median": -8.20731393958e-09,
        "min": -1.46975210669e-07,
        "stdev": 1.98881906499e-08,
        "var": 3.9554011358e-16
    },
    "spectral_energy": {
        "dmean": 0.023345310241,
        "dmean2": 0.032901506871,
        "dvar": 0.00250392779708,
        "dvar2": 0.00512740528211,
        "max": 0.559432506561,
        "mean": 0.060567278415,
        "median": 0.0323058404028,
        "min": 9.83356028053e-21,
        "stdev": 0.0759503766894,
        "var": 0.00576845929027
    },
    "spectral_energyband_high": {
        "dmean": 0.000237483851379,
        "dmean2": 0.000380657089408,
        "dvar": 4.96627876601e-07,
        "dvar2": 1.2270119214e-06,
        "max": 0.0192361157387,
        "mean": 0.000264030211838,
        "median": 2.16491298488e-05,
        "min": 7.04063421766e-21,
        "stdev": 0.000715164875146,
        "var": 5.11460825692e-07
    },
    "spectral_energyband_low": {
        "dmean": 0.0197951812297,
        "dmean2": 0.0283473376185,
        "dvar": 0.00235090591013,
        "dvar2": 0.00486998725682,
        "max": 0.546788752079,
        "mean": 0.0461685061455,
        "median": 0.0110824201256,
        "min": 1.19519913431e-23,
        "stdev": 0.070863738656,
        "var": 0.00502166943625
    },
    "spectral_energyband_middle_high": {
        "dmean": 0.0010508390842,
        "dmean2": 0.00161416060291,
        "dvar": 3.80938558919e-06,
        "dvar2": 9.6414323707e-06,
        "max": 0.0284738875926,
        "mean": 0.00273434445262,
        "median": 0.00162580388132,
        "min": 1.10572136498e-21,
        "stdev": 0.00315696070902,
        "var": 9.96640119411e-06
    },
    "spectral_energyband_middle_low": {
        "dmean": 0.00654898118228,
        "dmean2": 0.0107962964103,
        "dvar": 0.000273543701041,
        "dvar2": 0.000740621529985,
        "max": 0.206769406796,
        "mean": 0.0128580089658,
        "median": 0.00898287445307,
        "min": 1.29369982526e-22,
        "stdev": 0.0159017499536,
        "var": 0.000252865633229
    },
    "spectral_entropy": {
        "dmean": 0.229888170958,
        "dmean2": 0.344366788864,
        "dvar": 0.0658401027322,
        "dvar2": 0.154222846031,
        "max": 9.82729911804,
        "mean": 6.76812744141,
        "median": 6.87730026245,
        "min": 3.97287487984,
        "stdev": 0.913309514523,
        "var": 0.834134221077
    },
    "spectral_flux": {
        "dmean": 0.0406612306833,
        "dmean2": 0.0602633245289,
        "dvar": 0.00446933275089,
        "dvar2": 0.0077518094331,
        "max": 0.686699271202,
        "mean": 0.0847740843892,
        "median": 0.0509232096374,
        "min": 6.26944468562e-11,
        "stdev": 0.100404649973,
        "var": 0.0100810937583
    },
    "spectral_kurtosis": {
        "dmean": 13.680264473,
        "dmean2": 21.8769416809,
        "dvar": 416.817993164,
        "dvar2": 1122.21594238,
        "max": 396.839904785,
        "mean": 40.6998176575,
        "median": 11.1806983948,
        "min": -1.27091145515,
        "stdev": 67.0228805542,
        "var": 4492.06640625
    },
    "spectral_rms": {
        "dmean": 0.00117250555195,
        "dmean2": 0.00159874232486,
        "dvar": 3.65883806808e-06,
        "dvar2": 6.87076135364e-06,
        "max": 0.023362101987,
        "mean": 0.00644039269537,
        "median": 0.00561407953501,
        "min": 3.0973726188e-12,
        "stdev": 0.00419659353793,
        "var": 1.76113990165e-05
    },
    "spectral_rolloff": {
        "dmean": 149.404693604,
        "dmean2": 243.096038818,
        "dvar": 119762.226562,
        "dvar2": 271709.40625,
        "max": 19681.3476562,
        "mean": 840.030456543,
        "median": 452.197265625,
        "min": 64.599609375,
        "stdev": 2150.98754883,
        "var": 4626747.5
    },
    "spectral_skewness": {
        "dmean": 0.781046152115,
        "dmean2": 1.2336550951,
        "dvar": 0.745187163353,
        "dvar2": 1.90365469456,
        "max": 17.6998291016,
        "mean": 3.87602090836,
        "median": 2.43383002281,
        "min": -0.084867104888,
        "stdev": 3.43215727806,
        "var": 11.7797031403
    },
    "spectral_spread": {
        "dmean": 772658.3125,
        "dmean2": 1108244,
        "dvar": 1.01225719398e+12,
        "dvar2": 1.85010814976e+12,
        "max": 43439876,
        "mean": 3254279.75,
        "median": 2364970.25,
        "min": 291631.1875,
        "stdev": 4589790,
        "var": 2.10661728584e+13
    },
    "spectral_strongpeak": {
        "dmean": 0.260596573353,
        "dmean2": 0.421167105436,
        "dvar": 0.181508466601,
        "dvar2": 0.44035717845,
        "max": 9.20215988159,
        "mean": 0.67500269413,
        "median": 0.508461415768,
        "min": 0,
        "stdev": 0.634907305241,
        "var": 0.403107255697
    },
    "zerocrossingrate": {
        "dmean": 0.00534020084888,
        "dmean2": 0.00660350499675,
        "dvar": 5.81314234296e-05,
        "dvar2": 8.30700664665e-05,
        "max": 0.6005859375,
        "mean": 0.0321863740683,
        "median": 0.021484375,
        "min": 0.001953125,
        "stdev": 0.0583830438554,
        "var": 0.00340857962146
    },
    "barkbands": {
        "dmean": [0.00141937797889, 0.0163477994502, 0.00581641634926, 0.00278390571475, 0.00172561046202, 0.00111088284757, 0.00118127081078, 0.000934203271754, 0.000426915474236, 0.000202909388463, 0.000118088508316, 0.000254024227615, 0.000189497528481, 0.000295651727356, 0.000240416411543, 7.67146557337e-05, 8.39981876197e-05, 4.75113956782e-05, 5.28458112967e-05, 4.60920782643e-05, 4.41043557657e-05, 2.51013170782e-05, 3.37383826263e-05, 4.84998563479e-05, 5.53869613213e-05, 3.16040532198e-05, 3.28657492332e-08],
        "dmean2": [0.00225486489944, 0.0236859545112, 0.0103041334078, 0.00498734414577, 0.00293917045929, 0.0018382469425, 0.00176891963929, 0.00144029618241, 0.000665889936499, 0.0003236028424, 0.000179567650775, 0.00038800877519, 0.000302141561406, 0.000481329188915, 0.000376347568817, 0.000124466692796, 0.000138307907037, 7.85983647802e-05, 8.98493890418e-05, 7.87261742516e-05, 7.30719111743e-05, 4.00806056859e-05, 5.47884665139e-05, 7.78658868512e-05, 9.13406693144e-05, 5.36157203896e-05, 5.85209782855e-08],
        "dvar": [1.12246279969e-05, 0.00178514618892, 0.000551205826923, 0.000123952762806, 2.54352944467e-05, 6.43442808723e-06, 6.19405273028e-06, 3.95648066842e-06, 7.35448850264e-07, 1.40723926734e-07, 7.34205087838e-08, 2.19276103053e-07, 1.21025337307e-07, 4.03442612651e-07, 2.06832197591e-07, 2.00204866019e-08, 2.78864522585e-08, 1.30504087537e-08, 1.66022253723e-08, 2.55774228464e-08, 9.86256321056e-09, 4.74575045928e-09, 1.34415634179e-08, 3.657746106e-08, 5.04647630351e-08, 1.78185217692e-08, 2.8865483544e-14],
        "dvar2": [2.7123171094e-05, 0.00390462623909, 0.00153837713879, 0.000345112930518, 7.19839663361e-05, 1.75695258804e-05, 1.40780784932e-05, 9.83569316304e-06, 1.91050162357e-06, 3.61315557029e-07, 1.87645269989e-07, 5.40306189123e-07, 3.0582555155e-07, 1.01649527551e-06, 4.88315833991e-07, 5.17253759824e-08, 7.2333975254e-08, 3.46052360101e-08, 4.57807267651e-08, 7.18436581337e-08, 2.53772416414e-08, 1.12070868141e-08, 3.44876625036e-08, 8.81603909875e-08, 1.26864790673e-07, 4.78299533313e-08, 8.12267598018e-14],
        "max": [0.0399858653545, 0.44004997611, 0.275382071733, 0.142650038004, 0.0755825191736, 0.0460205748677, 0.0484680011868, 0.052997816354, 0.0125969583169, 0.00691312877461, 0.00776890479028, 0.0097080860287, 0.00576674472541, 0.010429950431, 0.0183035209775, 0.0027083021123, 0.00194847187959, 0.0021772806067, 0.00184212112799, 0.00234501971863, 0.00148102489766, 0.00143422803376, 0.00409653875977, 0.00441044336185, 0.00489823380485, 0.00469081336632, 4.52837639386e-06],
        "mean": [0.00232505029999, 0.0356997549534, 0.00672298949212, 0.00255783647299, 0.00291881687008, 0.00217859190889, 0.00232632341795, 0.00190717924852, 0.000874225166626, 0.000426400947617, 0.000192042251001, 0.000482850329718, 0.000339504767908, 0.000377211923478, 0.000515402527526, 0.000158066643053, 0.000127450388391, 7.17596703907e-05, 7.09311134415e-05, 5.31323130417e-05, 5.96902245888e-05, 2.89292747766e-05, 3.3111715311e-05, 4.81514252897e-05, 4.77713692817e-05, 2.39154651354e-05, 2.38884876325e-08],
        "median": [0.000320551305776, 0.00634591002017, 0.00127043994144, 0.000721492047887, 0.00168587535154, 0.00121474522166, 0.00124893558677, 0.00100622745231, 0.000416170281824, 0.000231794751016, 9.2413094535e-05, 0.000247064366704, 0.000148703911691, 0.000115914532216, 0.000150589286932, 3.57780081686e-05, 3.84217419196e-05, 1.39670646604e-05, 1.30479038489e-05, 6.3119632614e-06, 7.23293578631e-06, 1.15781620025e-06, 7.35383196115e-07, 5.43681949239e-07, 4.38606889475e-07, 2.74277994095e-07, 1.16917531212e-09],
        "min": [3.90733591564e-26, 1.03592020922e-24, 4.71343602009e-25, 3.12260383444e-25, 1.0680981808e-23, 5.47659347043e-24, 6.47763192675e-24, 4.31468142642e-24, 1.56615647848e-23, 9.30354941486e-24, 1.30865413522e-23, 1.27781843018e-23, 2.78820615031e-23, 1.65558017298e-23, 4.61083487749e-23, 6.04701200679e-23, 5.80048287649e-23, 7.13924357261e-23, 1.40923437395e-22, 1.57312483396e-22, 2.42104415795e-22, 3.35649258497e-22, 3.0777634147e-22, 4.5339776741e-22, 7.17129442321e-22, 1.27183623603e-21, 1.8969676846e-21],
        "stdev": [0.00435475865379, 0.0579889155924, 0.0190540943295, 0.00898441486061, 0.00471261609346, 0.00307537778281, 0.00332375476137, 0.00274818995968, 0.00121254508849, 0.000559928943403, 0.000318390899338, 0.000669961620588, 0.000482827745145, 0.000737524416763, 0.000946132873651, 0.000266212999122, 0.000205105665373, 0.000131317705382, 0.000137480950798, 0.000147457161802, 0.000122841476696, 8.00135894679e-05, 0.000112282279588, 0.000190013321117, 0.000209128906135, 0.000111002045742, 1.34631719106e-07],
        "var": [1.89639231394e-05, 0.00336271431297, 0.000363058527, 8.07197066024e-05, 2.22087492148e-05, 9.45794818108e-06, 1.10473456516e-05, 7.55254859541e-06, 1.47026548802e-06, 3.13520445161e-07, 1.01372762629e-07, 4.48848538781e-07, 2.33122634086e-07, 5.43942292097e-07, 8.95167374892e-07, 7.08693619345e-08, 4.20683328173e-08, 1.72443410662e-08, 1.89010123108e-08, 2.17436149086e-08, 1.50900270057e-08, 6.40217434622e-09, 1.26073098627e-08, 3.61050602748e-08, 4.37348965932e-08, 1.23214540793e-08, 1.81256986959e-14]
    },
    "erbbands": {
        "dmean": [0.579762041569, 3.79355359077, 6.82544517517, 8.30164241791, 7.47032499313, 5.37672233582, 6.44270324707, 10.3294420242, 11.6203956604, 22.9862289429, 22.8285064697, 9.33515357971, 7.28714466095, 6.36076784134, 5.56872034073, 9.95206928253, 7.23160362244, 16.8425884247, 14.332159996, 6.61656188965, 4.29144954681, 4.92282104492, 2.62001919746, 2.13306546211, 2.87450695038, 2.33505320549, 2.16338419914, 1.20117592812, 0.958499252796, 0.915166079998, 0.992765843868, 0.947146892548, 0.877471268177, 0.597415208817, 0.428910791874, 0.160970941186, 0.055015206337, 0.00493164500222, 9.80066542979e-05, 2.95190675388e-05],
        "dmean2": [0.850562512875, 5.73359727859, 11.7768507004, 14.7942676544, 12.8990402222, 9.13728237152, 10.951210022, 16.8624477386, 18.4124469757, 33.9438056946, 34.8790740967, 14.6834316254, 11.1044616699, 9.9898891449, 8.32388782501, 15.3244934082, 11.3465900421, 27.3677768707, 22.6584396362, 10.7083148956, 6.89376926422, 8.20138835907, 4.32298517227, 3.55650258064, 4.88081693649, 4.03131532669, 3.65604996681, 1.9406388998, 1.53208684921, 1.45027935505, 1.64304637909, 1.54366803169, 1.41700291634, 0.982556283474, 0.721949160099, 0.273534715176, 0.093093931675, 0.00845511909574, 0.000164100187249, 4.25747166446e-05],
        "dvar": [1.83710753918, 124.177108765, 678.308654785, 1057.43041992, 717.947631836, 190.878997803, 347.549926758, 551.660339355, 666.734069824, 2559.53613281, 2538.63037109, 373.387786865, 209.617752075, 136.798248291, 111.268699646, 362.652038574, 185.502059937, 1253.22143555, 978.877563477, 138.853210449, 63.2673339844, 108.943641663, 39.9344482422, 32.6645050049, 42.2811584473, 73.0350418091, 26.4793739319, 7.69616222382, 6.89926815033, 7.60405540466, 13.9852361679, 11.7970647812, 13.8849945068, 6.17401361465, 3.14876484871, 0.423678278923, 0.0560176856816, 0.000500147813, 1.59157735879e-07, 3.39301831076e-09],
        "dvar2": [3.57278871536, 299.789855957, 1824.47070312, 2955.73510742, 1997.76574707, 532.913085938, 988.674377441, 1459.34143066, 1669.76147461, 5500.23046875, 6330.24951172, 962.767456055, 529.325622559, 352.787780762, 280.848052979, 898.256408691, 459.802368164, 3110.83666992, 2501.42260742, 357.464355469, 163.089828491, 286.390411377, 105.957336426, 90.1811218262, 115.798477173, 207.85559082, 70.3581466675, 18.9400081635, 15.9651985168, 18.5207653046, 36.5985641479, 29.6305599213, 33.3196296692, 15.2715492249, 8.17464351654, 1.12447917461, 0.150435045362, 0.00135399017017, 4.27191366725e-07, 7.16680093049e-09],
        "max": [14.409154892, 120.572158813, 278.709442139, 451.316894531, 451.265930176, 222.024429321, 354.564758301, 563.217163086, 629.61920166, 1282.28747559, 1420.17382812, 286.713012695, 320.288269043, 243.300613403, 298.301879883, 345.976715088, 241.932907104, 562.445800781, 991.641662598, 304.945007324, 174.346908569, 120.760124207, 126.263946533, 92.0485458374, 93.2403259277, 127.974876404, 74.0883865356, 35.1924591064, 45.1307296753, 65.1383132935, 131.282531738, 92.2404251099, 81.1591110229, 50.7123222351, 39.986541748, 21.2334918976, 8.3583946228, 0.723071157932, 0.0131036406383, 0.000749196042307],
        "mean": [1.40847945213, 6.43210506439, 8.74021339417, 8.42377281189, 9.14901351929, 9.31827545166, 11.5601415634, 19.3298416138, 25.1129074097, 41.9413299561, 48.3408546448, 20.922039032, 15.1763105392, 15.0789823532, 11.0214166641, 19.5795345306, 14.4961948395, 22.9211502075, 28.3470935822, 14.2339992523, 9.02064323425, 7.0671210289, 4.15095376968, 3.26176571846, 3.83557844162, 2.58154344559, 2.80466008186, 1.56953382492, 1.1202634573, 0.993856430054, 0.924186527729, 0.926766693592, 0.833978831768, 0.542842209339, 0.341191738844, 0.125206321478, 0.0410826317966, 0.00354787451215, 9.49859531829e-05, 7.04413105268e-05],
        "median": [0.223409697413, 1.08213973045, 1.69631493092, 2.51045846939, 3.96124792099, 5.13517379761, 6.81105136871, 8.87800216675, 13.9472761154, 20.6996364594, 25.6407299042, 11.305896759, 8.98502159119, 8.54152297974, 6.69929170609, 10.1326637268, 6.8827829361, 8.47147274017, 7.57801198959, 4.54554176331, 2.29821372032, 2.19349455833, 0.927800416946, 0.559892416, 0.757920026779, 0.343346327543, 0.37423145771, 0.163981184363, 0.0520333871245, 0.0271674580872, 0.0157230142504, 0.0121830785647, 0.00817301124334, 0.00510272895917, 0.00339703960344, 0.00158565258607, 0.00045652416884, 3.03308861476e-05, 2.2902728233e-05, 3.81928730349e-05],
        "min": [5.68896949893e-23, 4.15120620702e-22, 1.49294589507e-21, 3.20289179942e-21, 1.58331044946e-20, 2.66208935443e-20, 4.05840560977e-20, 7.37113245426e-20, 1.13027923453e-19, 1.31262215328e-19, 2.42724699472e-19, 3.86548091842e-19, 3.64802185622e-19, 4.39251103239e-19, 9.2000144422e-19, 6.91792963167e-19, 1.17892241763e-18, 1.85509148999e-18, 2.45168930294e-18, 2.8660910734e-18, 3.3007912357e-18, 4.1157376402e-18, 4.23517548962e-18, 5.3592490084e-18, 6.65961374087e-18, 7.48776959937e-18, 8.73797120436e-18, 9.79326093289e-18, 9.68600952185e-18, 1.13952227477e-17, 9.70636395519e-18, 9.77350289678e-18, 8.94604931463e-18, 7.82285963833e-18, 5.51247511789e-18, 3.74884126591e-18, 2.20586694132e-18, 8.2797175911e-19, 2.42906756755e-19, 2.59120482269e-20],
        "stdev": [2.12130951881, 12.5105981827, 22.3497257233, 26.2144737244, 22.6436843872, 14.3052721024, 17.7063064575, 30.811132431, 34.7879676819, 66.981010437, 70.282661438, 27.3933944702, 19.4548358917, 19.1170597076, 14.2052688599, 27.2567596436, 20.0700531006, 39.2011909485, 52.9424591064, 22.6037654877, 14.9371061325, 11.6820697784, 7.29936170578, 6.34295797348, 7.1211643219, 7.55088281631, 5.91938257217, 3.34440636635, 3.1032834053, 2.96634459496, 3.46993398666, 3.36758112907, 3.64075565338, 2.39318943024, 1.56646072865, 0.552135825157, 0.196277394891, 0.018296347931, 0.000335177028319, 8.66967820912e-05],
        "var": [4.49995422363, 156.515075684, 499.510253906, 687.198608398, 512.736450195, 204.640808105, 313.513305664, 949.325866699, 1210.20275879, 4486.45605469, 4939.65234375, 750.398010254, 378.490661621, 365.462005615, 201.789657593, 742.930969238, 402.807067871, 1536.73352051, 2802.90380859, 510.930236816, 223.117126465, 136.470748901, 53.2806816101, 40.2331161499, 50.7109832764, 57.0158309937, 35.0390892029, 11.1850538254, 9.63036823273, 8.79920005798, 12.0404424667, 11.3406019211, 13.2551021576, 5.72735548019, 2.45379924774, 0.304853975773, 0.0385248139501, 0.000334756361553, 1.1234364905e-07, 7.51633244533e-09]
    },
    "gfcc": {
        "mean": [-94.439743042, 159.473266602, -102.034011841, -3.05887699127, -42.9763412476, 2.99333882332, -31.1408576965, 6.14030313492, -13.0460300446, 10.147397995, -8.97351932526, -7.38385057449, -6.78461503983],
        "cov": [[32319.2617188, -1184.20043945, -2516.51049805, 3319.13061523, -65.7460784912, 1951.28979492, -187.734710693, 1361.32910156, 34.5784912109, 996.855712891, -73.1554260254, 168.757720947, -351.566772461], [-1184.20043945, 2962.97998047, 675.39239502, -1042.89196777, 227.219039917, -536.434509277, 132.239196777, -420.647003174, -53.6805114746, -477.963745117, 43.8987731934, -183.011367798, 183.944641113], [-2516.51049805, 675.39239502, 3147.63525391, 65.0595092773, 136.878936768, 565.436096191, 36.2566184998, 69.6476974487, -199.025390625, -358.977539062, -54.2628326416, 120.1509552, -86.3024749756], [3319.13061523, -1042.89196777, 65.0595092773, 1346.83581543, 258.521057129, 625.600280762, 228.200378418, 322.699829102, 164.412597656, 250.753845215, 30.8138847351, 69.6795272827, -85.8586273193], [-65.7460784912, 227.219039917, 136.878936768, 258.521057129, 495.011566162, 167.713302612, 272.243438721, 132.71156311, 159.064376831, 72.6282653809, 84.6591796875, -2.38112735748, 70.0183944702], [1951.28979492, -536.434509277, 565.436096191, 625.600280762, 167.713302612, 615.432067871, 96.0350723267, 326.464569092, 61.9938735962, 115.69152832, 37.7211380005, 97.9709091187, -69.9010238647], [-187.734710693, 132.239196777, 36.2566184998, 228.200378418, 272.243438721, 96.0350723267, 306.262695312, 82.9443511963, 169.472869873, 75.5071182251, 79.402885437, 22.3780002594, 53.9030838013], [1361.32910156, -420.647003174, 69.6476974487, 322.699829102, 132.71156311, 326.464569092, 82.9443511963, 310.897003174, 80.9341506958, 162.862030029, 54.3495597839, 76.2691726685, -9.41441726685], [34.5784912109, -53.6805114746, -199.025390625, 164.412597656, 159.064376831, 61.9938735962, 169.472869873, 80.9341506958, 228.625732422, 123.733451843, 92.0097961426, 7.50098800659, 34.1408195496], [996.855712891, -477.963745117, -358.977539062, 250.753845215, 72.6282653809, 115.69152832, 75.5071182251, 162.862030029, 123.733451843, 271.824188232, 47.3235435486, 49.1496238708, 19.4724559784], [-73.1554260254, 43.8987731934, -54.2628326416, 30.8138847351, 84.6591796875, 37.7211380005, 79.402885437, 54.3495597839, 92.0097961426, 47.3235435486, 108.250907898, 26.3732814789, 34.7261657715], [168.757720947, -183.011367798, 120.1509552, 69.6795272827, -2.38112735748, 97.9709091187, 22.3780002594, 76.2691726685, 7.50098800659, 49.1496238708, 26.3732814789, 99.4355545044, -7.84694194794], [-351.566772461, 183.944641113, -86.3024749756, -85.8586273193, 70.0183944702, -69.9010238647, 53.9030838013, -9.41441726685, 34.1408195496, 19.4724559784, 34.7261657715, -7.84694194794, 122.473907471]],
        "icov": [[0.000198827343411, -0.000642690167297, 0.000408902182244, -0.00066096324008, 0.000440470845206, -0.000684375409037, 0.000628607172985, -0.00054765259847, 0.000347137014614, -0.000559664447792, 0.000481899391161, -0.000447286933195, 0.0002265235089], [-0.000642690167297, 0.00302524119616, -0.00148350431118, 0.00271249632351, -0.00186332757585, 0.00227283872664, -0.00270361942239, 0.00214682403021, -0.00100180169102, 0.00268139271066, -0.00214001955464, 0.0024515427649, -0.00119811657351], [0.000408902182244, -0.00148350431118, 0.00157179264352, -0.00109427236021, 0.000796191918198, -0.00278389523737, 0.00107271422166, -0.000540721113794, 0.000971599831246, -0.000422541896114, 0.00147426722106, -0.00184185989201, 0.000444875709945], [-0.00066096324008, 0.00271249632351, -0.00109427236021, 0.00469623086974, -0.00177811319008, -0.000578415347263, -0.00377587252297, 0.00340936495923, -0.000897038145922, 0.00129826308694, -0.0011223575566, 0.00260659493506, -0.000310898729367], [0.000440470845206, -0.00186332757585, 0.000796191918198, -0.00177811319008, 0.00602215668187, -0.00204112846404, -0.00190201099031, -0.00249412795529, 0.000793547776993, -0.00152590125799, 0.000538105494343, 0.0011040297104, -0.000645415857434], [-0.000684375409037, 0.00227283872664, -0.00278389523737, -0.000578415347263, -0.00204112846404, 0.0121001852676, -0.000504127761815, -0.00526216579601, -0.00187480240129, 0.0031591441948, -0.00244230427779, 0.000591026444454, 0.000895759440027], [0.000628607172985, -0.00270361942239, 0.00107271422166, -0.00377587252297, -0.00190201099031, -0.000504127761815, 0.0123323891312, -0.00217180978507, -0.00397707475349, -0.00116965838242, 0.00211257860065, -0.00506923068315, -0.000450267893029], [-0.00054765259847, 0.00214682403021, -0.000540721113794, 0.00340936495923, -0.00249412795529, -0.00526216579601, -0.00217180978507, 0.0139811029658, 4.18711097154e-05, -0.0023750665132, -0.00268793804571, -0.000177516776603, -0.00121750391554], [0.000347137014614, -0.00100180169102, 0.000971599831246, -0.000897038145922, 0.000793547776993, -0.00187480240129, -0.00397707475349, 4.18711097154e-05, 0.013154650107, -0.00484821340069, -0.00602720165625, 0.00289427139796, 0.00178500893526], [-0.000559664447792, 0.00268139271066, -0.000422541896114, 0.00129826308694, -0.00152590125799, 0.0031591441948, -0.00116965838242, -0.0023750665132, -0.00484821340069, 0.0121448626742, 0.000139913347084, -0.00146804761607, -0.00272691808641], [0.000481899391161, -0.00214001955464, 0.00147426722106, -0.0011223575566, 0.000538105494343, -0.00244230427779, 0.00211257860065, -0.00268793804571, -0.00602720165625, 0.000139913347084, 0.0190817900002, -0.00659227045253, -0.00216340273619], [-0.000447286933195, 0.0024515427649, -0.00184185989201, 0.00260659493506, 0.0011040297104, 0.000591026444454, -0.00506923068315, -0.000177516776603, 0.00289427139796, -0.00146804761607, -0.00659227045253, 0.018702339381, -1.89162456081e-05], [0.0002265235089, -0.00119811657351, 0.000444875709945, -0.000310898729367, -0.000645415857434, 0.000895759440027, -0.000450267893029, -0.00121750391554, 0.00178500893526, -0.00272691808641, -0.00216340273619, -1.89162456081e-05, 0.0122432317585]]
    },
    "melbands": {
        "dmean": [0.004619512707, 0.00368599127978, 0.00139041407965, 0.000417124683736, 0.000220681089559, 0.00022442243062, 0.000195747517864, 0.000225939002121, 0.000168596539879, 5.71128584852e-05, 3.6684130464e-05, 2.7419791877e-05, 1.83411666512e-05, 3.07432455884e-05, 1.68870883499e-05, 2.55028899119e-05, 2.94767087325e-05, 2.3395390599e-05, 1.25793430925e-05, 6.61480544295e-06, 5.07429604113e-06, 6.22109155302e-06, 2.37487552113e-06, 2.66657616521e-06, 1.5682578578e-06, 2.67930204245e-06, 1.69616919266e-06, 1.48619585616e-06, 1.40169731822e-06, 1.08350968731e-06, 6.26932262549e-07, 5.83016287692e-07, 4.60477508568e-07, 5.59390343824e-07, 5.99572047122e-07, 5.5267702237e-07, 6.07733170455e-07, 6.81931169311e-07, 4.93911670674e-07, 5.28553357526e-07],
        "dmean2": [0.0066571966745, 0.00587643496692, 0.00246365694329, 0.000705854326952, 0.000375594070647, 0.000367396365618, 0.000305096938973, 0.000336020864779, 0.000260154833086, 8.94479962881e-05, 5.59480940865e-05, 4.34059766121e-05, 2.73916557489e-05, 4.65977827844e-05, 2.7137075449e-05, 4.05255268561e-05, 4.79986229038e-05, 3.75507952413e-05, 1.91271992662e-05, 1.09730244731e-05, 8.22987294669e-06, 1.04653036033e-05, 3.87630097975e-06, 4.4910084398e-06, 2.63090078079e-06, 4.6009745347e-06, 2.90855746243e-06, 2.57506326307e-06, 2.40159715759e-06, 1.7793056486e-06, 1.01753130366e-06, 9.42920280522e-07, 7.28180907572e-07, 8.98698658602e-07, 9.98241716843e-07, 9.30920009523e-07, 9.89301270238e-07, 1.1082504443e-06, 8.06461343927e-07, 8.83413747488e-07],
        "dvar": [0.000123280755361, 0.000148935447214, 2.76565660897e-05, 1.53074324771e-06, 3.8727506535e-07, 2.54414430856e-07, 1.71365471147e-07, 2.31770656001e-07, 1.38009468742e-07, 1.42020493143e-08, 5.14659248552e-09, 2.50813636526e-09, 1.45876166702e-09, 3.32826699534e-09, 1.04837294401e-09, 2.65037036762e-09, 3.76952558057e-09, 3.05637803955e-09, 5.9936478003e-10, 1.3592149628e-10, 9.29448809583e-11, 1.84458393004e-10, 2.59173446593e-11, 3.9460709006e-11, 2.03950380889e-11, 3.72971722951e-11, 2.40273061863e-11, 3.26685831165e-11, 1.17300379479e-11, 6.19409124686e-12, 2.31122998344e-12, 2.52395066652e-12, 1.85154387482e-12, 3.00515276726e-12, 5.3940601985e-12, 4.03887860656e-12, 4.8093677478e-12, 8.17518101826e-12, 4.3826418189e-12, 4.93696273099e-12],
        "dvar2": [0.000244102586294, 0.000368361303117, 7.6845921285e-05, 4.24364270657e-06, 1.10415737709e-06, 6.78610660998e-07, 4.20785227107e-07, 5.05852995047e-07, 3.48509530568e-07, 3.70481600953e-08, 1.29327171194e-08, 6.46598818932e-09, 3.6718463825e-09, 8.08801470242e-09, 2.74010369949e-09, 6.50270948199e-09, 9.40562649987e-09, 7.9975608358e-09, 1.20803955728e-09, 3.61007806982e-10, 2.38444236578e-10, 4.88184548342e-10, 6.46199344034e-11, 1.0787078869e-10, 5.67354947745e-11, 1.01933461671e-10, 6.80779529971e-11, 9.27420223951e-11, 3.15647820381e-11, 1.53048806267e-11, 5.90206486115e-12, 6.03365447882e-12, 4.33952656795e-12, 7.43422944732e-12, 1.41095659462e-11, 1.0776800459e-11, 1.19048286853e-11, 1.94449491231e-11, 1.06440923783e-11, 1.24202488572e-11],
        "max": [0.125565990806, 0.126319110394, 0.0654899775982, 0.0175175908953, 0.0112592242658, 0.0109914438799, 0.00996440369636, 0.0119685335085, 0.0103809824213, 0.00187557796016, 0.00159824930597, 0.00106029270682, 0.00112658506259, 0.00122828001622, 0.000507091230247, 0.000931501679588, 0.000931060290895, 0.00174855347723, 0.00119598594029, 0.000245420145802, 0.00024858841789, 0.000161623815075, 0.000109932487248, 0.000101257923234, 7.43198543205e-05, 9.17864163057e-05, 7.66563534853e-05, 8.81127634784e-05, 5.02045259054e-05, 3.94891321776e-05, 1.93859668798e-05, 2.58658365055e-05, 3.17694575642e-05, 4.37804519606e-05, 7.29598905309e-05, 6.61530066282e-05, 5.29849203303e-05, 6.04725137237e-05, 4.51189735031e-05, 4.20482465415e-05],
        "mean": [0.0110394014046, 0.005650870502, 0.00148157903459, 0.00063747970853, 0.000397622468881, 0.000424027384724, 0.000424636964453, 0.000422459997935, 0.00035449655843, 0.000119891672512, 7.48071324779e-05, 6.20987775619e-05, 3.26403060171e-05, 5.58548454137e-05, 3.4482582123e-05, 4.04001802963e-05, 3.839729834e-05, 4.31476255471e-05, 2.9015729524e-05, 1.29113859657e-05, 9.74452632363e-06, 8.13263068267e-06, 3.94141807192e-06, 3.75989475287e-06, 2.29297120313e-06, 3.27661859956e-06, 2.16457897295e-06, 1.52704046741e-06, 1.64640812272e-06, 1.59611215622e-06, 6.98397059296e-07, 6.47317619951e-07, 5.32678541276e-07, 5.69706742226e-07, 5.44158524463e-07, 4.8248443818e-07, 5.99568409143e-07, 6.32889850749e-07, 4.58972863271e-07, 4.59263873154e-07],
