{
"highlevel": {
    "danceability": {
        "all": {
            "danceable": 0.974220097065,
            "not_danceable": 0.0257799234241
        },
        "probability": 0.974220097065,
        "value": "danceable"
    },
    "gender": {
        "all": {
            "female": 0.855044841766,
            "male": 0.144955188036
        },
        "probability": 0.855044841766,
        "value": "female"
    },
    "genre_electronic": {
        "all": {
            "ambient": 0.197002381086,
            "dnb": 0.0263320934027,
            "house": 0.142247378826,
            "techno": 0.0179230012,
            "trance": 0.616495132446
        },
        "probability": 0.616495132446,
        "value": "trance"
    },
    "mood_acoustic": {
        "all": {
            "acoustic": 0.0100185507908,
            "not_acoustic": 0.989981472492
        },
        "probability": 0.989981472492,
        "value": "not_acoustic"
    },
    "mood_aggressive": {
        "all": {
            "aggressive": 0.0390320457518,
            "not_aggressive": 0.960967957973
        },
        "probability": 0.960967957973,
        "value": "not_aggressive"
    },
    "mood_electronic": {
        "all": {
            "electronic": 0.597434222698,
            "not_electronic": 0.402565777302
        },
        "probability": 0.597434222698,
        "value": "electronic"
    },
    "mood_happy": {
        "all": {
            "happy": 0.70163244009,
            "not_happy": 0.29836755991
        },
        "probability": 0.70163244009,
        "value": "happy"
    },
    "mood_party": {
        "all": {
            "not_party": 0.123103372753,
            "party": 0.876896619797
        },
        "probability": 0.876896619797,
        "value": "party"
    },
    "mood_relaxed": {
        "all": {
            "not_relaxed": 0.624808967113,
            "relaxed": 0.375191032887
        },
        "probability": 0.624808967113,
        "value": "not_relaxed"
    },
    "mood_sad": {
        "all": {
            "not_sad": 0.922821521759,
            "sad": 0.0771785005927
        },
        "probability": 0.922821521759,
        "value": "not_sad"
    },
    "moods_mirex": {
        "all": {
            "Cluster1": 0.0450042933226,
            "Cluster2": 0.181347876787,
            "Cluster3": 0.274194449186,
            "Cluster4": 0.452802926302,
            "Cluster5": 0.0466504618526
        },
        "probability": 0.452802926302,
        "value": "Cluster4"
    },
    "timbre": {
        "all": {
            "bright": 0.0481837019324,
            "dark": 0.951816320419
        },
        "probability": 0.951816320419,
        "value": "dark"
    },
    "tonal_atonal": {
        "all": {
            "atonal": 0.892646551132,
            "tonal": 0.107353419065
        },
        "probability": 0.892646551132,
        "value": "atonal"
    },
    "voice_instrumental": {
        "all": {
            "instrumental": 0.28432148695,
            "voice": 0.71567851305
        },
        "probability": 0.71567851305,
        "value": "voice"
    }
},
"lowlevel": {
    "average_loudness": 0.507757544518,
    "barkbands_crest": {
        "dmean": 2.5213496685,
        "dmean2": 4.11830234528,
        "dvar": 6.80449962616,
        "dvar2": 17.5610942841,
        "max": 26.898973465,
        "mean": 11.8777666092,
        "median": 10.541633606,
        "min": 2.29968237877,
        "stdev": 5.334856987,
        "var": 28.4606990814
    },
    "barkbands_flatness_db": {
        "dmean": 0.0186206158251,
        "dmean2": 0.0289821978658,
        "dvar": 0.00041507818969,
        "dvar2": 0.000918424339034,
        "max": 0.671768426895,
        "mean": 0.139144569635,
        "median": 0.131656199694,
        "min": 0.0163156371564,
        "stdev": 0.0722206309438,
        "var": 0.00521581992507
    },
    "barkbands_kurtosis": {
        "dmean": 3.34843087196,
        "dmean2": 5.21414232254,
        "dvar": 2033.79785156,
        "dvar2": 3783.93237305,
        "max": 4490.8984375,
        "mean": 5.2311167717,
        "median": 1.6308567524,
        "min": -1.89690697193,
        "stdev": 50.1975860596,
        "var": 2519.79760742
    },
    "barkbands_skewness": {
        "dmean": 0.490013599396,
        "dmean2": 0.756856441498,
        "dvar": 0.58633685112,
        "dvar2": 1.10493087769,
        "max": 55.1537322998,
        "mean": 1.38443219662,
        "median": 1.1252361536,
        "min": -10.7925443649,
        "stdev": 1.48078799248,
        "var": 2.19273304939
    },
    "barkbands_spread": {
        "dmean": 4.90148019791,
        "dmean2": 7.76174783707,
        "dvar": 40.6835212708,
        "dvar2": 91.7740859985,
        "max": 102.467247009,
        "mean": 21.392457962,
        "median": 18.7630672455,
        "min": 0.0361011326313,
        "stdev": 13.4714508057,
        "var": 181.479995728
    },
    "dissonance": {
        "dmean": 0.0240840315819,
        "dmean2": 0.0413406044245,
        "dvar": 0.000728841172531,
        "dvar2": 0.00201679579914,
        "max": 0.500000178814,
        "mean": 0.459398567677,
        "median": 0.471075296402,
        "min": 0.0882186293602,
        "stdev": 0.0409992970526,
        "var": 0.00168094225228
    },
    "dynamic_complexity": 6.12952327728,
    "erbbands_crest": {
        "dmean": 3.09894990921,
        "dmean2": 5.09438800812,
        "dvar": 9.00963592529,
        "dvar2": 23.9275474548,
        "max": 34.3703460693,
        "mean": 10.1213512421,
        "median": 9.05540657043,
        "min": 2.30577683449,
        "stdev": 5.02000379562,
        "var": 25.2004394531
    },
    "erbbands_flatness_db": {
        "dmean": 0.0166610814631,
        "dmean2": 0.0259030368179,
        "dvar": 0.000319312151987,
        "dvar2": 0.00074275105726,
        "max": 0.670806586742,
        "mean": 0.162387609482,
        "median": 0.133781522512,
        "min": 0.0467353500426,
        "stdev": 0.0809703990817,
        "var": 0.00655620545149
    },
    "erbbands_kurtosis": {
        "dmean": 1.11482334137,
        "dmean2": 1.77815747261,
        "dvar": 3.88883209229,
        "dvar2": 8.50350475311,
        "max": 92.5035018921,
        "mean": 1.12680840492,
        "median": 0.143575906754,
        "min": -1.76664340496,
        "stdev": 3.4700319767,
        "var": 12.0411224365
    },
    "erbbands_skewness": {
        "dmean": 0.385006785393,
        "dmean2": 0.61054033041,
        "dvar": 0.157378986478,
        "dvar2": 0.385246306658,
        "max": 7.05724954605,
        "mean": 0.573420345783,
        "median": 0.502167761326,
        "min": -3.48199534416,
        "stdev": 0.744056820869,
        "var": 0.553620517254
    },
    "erbbands_spread": {
        "dmean": 6.35551691055,
        "dmean2": 9.96894741058,
        "dvar": 46.230922699,
        "dvar2": 108.131507874,
        "max": 118.537155151,
        "mean": 33.137928009,
        "median": 34.1214332581,
        "min": 0.346174389124,
        "stdev": 16.9049816132,
        "var": 285.778381348
    },
    "hfc": {
        "dmean": 7.4056186676,
        "dmean2": 12.5349626541,
        "dvar": 239.711456299,
        "dvar2": 703.90020752,
        "max": 216.248626709,
        "mean": 28.7911872864,
        "median": 23.596075058,
        "min": 1.09778930888e-16,
        "stdev": 26.5715236664,
        "var": 706.045898438
    },
    "loudness_ebu128": {
        "integrated": -6.58906459808,
        "loudness_range": 16.7479152679,
        "momentary": {
            "dmean": 0.499386906624,
            "dmean2": 0.591154515743,
            "dvar": 29.1734714508,
            "dvar2": 49.7426757812,
            "max": -3.24225878716,
            "mean": -12.5029354095,
            "median": -8.49616241455,
            "min": -300.691009521,
            "stdev": 22.4106369019,
            "var": 502.236663818
        },
        "short_term": {
            "dmean": 0.0960927605629,
            "dmean2": 0.0627830997109,
            "dvar": 0.0518836937845,
            "dvar2": 0.0111890975386,
            "max": -3.60104894638,
            "mean": -10.8341941833,
            "median": -8.52385902405,
            "min": -59.6470718384,
            "stdev": 8.50570392609,
            "var": 72.3470001221
        }
    },
    "melbands_crest": {
        "dmean": 3.1103041172,
        "dmean2": 4.98074150085,
        "dvar": 10.9983406067,
        "dvar2": 26.5510520935,
        "max": 39.3474388123,
        "mean": 16.2634353638,
        "median": 14.5771827698,
        "min": 1.5604146719,
        "stdev": 7.29830503464,
        "var": 53.2652549744
    },
    "melbands_flatness_db": {
        "dmean": 0.0223430506885,
        "dmean2": 0.0344633758068,
        "dvar": 0.000689907057676,
        "dvar2": 0.0015485282056,
        "max": 0.734806418419,
        "mean": 0.209176123142,
        "median": 0.20750027895,
        "min": 0.00384735199623,
        "stdev": 0.0842975825071,
        "var": 0.00710608204827
    },
    "melbands_kurtosis": {
        "dmean": 6.02672195435,
        "dmean2": 9.44535064697,
        "dvar": 425.136138916,
        "dvar2": 911.813537598,
        "max": 1750.75427246,
        "mean": 12.2768201828,
        "median": 5.06683063507,
        "min": -1.83335101604,
        "stdev": 25.401889801,
        "var": 645.25604248
    },
    "melbands_skewness": {
        "dmean": 0.670435249805,
        "dmean2": 1.03973543644,
        "dvar": 0.6712936759,
        "dvar2": 1.43126761913,
        "max": 33.741985321,
        "mean": 2.29224872589,
        "median": 1.84672284126,
        "min": -4.53702831268,
        "stdev": 1.84907317162,
        "var": 3.41907143593
    },
    "melbands_spread": {
        "dmean": 6.0567817688,
        "dmean2": 9.45039749146,
        "dvar": 73.665977478,
        "dvar2": 156.350265503,
        "max": 229.640228271,
        "mean": 23.1253166199,
        "median": 18.6193599701,
        "min": 0.149178192019,
        "stdev": 18.9584732056,
        "var": 359.423706055
    },
    "pitch_salience": {
        "dmean": 0.0660112723708,
        "dmean2": 0.10746987164,
        "dvar": 0.0045736823231,
        "dvar2": 0.0114742927253,
        "max": 0.931016266346,
        "mean": 0.515920221806,
        "median": 0.530680954456,
        "min": 0.0393736027181,
        "stdev": 0.133345961571,
        "var": 0.0177811458707
    },
    "silence_rate_20dB": {
        "dmean": 0,
        "dmean2": 0,
        "dvar": 0,
        "dvar2": 0,
        "max": 1,
        "mean": 1,
        "median": 1,
        "min": 1,
        "stdev": 0,
        "var": 0
    },
    "silence_rate_30dB": {
        "dmean": 0.0415402576327,
        "dmean2": 0.0830869749188,
        "dvar": 0.0398184731603,
        "dvar2": 0.0852167755365,
        "max": 1,
        "mean": 0.815494716167,
        "median": 1,
        "min": 0,
        "stdev": 0.387905716896,
        "var": 0.150470837951
    },
    "silence_rate_60dB": {
        "dmean": 0.0129132634029,
        "dmean2": 0.0258285365999,
        "dvar": 0.0127475559711,
        "dvar2": 0.0288995224983,
        "max": 1,
        "mean": 0.205662727356,
        "median": 0,
        "min": 0,
        "stdev": 0.404185593128,
        "var": 0.163366004825
    },
    "spectral_centroid": {
        "dmean": 214.019287109,
        "dmean2": 335.868560791,
        "dvar": 78725.234375,
        "dvar2": 170494.46875,
        "max": 11719.7392578,
        "mean": 1410.28295898,
        "median": 1315.39160156,
        "min": 147.076416016,
        "stdev": 980.520935059,
        "var": 961421.3125
    },
    "spectral_complexity": {
        "dmean": 3.43399453163,
        "dmean2": 5.68678998947,
        "dvar": 17.0515422821,
        "dvar2": 43.5122337341,
        "max": 62,
        "mean": 21.3242835999,
        "median": 21,
        "min": 0,
        "stdev": 13.781001091,
        "var": 189.915985107
    },
    "spectral_decrease": {
        "dmean": 2.55104981584e-09,
        "dmean2": 3.62622576411e-09,
        "dvar": 1.98975285412e-17,
        "dvar2": 3.4569446133e-17,
        "max": 1.91259865731e-28,
        "mean": -1.27982024978e-08,
        "median": -6.15819839567e-09,
        "min": -5.85045327739e-08,
        "stdev": 1.52899346517e-08,
        "var": 2.33782125764e-16
    },
    "spectral_energy": {
        "dmean": 0.00991630926728,
        "dmean2": 0.014116181992,
        "dvar": 0.000288343260763,
        "dvar2": 0.000513116538059,
        "max": 0.224929451942,
        "mean": 0.0509148091078,
        "median": 0.025741096586,
        "min": 1.0076906477e-20,
        "stdev": 0.0591958649457,
        "var": 0.00350415054709
    },
    "spectral_energyband_high": {
        "dmean": 0.000488142046379,
        "dmean2": 0.000833556754515,
        "dvar": 1.33430421556e-06,
        "dvar2": 3.75265494768e-06,
        "max": 0.0200478583574,
        "mean": 0.00155019969679,
        "median": 0.000771025253925,
        "min": 7.11440273398e-21,
        "stdev": 0.001815891359,
        "var": 3.29746126226e-06
    },
    "spectral_energyband_low": {
        "dmean": 0.00805532280356,
        "dmean2": 0.0117361759767,
        "dvar": 0.000356667267624,
        "dvar2": 0.000652171613183,
        "max": 0.204714372754,
        "mean": 0.0316278338432,
        "median": 0.00327723007649,
        "min": 1.26230177283e-23,
        "stdev": 0.0510575287044,
        "var": 0.0026068710722
    },
    "spectral_energyband_middle_high": {
        "dmean": 0.00293262838386,
        "dmean2": 0.00489423470572,
        "dvar": 2.57162719208e-05,
        "dvar2": 7.3821087426e-05,
        "max": 0.0652043744922,
        "mean": 0.00768007477745,
        "median": 0.00568218529224,
        "min": 1.15432468831e-21,
        "stdev": 0.00802811887115,
        "var": 6.4450687205e-05
    },
    "spectral_energyband_middle_low": {
        "dmean": 0.00445307279006,
        "dmean2": 0.00733366748318,
        "dvar": 7.89335099398e-05,
        "dvar2": 0.000227595548495,
        "max": 0.137899070978,
        "mean": 0.0113650411367,
        "median": 0.00958799384534,
        "min": 1.61481341912e-22,
        "stdev": 0.011091501452,
        "var": 0.000123021396575
    },
    "spectral_entropy": {
        "dmean": 0.1242884323,
        "dmean2": 0.191296309233,
        "dvar": 0.0209138803184,
        "dvar2": 0.0440386980772,
        "max": 9.8201007843,
        "mean": 7.59861707687,
        "median": 7.87044239044,
        "min": 3.4217634201,
        "stdev": 0.710306048393,
        "var": 0.50453466177
    },
    "spectral_flux": {
        "dmean": 0.0236819349229,
        "dmean2": 0.0385602079332,
        "dvar": 0.00147234660108,
        "dvar2": 0.00352463568561,
        "max": 0.445565551519,
        "mean": 0.0858832597733,
        "median": 0.0791131258011,
        "min": 6.42280534313e-11,
        "stdev": 0.0670240968466,
        "var": 0.00449222978204
    },
    "spectral_kurtosis": {
        "dmean": 2.81406807899,
        "dmean2": 4.89597415924,
        "dvar": 73.885055542,
        "dvar2": 222.853027344,
        "max": 424.724609375,
        "mean": 8.38517284393,
        "median": 3.15670084953,
        "min": -1.26583230495,
        "stdev": 16.8683319092,
        "var": 284.540618896
    },
    "spectral_rms": {
        "dmean": 0.000685880484525,
        "dmean2": 0.0010065860115,
        "dvar": 9.65360641203e-07,
        "dvar2": 1.91670847016e-06,
        "max": 0.0148136205971,
        "mean": 0.00575323589146,
        "median": 0.00501131266356,
        "min": 3.13546302637e-12,
        "stdev": 0.00407103588805,
        "var": 1.65733326867e-05
    },
    "spectral_rolloff": {
        "dmean": 408.972412109,
        "dmean2": 684.647277832,
        "dvar": 707405.0625,
        "dvar2": 1471215.5,
        "max": 19530.6152344,
        "mean": 1435.7800293,
        "median": 968.994140625,
        "min": 21.533203125,
        "stdev": 1978.81762695,
        "var": 3915719.25
    },
    "spectral_skewness": {
        "dmean": 0.243729144335,
        "dmean2": 0.410048514605,
        "dvar": 0.166311383247,
        "dvar2": 0.485190570354,
        "max": 16.9120025635,
        "mean": 1.89954793453,
        "median": 1.4808344841,
        "min": -0.0669234320521,
        "stdev": 1.16870844364,
        "var": 1.36587941647
    },
    "spectral_spread": {
        "dmean": 399874,
        "dmean2": 607896.5,
        "dvar": 722064637952,
        "dvar2": 1.22021399757e+12,
        "max": 51718848,
        "mean": 5084930,
        "median": 5415130,
        "min": 240060.5625,
        "stdev": 3541526.5,
        "var": 1.2542410752e+13
    },
    "spectral_strongpeak": {
        "dmean": 0.435589104891,
        "dmean2": 0.740543723106,
        "dvar": 0.558981537819,
        "dvar2": 1.42655789852,
        "max": 12.51055336,
        "mean": 0.893683135509,
        "median": 0.598406910896,
        "min": 0,
        "stdev": 0.997232556343,
        "var": 0.994472742081
    },
    "zerocrossingrate": {
        "dmean": 0.0096340496093,
        "dmean2": 0.0118856253102,
        "dvar": 0.000193597486941,
        "dvar2": 0.000235051556956,
        "max": 0.533203125,
        "mean": 0.0595833025873,
        "median": 0.0498046875,
        "min": 0,
        "stdev": 0.0539283044636,
        "var": 0.00290826219134
    },
    "barkbands": {
        "dmean": [0.000711597211193, 0.0073322202079, 0.00141336198431, 0.000627106346656, 0.000870383402798, 0.000644049956463, 0.00121871731244, 0.000960782170296, 0.00224698614329, 0.00180017645471, 0.000784207077231, 0.00046689301962, 0.000412358203903, 0.00059147097636, 0.000223328985157, 0.000169565741089, 0.000182512449101, 0.000176781730261, 0.000139605923323, 0.00014735556033, 0.000128897212562, 0.000121963632409, 0.000114860798931, 0.000106518913526, 7.08870647941e-05, 3.23552703776e-05, 7.62847548685e-06],
        "dmean2": [0.00115079630632, 0.0105323623866, 0.0023186316248, 0.000943028193433, 0.00130074296612, 0.000996692571789, 0.00195881188847, 0.00156287348364, 0.00391625240445, 0.00291559682228, 0.00136855558958, 0.000781439943239, 0.000691819295753, 0.00101054925472, 0.000371520756744, 0.000283344765194, 0.00030607834924, 0.000309120456222, 0.000238553679083, 0.000250141572906, 0.000222114860662, 0.000213025763514, 0.000198252862901, 0.000179429844138, 0.00011846714915, 5.44296271983e-05, 1.25078704514e-05],
        "dvar": [4.54912878922e-06, 0.000292570970487, 1.74703072844e-05, 1.54824988385e-06, 3.21099537359e-06, 2.22943504014e-06, 7.38601465855e-06, 4.01432998842e-06, 7.72861676523e-05, 1.00534225567e-05, 7.40212135497e-06, 8.47477906518e-07, 8.53638823628e-07, 1.45185458678e-06, 2.70913147915e-07, 1.06923884857e-07, 8.81241248862e-08, 1.27980442244e-07, 5.53445644869e-08, 6.7569459361e-08, 5.44204503683e-08, 7.07598388772e-08, 7.67592212014e-08, 6.87871093419e-08, 2.10698143377e-08, 5.63548097077e-09, 2.80965500865e-10],
        "dvar2": [9.32827606448e-06, 0.000504654308315, 4.73396357847e-05, 3.15642137139e-06, 7.00634154782e-06, 5.33986712981e-06, 1.83590927918e-05, 9.92051354842e-06, 0.000222039438086, 2.61130553554e-05, 2.14794144995e-05, 2.29173815569e-06, 2.26173187912e-06, 4.15054773839e-06, 6.97669008787e-07, 2.8084568271e-07, 2.274382922e-07, 3.66727959999e-07, 1.5701991174e-07, 1.85866809943e-07, 1.55023187176e-07, 2.06261745461e-07, 2.12900189922e-07, 1.69921918314e-07, 5.5191296866e-08, 1.52722723357e-08, 7.47410688895e-10],
        "max": [0.0689259618521, 0.18244202435, 0.0495469421148, 0.0218605138361, 0.0433047600091, 0.0332751199603, 0.0459289513528, 0.0348230674863, 0.135705396533, 0.053489793092, 0.0371689200401, 0.0193572398275, 0.0204059239477, 0.0202577020973, 0.0124494619668, 0.008988824673, 0.012257467024, 0.0075683821924, 0.00506569445133, 0.00470484094694, 0.0038696017582, 0.0055769411847, 0.00385924289003, 0.00548173254356, 0.00206724880263, 0.000944446655922, 0.000358929944923],
        "mean": [0.00189825880807, 0.0270884353667, 0.00186093489174, 0.00147087289952, 0.00189026421867, 0.00119107204955, 0.00180637603626, 0.00138181285001, 0.00261822273023, 0.00298483809456, 0.000965808518231, 0.000771853374317, 0.000671213085297, 0.000980869517662, 0.000384237617254, 0.000305050140014, 0.000358839140972, 0.00028488584212, 0.000305943452986, 0.000322796462569, 0.000309765397105, 0.000281613785774, 0.00025905482471, 0.000243283793679, 0.00018621358322, 7.57637317292e-05, 1.6500151105e-05],
        "median": [8.32669902593e-05, 0.00143785635009, 0.000426302518463, 0.000264225673163, 0.000678292883094, 0.000492115854286, 0.000602051557507, 0.000486430653837, 0.000655978219584, 0.000981540884823, 0.000322721025441, 0.000326294277329, 0.000249590084422, 0.000325831293594, 0.000152687876835, 0.000154441397171, 0.000208471668884, 0.00014730777184, 0.00017201618175, 0.000170179293491, 0.000142435907037, 0.000119531570817, 8.91334639164e-05, 9.87696985248e-05, 0.000100488265161, 3.80892743124e-05, 5.98495398663e-06],
        "min": [4.38340570659e-25, 3.42723657388e-24, 1.88811491082e-24, 7.93716294789e-25, 6.54055462799e-24, 1.13832802173e-23, 7.92495660728e-24, 7.05368498101e-24, 4.9998355216e-24, 1.63813104307e-23, 7.79374300633e-24, 2.52232247547e-23, 2.55171243513e-23, 4.14996308845e-23, 3.52553140368e-23, 6.56579659924e-23, 7.44260034926e-23, 9.36931548635e-23, 1.29465592467e-22, 1.36563687162e-22, 1.80277978773e-22, 3.43805348194e-22, 3.69891021955e-22, 5.9845199605e-22, 8.50146486584e-22, 1.22965083259e-21, 1.9552259586e-21],
        "stdev": [0.00486609805375, 0.0464013032615, 0.00408185785636, 0.00286585278809, 0.00299438927323, 0.00225557177328, 0.00348586542532, 0.00258657336235, 0.00742277130485, 0.00469928514212, 0.00253320997581, 0.00134907651227, 0.00138732558116, 0.00167594465893, 0.00078415335156, 0.000462484284071, 0.00047609503963, 0.000404882594012, 0.000376556738047, 0.000394658418372, 0.000381888006814, 0.000368097011233, 0.000364041334251, 0.000376838579541, 0.000229254335864, 0.00010020416812, 2.33135542658e-05],
        "var": [2.36789092014e-05, 0.00215308088809, 1.66615645867e-05, 8.21311277832e-06, 8.96636720427e-06, 5.08760376761e-06, 1.21512575788e-05, 6.69036126055e-06, 5.50975310034e-05, 2.20832789637e-05, 6.41715269012e-06, 1.82000746918e-06, 1.92467223314e-06, 2.80879044112e-06, 6.14896464413e-07, 2.13891723888e-07, 2.26666486469e-07, 1.63929925634e-07, 1.41794984643e-07, 1.55755259357e-07, 1.45838455978e-07, 1.35495412223e-07, 1.32526096763e-07, 1.42007309023e-07, 5.25575529764e-08, 1.00408747983e-08, 5.43521838647e-10]
    },
    "erbbands": {
        "dmean": [0.281865894794, 1.42626047134, 1.75847554207, 1.8485904932, 2.34292721748, 3.19591903687, 3.57888197899, 6.11948490143, 16.9646968842, 18.4626426697, 21.9252204895, 55.5695838928, 57.2988433838, 34.3328399658, 24.6152744293, 18.34491539, 18.8957195282, 23.3375492096, 19.7108078003, 9.86848831177, 7.92197704315, 10.2053670883, 8.80825042725, 8.54565525055, 6.47353887558, 6.6933465004, 5.53497648239, 5.02877044678, 4.46549844742, 4.11648654938, 3.10087752342, 2.52461576462, 1.63867461681, 0.937943577766, 0.4950735569, 0.207153514028, 0.0453613139689, 0.00880757346749, 0.00129580998328, 8.05311719887e-05],
        "dmean2": [0.400747656822, 2.06908631325, 2.86454081535, 2.7788336277, 3.46624445915, 4.90023422241, 5.57949018478, 9.59204483032, 27.1893424988, 29.6977310181, 36.2895011902, 97.5813827515, 94.5381088257, 56.5420455933, 42.5329704285, 30.5383758545, 31.3064918518, 39.5351295471, 33.4469070435, 16.4118728638, 13.1683502197, 17.219575882, 15.2442760468, 14.8337802887, 11.0097694397, 11.3890171051, 9.59165859222, 8.69096469879, 7.85254526138, 7.15725851059, 5.33507919312, 4.22141122818, 2.81237125397, 1.57238221169, 0.822760045528, 0.349248945713, 0.075145713985, 0.0146071184427, 0.00212495471351, 0.000127724735648],
        "dvar": [0.560983300209, 10.7272377014, 26.8731880188, 12.0744056702, 18.9160022736, 55.5155143738, 69.3007202148, 258.304168701, 1447.55908203, 2133.09521484, 1854.33435059, 57053.2773438, 10054.0185547, 6163.48144531, 4974.34033203, 1390.84521484, 1741.97827148, 2359.04370117, 1698.22485352, 429.67276001, 225.715713501, 270.779022217, 337.443756104, 238.748703003, 131.761322021, 139.607666016, 122.569648743, 77.6349029541, 96.8877639771, 94.8133087158, 53.3900871277, 44.6494598389, 14.1833286285, 3.41971230507, 1.04461085796, 0.236032918096, 0.0099831065163, 0.000408124789828, 8.14789927972e-06, 2.45253826137e-08],
        "dvar2": [0.880336344242, 19.9060020447, 72.2114028931, 27.7880592346, 39.9463233948, 129.108459473, 171.668182373, 632.133117676, 3679.97729492, 5301.79199219, 4700.29443359, 164683.015625, 27315.1660156, 17068.4296875, 14279.8789062, 3730.76953125, 4524.97851562, 6662.32666016, 4694.54101562, 1146.45373535, 568.907287598, 726.563232422, 950.430969238, 685.691833496, 362.925689697, 387.453094482, 351.88482666, 220.516525269, 281.400604248, 274.010162354, 143.977127075, 100.830444336, 37.9713363647, 9.09805297852, 2.72479867935, 0.640766620636, 0.0264343582094, 0.00109302613419, 2.1715010007e-05, 6.32713366144e-08],
        "max": [9.66686058044, 44.9742088318, 66.6986160278, 51.9700813293, 111.0779953, 135.77015686, 200.97769165, 412.196716309, 858.103210449, 861.597717285, 742.501220703, 3836.54492188, 1621.16345215, 1201.25939941, 1105.00402832, 899.362365723, 1075.36157227, 1088.93994141, 983.655212402, 545.18359375, 552.795532227, 502.221191406, 426.318054199, 237.024856567, 272.154754639, 270.02053833, 157.752380371, 168.76789856, 271.364654541, 142.173904419, 156.00227356, 161.335723877, 72.4256668091, 25.0352077484, 15.4068870544, 6.11488866806, 1.64677786827, 0.480256080627, 0.0579989999533, 0.0032478061039],
        "mean": [1.09121024609, 4.78337097168, 3.11684322357, 4.18692398071, 5.59460258484, 5.90889167786, 6.4583902359, 11.428814888, 25.4279670715, 26.6374874115, 34.6302108765, 63.6896400452, 92.9596099854, 55.8673171997, 34.345085144, 32.2325401306, 33.4075927734, 41.902633667, 35.2257614136, 19.2329883575, 16.6466217041, 20.5787334442, 15.2880096436, 17.5010643005, 14.2621603012, 14.9580507278, 12.4623222351, 12.3239545822, 10.0681114197, 9.14043617249, 6.97439289093, 5.60374307632, 3.71856474876, 2.32511687279, 1.21232938766, 0.46300214529, 0.108483150601, 0.0197217743844, 0.00282422453165, 0.000236552106799],
        "median": [0.0496314615011, 0.308546602726, 0.61003947258, 1.03207433224, 1.74742388725, 2.02170753479, 2.53706264496, 4.94724225998, 9.0436964035, 9.47537612915, 13.1578388214, 16.2959098816, 35.1456451416, 20.3015518188, 16.7960186005, 14.436756134, 14.5102615356, 16.5841999054, 15.0260248184, 9.85678100586, 9.94669914246, 13.0629835129, 8.84428882599, 9.50678062439, 8.60973548889, 7.85485839844, 5.94145870209, 5.55879592896, 4.23065137863, 3.30064964294, 2.45801496506, 1.9803879261, 1.64138424397, 1.14634752274, 0.656529724598, 0.231127977371, 0.0538872554898, 0.010449340567, 0.00108856719453, 0.000122198878671],
        "min": [7.68246265828e-23, 5.93561209898e-22, 3.06090713585e-21, 4.33142949564e-21, 7.30946064659e-21, 2.41171083029e-20, 5.11470458913e-20, 8.5915896267e-20, 1.10743509095e-19, 1.71618677204e-19, 2.8464817747e-19, 1.71473959371e-19, 5.69956186575e-19, 8.45335210746e-19, 5.69392928277e-19, 1.51607999454e-18, 1.56914042551e-18, 2.35579590889e-18, 2.68724097649e-18, 2.64779025153e-18, 3.97835617535e-18, 4.0285118582e-18, 4.9813709843e-18, 7.1650401203e-18, 6.53951828287e-18, 8.37480913695e-18, 9.86387982333e-18, 7.69199883824e-18, 1.15570225843e-17, 1.07028485868e-17, 1.05150455005e-17, 1.14332656113e-17, 1.01368783768e-17, 8.2054662404e-18, 6.33766429312e-18, 3.47813110761e-18, 2.4301191209e-18, 9.84855092581e-19, 2.36929110209e-19, 2.70003836529e-20],
        "stdev": [2.10570836067, 8.47996234894, 5.68436145782, 7.04885101318, 9.06046295166, 10.0159683228, 12.6237745285, 22.5717773438, 47.7514686584, 54.5794677734, 60.4717903137, 197.58581543, 141.834716797, 100.581588745, 67.6311264038, 56.654296875, 63.9897193909, 69.6402664185, 58.2185897827, 30.6600418091, 22.6865978241, 25.0597743988, 21.8806533813, 22.0042266846, 17.3260364532, 18.3980998993, 15.8169441223, 15.3113851547, 13.2813434601, 12.5205020905, 9.84689617157, 9.59516143799, 5.28125667572, 2.92775416374, 1.54124653339, 0.632279932499, 0.140604138374, 0.0269200187176, 0.00394907360896, 0.000276520411717],
        "var": [4.43400812149, 71.9097671509, 32.3119659424, 49.6863021851, 82.0919876099, 100.319618225, 159.359680176, 509.485137939, 2280.20263672, 2978.91845703, 3656.83764648, 39040.15625, 20117.0859375, 10116.65625, 4573.96923828, 3209.70947266, 4094.68408203, 4849.76660156, 3389.40405273, 940.038208008, 514.681762695, 627.99230957, 478.763031006, 484.185974121, 300.19152832, 338.490081787, 250.175735474, 234.43850708, 176.394073486, 156.762969971, 96.9613723755, 92.0671157837, 27.8916721344, 8.57174396515, 2.37544083595, 0.399777948856, 0.0197695232928, 0.000724687415641, 1.55951820489e-05, 7.64635430528e-08]
    },
    "gfcc": {
        "mean": [-24.489616394, 86.3910751343, -113.562477112, 14.3629302979, -55.8777580261, 17.7182540894, -23.8901138306, 14.8315267563, -16.7851467133, 4.10720920563, -11.956536293, -0.927193284035, -6.13382720947],
        "cov": [[35436.9492188, -5550.98828125, 933.28314209, 2284.94628906, -324.705749512, 1587.828125, -152.396835327, 1309.73706055, -288.880645752, 1130.23681641, -658.190734863, 431.241027832, -511.795410156], [-5550.98828125, 3076.1328125, -476.688201904, -448.529510498, 157.738739014, -437.720428467, 117.342262268, -356.477752686, 114.36894989, -336.209564209, 264.047515869, -116.658538818, 172.330413818], [933.28314209, -476.688201904, 899.193847656, 379.119720459, 143.931564331, 195.548675537, -12.3572368622, 108.330993652, -29.1924686432, 78.483039856, -28.3886184692, 66.2107772827, -17.463848114], [2284.94628906, -448.529510498, 379.119720459, 673.40020752, 142.204879761, 275.127746582, 38.1466674805, 71.7330627441, 40.927444458, 63.078956604, -55.8811950684, 43.6853218079, -71.571472168], [-324.705749512, 157.738739014, 143.931564331, 142.204879761, 242.304382324, 90.0195236206, 100.022697449, -0.88621711731, 40.0384101868, -4.06414794922, 8.99903869629, -0.749957561493, 19.257768631], [1587.828125, -437.720428467, 195.548675537, 275.127746582, 90.0195236206, 329.343200684, 106.706512451, 95.39012146, 41.4061126709, 59.2849121094, -55.2115440369, 8.23598766327, -59.1417579651], [-152.396835327, 117.342262268, -12.3572368622, 38.1466674805, 100.022697449, 106.706512451, 235.824295044, 55.5801277161, 104.375946045, -8.07610988617, 11.6036176682, -4.49277830124, -11.8724145889], [1309.73706055, -356.477752686, 108.330993652, 71.7330627441, -0.88621711731, 95.39012146, 55.5801277161, 208.581375122, 32.4554443359, 91.7192306519, -24.703420639, 29.7543029785, -5.20553159714], [-288.880645752, 114.36894989, -29.1924686432, 40.927444458, 40.0384101868, 41.4061126709, 104.375946045, 32.4554443359, 168.287979126, 18.3739738464, 34.4551696777, -7.25921630859, -19.6386413574], [1130.23681641, -336.209564209, 78.483039856, 63.078956604, -4.06414794922, 59.2849121094, -8.07610988617, 91.7192306519, 18.3739738464, 169.241363525, 19.0774765015, 32.7691421509, -4.82926654816], [-658.190734863, 264.047515869, -28.3886184692, -55.8811950684, 8.99903869629, -55.2115440369, 11.6036176682, -24.703420639, 34.4551696777, 19.0774765015, 111.007781982, 24.6081218719, 25.1846504211], [431.241027832, -116.658538818, 66.2107772827, 43.6853218079, -0.749957561493, 8.23598766327, -4.49277830124, 29.7543029785, -7.25921630859, 32.7691421509, 24.6081218719, 78.825592041, 25.8030014038], [-511.795410156, 172.330413818, -17.463848114, -71.571472168, 19.257768631, -59.1417579651, -11.8724145889, -5.20553159714, -19.6386413574, -4.82926654816, 25.1846504211, 25.8030014038, 108.273971558]],
        "icov": [[7.72630737629e-05, -3.61608799722e-05, 0.000105312807136, -0.000188069330761, 0.000136855465826, -0.000167426027474, 6.11187933828e-05, -0.000262960762484, 0.000223030161578, -0.000346477143466, 0.000334525248036, -0.000352365837898, 0.000224861287279], [-3.61608799722e-05, 0.000969482061919, 5.74644254812e-05, -1.35405543915e-05, -0.00054260075558, 0.000741231429856, -0.000423481222242, 0.000486343546072, -0.000361489073839, 0.00151809118688, -0.0022177642677, 0.00169666309375, -0.00112165568862], [0.000105312807136, 5.74644254812e-05, 0.00191221910063, -0.000839326938149, -0.000842098379508, -0.000521942332853, 0.000783233845141, -0.00109524978325, 0.000765547854826, -0.000223044786253, -1.98201250896e-05, -0.00110715802293, 0.000455222878372], [-0.000188069330761, -1.35405543915e-05, -0.000839326938149, 0.00362802692689, -0.0016126941191, -0.00146549916826, 0.00110684812535, 0.000922649924178, -0.0015731852036, 0.000703837315086, 0.000459002796561, -0.00135552848224, 0.00100979930721], [0.000136855465826, -0.00054260075558, -0.000842098379508, -0.0016126941191, 0.00775391655043, -0.00110195821617, -0.00293922587298, 0.000993345631287, 0.000680142256897, -0.00150690751616, 0.000797169457655, 0.000884632405359, -0.00228700437583], [-0.000167426027474, 0.000741231429856, -0.000521942332853, -0.00146549916826, -0.00110195821617, 0.00775217590854, -0.00326022412628, 0.000168871250935, -6.7539876909e-05, 1.65567853401e-05, 0.000158232011017, 0.00195321207866, 0.000543187547009], [6.11187933828e-05, -0.000423481222242, 0.000783233845141, 0.00110684812535, -0.00293922587298, -0.00326022412628, 0.00948467664421, -0.00287617812864, -0.00370927155018, 0.00184842501767, 6.07169313298e-05, -0.00184817705303, 0.00130057509523], [-0.000262960762484, 0.000486343546072, -0.00109524978325, 0.000922649924178, 0.000993345631287, 0.000168871250935, -0.00287617812864, 0.00980462133884, -0.00188422389328, -0.00261050416157, 0.00153632264119, -0.000121455144836, -0.00229884614237], [0.000223030161578, -0.000361489073839, 0.000765547854826, -0.0015731852036, 0.000680142256897, -6.7539876909e-05, -0.00370927155018, -0.00188422389328, 0.0105552459136, -0.00208608270623, -0.00211946899071, 0.000771567516495, 0.00218854565173], [-0.000346477143466, 0.00151809118688, -0.000223044786253, 0.000703837315086, -0.00150690751616, 1.65567853401e-05, 0.00184842501767, -0.00261050416157, -0.00208608270623, 0.0131255844608, -0.00773181393743, 0.00237894942984, -0.00183189031668], [0.000334525248036, -0.0022177642677, -1.98201250896e-05, 0.000459002796561, 0.000797169457655, 0.000158232011017, 6.07169313298e-05, 0.00153632264119, -0.00211946899071, -0.00773181393743, 0.0205367263407, -0.0100921178237, 0.00233538052998], [-0.000352365837898, 0.00169666309375, -0.00110715802293, -0.00135552848224, 0.000884632405359, 0.00195321207866, -0.00184817705303, -0.000121455144836, 0.000771567516495, 0.00237894942984, -0.0100921178237, 0.0233041569591, -0.00769974617288], [0.000224861287279, -0.00112165568862, 0.000455222878372, 0.00100979930721, -0.00228700437583, 0.000543187547009, 0.00130057509523, -0.00229884614237, 0.00218854565173, -0.00183189031668, 0.00233538052998, -0.00769974617288, 0.0151674244553]]
    },
    "melbands": {
        "dmean": [0.00225573591888, 0.0010810851818, 0.000304717075778, 0.000198535126401, 0.000127578008687, 0.000144596313476, 0.000250299373874, 0.000205135685974, 0.000208529017982, 0.000354897289071, 0.00029237740091, 0.000157514063176, 9.2105474323e-05, 4.5891458285e-05, 5.84535955568e-05, 4.07283805544e-05, 5.00873102283e-05, 4.01819233957e-05, 1.74034867086e-05, 1.38678369694e-05, 9.45503870753e-06, 1.2604757103e-05, 7.08589959686e-06, 9.18778368941e-06, 7.42426664146e-06, 5.0445701163e-06, 5.38397262062e-06, 4.89003150506e-06, 3.88272019336e-06, 3.50292839357e-06, 3.0726280329e-06, 2.91357787319e-06, 2.41217617258e-06, 2.47508728535e-06, 1.84056489161e-06, 1.9538269953e-06, 1.58869056577e-06, 1.23407505725e-06, 1.08995254777e-06, 8.0198356045e-07],
        "dmean2": [0.00322144920938, 0.00162168010138, 0.000460337061668, 0.000294731813483, 0.000199529822567, 0.000226869451581, 0.00040035523125, 0.000328665628331, 0.000347448280081, 0.000623428612016, 0.00047982938122, 0.000257960346062, 0.000160953597515, 7.72473576944e-05, 9.69467364484e-05, 6.78042197251e-05, 8.52144221426e-05, 6.86822386342e-05, 2.89971430902e-05, 2.32102320297e-05, 1.56890837388e-05, 2.11945789488e-05, 1.22128367366e-05, 1.59313749464e-05, 1.29073696371e-05, 8.56750011735e-06, 9.19644844544e-06, 8.35678929434e-06, 6.8013064265e-06, 5.94760649619e-06, 5.35921117262e-06, 5.14161320098e-06, 4.179282314e-06, 4.32243905379e-06, 3.18196316584e-06, 3.27425755131e-06, 2.65062521976e-06, 2.11196197597e-06, 1.89359047909e-06, 1.34188587708e-06],
        "dvar": [3.03024098685e-05, 6.55863732391e-06, 2.80551091691e-07, 1.81871527616e-07, 8.40602467633e-08, 1.20627873912e-07, 3.08929884341e-07, 2.48913607948e-07, 2.04765370881e-07, 2.26491169997e-06, 2.54610597494e-07, 1.07560168772e-07, 9.50460261606e-08, 8.48729619918e-09, 1.54844634892e-08, 1.18315055531e-08, 1.16003011641e-08, 7.93289345324e-09, 2.14789763753e-09, 7.86231246774e-10, 3.75300956978e-10, 4.26623930627e-10, 1.99818980806e-10, 3.52608026111e-10, 1.79875281336e-10, 7.61704033181e-11, 1.08149052214e-10, 8.03514546566e-11, 6.5366198565e-11, 3.41826671135e-11, 3.15880793744e-11, 4.13177582426e-11, 2.46812240784e-11, 3.62520152786e-11, 1.68479032808e-11, 2.50455402945e-11, 1.66422535475e-11, 7.5169627467e-12, 5.75657143481e-12, 2.32231985378e-12],
        "dvar2": [5.04333620484e-05, 1.54372955876e-05, 6.59387978885e-07, 4.02456493021e-07, 2.14224257888e-07, 2.98023167034e-07, 7.80144318924e-07, 6.15306532836e-07, 5.3556095736e-07, 6.53235429127e-06, 6.83013809066e-07, 2.91463237545e-07, 2.77211086086e-07, 2.28726371176e-08, 4.13711553904e-08, 3.10890584387e-08, 3.31029497147e-08, 2.23575895575e-08, 5.60754065404e-09, 2.11485962076e-09, 9.17807607692e-10, 1.13956832859e-09, 5.54209289572e-10, 9.9495200967e-10, 5.13862619123e-10, 2.13501744062e-10, 2.95948127116e-10, 2.22914964265e-10, 1.88174198446e-10, 9.61545357225e-11, 9.09492550716e-11, 1.2050418996e-10, 7.08497913116e-11, 1.04914646415e-10, 4.71184861961e-11, 5.78392056472e-11, 3.87774048982e-11, 1.94851964425e-11, 1.63118858698e-11, 6.06805317799e-12],
        "max": [0.0629265233874, 0.0297113303095, 0.00721281999722, 0.0112511487678, 0.00607459573075, 0.00803244486451, 0.0112824784592, 0.0083296187222, 0.0079946462065, 0.0245536155999, 0.00819509290159, 0.00452586822212, 0.00407925574109, 0.00179053144529, 0.00325483479537, 0.00262877275236, 0.00246956758201, 0.00215001543984, 0.00126956764143, 0.000895810837392, 0.000854018435348, 0.000579649989959, 0.000295289151836, 0.000465455435915, 0.000224405288463, 0.000240074892645, 0.00019444184727, 0.000203905059607, 0.000119466320029, 0.000108358879515, 0.000121845623653, 0.00020266995125, 0.000122053461382, 7.84016374382e-05, 0.000115796225145, 0.000116126633657, 9.90464832284e-05, 6.17440964561e-05, 4.35199908679e-05, 2.28978751693e-05],
        "mean": [0.00858407095075, 0.00308557786047, 0.000727976032067, 0.000431663444033, 0.000231305602938, 0.000269708136329, 0.000375023781089, 0.000289594347123, 0.000308685994241, 0.000399881770136, 0.000473929016152, 0.000249591394095, 0.000116718911158, 7.73610881879e-05, 9.20860038605e-05, 6.65123079671e-05, 8.34702441352e-05, 6.62693128106e-05, 2.94930741802e-05, 2.37381391344e-05, 1.82291787496e-05, 2.37854492298e-05, 1.27322355183e-05, 1.40699394251e-05, 1.44210498547e-05, 1.06462530312e-05, 1.02387402876e-05, 1.01114510471e-05, 7.42321935832e-06, 8.1577391029e-06, 6.56335487292e-06, 5.84454392083e-06, 5.13321583639e-06, 5.00247142554e-06, 3.89743945561e-06, 3.89902834286e-06, 3.2762554838e-06, 2.60947808783e-06, 2.33075320466e-06, 1.84745852039e-06],
