{
"highlevel": {
    "danceability": {
        "all": {
            "danceable": 0.998933315277,
            "not_danceable": 0.00106671138201
        },
        "probability": 0.998933315277,
        "value": "danceable"
    },
    "gender": {
        "all": {
            "female": 0.7785602808,
            "male": 0.221439704299
        },
        "probability": 0.7785602808,
        "value": "female"
    },
    "genre_electronic": {
        "all": {
            "ambient": 0.133566707373,
            "dnb": 0.0255429614335,
            "house": 0.0634922981262,
            "techno": 0.00909650418907,
            "trance": 0.768301546574
        },
        "probability": 0.768301546574,
        "value": "trance"
    },
    "mood_acoustic": {
        "all": {
            "acoustic": 0.00391986826435,
            "not_acoustic": 0.996080160141
        },
        "probability": 0.996080160141,
        "value": "not_acoustic"
    },
    "mood_aggressive": {
        "all": {
            "aggressive": 0.680446147919,
            "not_aggressive": 0.319553881884
        },
        "probability": 0.680446147919,
        "value": "aggressive"
    },
    "mood_electronic": {
        "all": {
            "electronic": 0.781118571758,
            "not_electronic": 0.218881443143
        },
        "probability": 0.781118571758,
        "value": "electronic"
    },
    "mood_happy": {
        "all": {
            "happy": 0.7966324687,
            "not_happy": 0.203367561102
        },
        "probability": 0.7966324687,
        "value": "happy"
    },
    "mood_party": {
        "all": {
            "not_party": 0.120875187218,
            "party": 0.879124820232
        },
        "probability": 0.879124820232,
        "value": "party"
    },
    "mood_relaxed": {
        "all": {
            "not_relaxed": 0.55678331852,
            "relaxed": 0.443216651678
        },
        "probability": 0.55678331852,
        "value": "not_relaxed"
    },
    "mood_sad": {
        "all": {
            "not_sad": 0.951554656029,
            "sad": 0.0484453216195
        },
        "probability": 0.951554656029,
        "value": "not_sad"
    },
    "moods_mirex": {
        "all": {
            "Cluster1": 0.0778595283628,
            "Cluster2": 0.12047829479,
            "Cluster3": 0.0978049188852,
            "Cluster4": 0.572908103466,
            "Cluster5": 0.130949139595
        },
        "probability": 0.572908103466,
        "value": "Cluster4"
    },
    "timbre": {
        "all": {
            "bright": 0.0833383724093,
            "dark": 0.91666162014
        },
        "probability": 0.91666162014,
        "value": "dark"
    },
    "tonal_atonal": {
        "all": {
            "atonal": 0.949823379517,
            "tonal": 0.0501766093075
        },
        "probability": 0.949823379517,
        "value": "atonal"
    },
    "voice_instrumental": {
        "all": {
            "instrumental": 0.606776893139,
            "voice": 0.393223106861
        },
        "probability": 0.606776893139,
        "value": "instrumental"
    }
},
"lowlevel": {
    "average_loudness": 0.732948124409,
    "barkbands_crest": {
        "dmean": 2.50338816643,
        "dmean2": 4.04790067673,
        "dvar": 7.83347797394,
        "dvar2": 17.5229377747,
        "max": 25.6670818329,
        "mean": 12.4683465958,
        "median": 11.1834506989,
        "min": 2.36391758919,
        "stdev": 5.69976806641,
        "var": 32.4873580933
    },
    "barkbands_flatness_db": {
        "dmean": 0.0198481027037,
        "dmean2": 0.0313728787005,
        "dvar": 0.000529597688001,
        "dvar2": 0.00120353337843,
        "max": 0.414366602898,
        "mean": 0.13483287394,
        "median": 0.129912763834,
        "min": 0.0233182478696,
        "stdev": 0.0629193335772,
        "var": 0.00395884225145
    },
    "barkbands_kurtosis": {
        "dmean": 2.927713871,
        "dmean2": 4.67512273788,
        "dvar": 24.9274711609,
        "dvar2": 55.5787124634,
        "max": 118.018913269,
        "mean": 5.40298509598,
        "median": 2.12495994568,
        "min": -1.86133646965,
        "stdev": 8.11665248871,
        "var": 65.8800506592
    },
    "barkbands_skewness": {
        "dmean": 0.519301593304,
        "dmean2": 0.81391620636,
        "dvar": 0.387706339359,
        "dvar2": 0.829713344574,
        "max": 9.82194805145,
        "mean": 1.69796431065,
        "median": 1.26551437378,
        "min": -2.56411886215,
        "stdev": 1.4044970274,
        "var": 1.97261190414
    },
    "barkbands_spread": {
        "dmean": 5.31388616562,
        "dmean2": 8.57716369629,
        "dvar": 43.781993866,
        "dvar2": 109.154304504,
        "max": 105.223815918,
        "mean": 21.5472221375,
        "median": 17.6583862305,
        "min": 0.973763227463,
        "stdev": 14.3315029144,
        "var": 205.391967773
    },
    "dissonance": {
        "dmean": 0.0204191543162,
        "dmean2": 0.0347293429077,
        "dvar": 0.000452240259619,
        "dvar2": 0.00126178050414,
        "max": 0.499999880791,
        "mean": 0.462571620941,
        "median": 0.473542124033,
        "min": 0.154456436634,
        "stdev": 0.0363660156727,
        "var": 0.00132248713635
    },
    "dynamic_complexity": 4.11919689178,
    "erbbands_crest": {
        "dmean": 3.02149152756,
        "dmean2": 4.95131587982,
        "dvar": 7.77097272873,
        "dvar2": 18.5952892303,
        "max": 30.7995223999,
        "mean": 9.12525749207,
        "median": 8.0580663681,
        "min": 2.14707827568,
        "stdev": 4.53086042404,
        "var": 20.5286941528
    },
    "erbbands_flatness_db": {
        "dmean": 0.0169088486582,
        "dmean2": 0.026305122301,
        "dvar": 0.000311920099193,
        "dvar2": 0.000697493320331,
        "max": 0.456442147493,
        "mean": 0.14797320962,
        "median": 0.123999789357,
        "min": 0.0504934042692,
        "stdev": 0.0719732120633,
        "var": 0.00518014328554
    },
    "erbbands_kurtosis": {
        "dmean": 1.01731598377,
        "dmean2": 1.6586984396,
        "dvar": 2.65694475174,
        "dvar2": 6.73611211777,
        "max": 38.0109100342,
        "mean": 0.868231773376,
        "median": 0.0667927265167,
        "min": -1.78026139736,
        "stdev": 2.58272409439,
        "var": 6.67046356201
    },
    "erbbands_skewness": {
        "dmean": 0.382586240768,
        "dmean2": 0.600480914116,
        "dvar": 0.14021936059,
        "dvar2": 0.329066306353,
        "max": 4.79293107986,
        "mean": 0.522054195404,
        "median": 0.416894555092,
        "min": -2.8417801857,
        "stdev": 0.763426065445,
        "var": 0.582819402218
    },
    "erbbands_spread": {
        "dmean": 7.34106779099,
        "dmean2": 11.6281204224,
        "dvar": 74.0363922119,
        "dvar2": 172.590805054,
        "max": 138.845352173,
        "mean": 37.4472808838,
        "median": 35.7145576477,
        "min": 0.953610777855,
        "stdev": 20.1919536591,
        "var": 407.71496582
    },
    "hfc": {
        "dmean": 8.79005813599,
        "dmean2": 14.8359384537,
        "dvar": 316.103057861,
        "dvar2": 908.087036133,
        "max": 286.897369385,
        "mean": 31.7575435638,
        "median": 32.4178199768,
        "min": 1.0527519715e-16,
        "stdev": 22.5067081451,
        "var": 506.551879883
    },
    "loudness_ebu128": {
        "integrated": -6.42569351196,
        "loudness_range": 6.82842731476,
        "momentary": {
            "dmean": 0.251308649778,
            "dmean2": 0.214847937226,
            "dvar": 0.162010908127,
            "dvar2": 0.0814068391919,
            "max": -3.58393502235,
            "mean": -9.44926548004,
            "median": -7.32760238647,
            "min": -74.777923584,
            "stdev": 8.19058609009,
            "var": 67.0857009888
        },
        "short_term": {
            "dmean": 0.0694986283779,
            "dmean2": 0.0450437888503,
            "dvar": 0.0119002833962,
            "dvar2": 0.00229724845849,
            "max": -3.88870668411,
            "mean": -8.88614177704,
            "median": -7.12999916077,
            "min": -44.4709091187,
            "stdev": 6.8486623764,
            "var": 46.9041786194
        }
    },
    "melbands_crest": {
        "dmean": 3.07614016533,
        "dmean2": 5.0149564743,
        "dvar": 12.3183851242,
        "dvar2": 28.496383667,
        "max": 34.4657478333,
        "mean": 17.3024635315,
        "median": 16.3005008698,
        "min": 1.93214285374,
        "stdev": 7.45082569122,
        "var": 55.5148048401
    },
    "melbands_flatness_db": {
        "dmean": 0.0236514192075,
        "dmean2": 0.0369487479329,
        "dvar": 0.000852492172271,
        "dvar2": 0.00187353335787,
        "max": 0.510353207588,
        "mean": 0.203598886728,
        "median": 0.198280498385,
        "min": 0.00430980371311,
        "stdev": 0.0754527077079,
        "var": 0.00569311063737
    },
    "melbands_kurtosis": {
        "dmean": 8.18354320526,
        "dmean2": 12.9873342514,
        "dvar": 264.714538574,
        "dvar2": 578.976806641,
        "max": 332.490203857,
        "mean": 17.4296970367,
        "median": 6.63583469391,
        "min": -1.61992418766,
        "stdev": 25.0166931152,
        "var": 625.834960938
    },
    "melbands_skewness": {
        "dmean": 0.780088424683,
        "dmean2": 1.2119615078,
        "dvar": 1.04845762253,
        "dvar2": 2.14842581749,
        "max": 15.1204624176,
        "mean": 2.81305336952,
        "median": 2.04911422729,
        "min": -2.34499120712,
        "stdev": 2.19029283524,
        "var": 4.79738283157
    },
    "melbands_spread": {
        "dmean": 5.8768901825,
        "dmean2": 9.33049297333,
        "dvar": 59.7811164856,
        "dvar2": 137.227981567,
        "max": 179.751998901,
        "mean": 21.8534317017,
        "median": 17.0242671967,
        "min": 1.12513792515,
        "stdev": 17.2267570496,
        "var": 296.761138916
    },
    "pitch_salience": {
        "dmean": 0.0704149752855,
        "dmean2": 0.112848334014,
        "dvar": 0.00641638459638,
        "dvar2": 0.0144344866276,
        "max": 0.960041105747,
        "mean": 0.50902569294,
        "median": 0.525233209133,
        "min": 0.119692400098,
        "stdev": 0.136725947261,
        "var": 0.0186939835548
    },
    "silence_rate_20dB": {
        "dmean": 0,
        "dmean2": 0,
        "dvar": 0,
        "dvar2": 0,
        "max": 1,
        "mean": 1,
        "median": 1,
        "min": 1,
        "stdev": 0,
        "var": 0
    },
    "silence_rate_30dB": {
        "dmean": 0.0536036938429,
        "dmean2": 0.107218153775,
        "dvar": 0.0507266297936,
        "dvar2": 0.103949718177,
        "max": 1,
        "mean": 0.753186762333,
        "median": 1,
        "min": 0,
        "stdev": 0.431148201227,
        "var": 0.185888782144
    },
    "silence_rate_60dB": {
        "dmean": 0.00281068054028,
        "dmean2": 0.00562192546204,
        "dvar": 0.00280260131694,
        "dvar2": 0.00739665236324,
        "max": 1,
        "mean": 0.0891297832131,
        "median": 0,
        "min": 0,
        "stdev": 0.284933775663,
        "var": 0.08118724823
    },
    "spectral_centroid": {
        "dmean": 222.800689697,
        "dmean2": 354.144195557,
        "dvar": 68934.6875,
        "dvar2": 154939.125,
        "max": 11679.3330078,
        "mean": 1377.52026367,
        "median": 1378.02563477,
        "min": 200.312469482,
        "stdev": 645.463256836,
        "var": 416622.8125
    },
    "spectral_complexity": {
        "dmean": 4.0515961647,
        "dmean2": 6.51018953323,
        "dvar": 21.2925872803,
        "dvar2": 50.6711845398,
        "max": 61,
        "mean": 24.7999591827,
        "median": 27,
        "min": 0,
        "stdev": 12.2720928192,
        "var": 150.604263306
    },
    "spectral_decrease": {
        "dmean": 2.98958147127e-09,
        "dmean2": 4.31172031412e-09,
        "dvar": 2.16002467449e-17,
        "dvar2": 3.6294977978e-17,
        "max": 1.66929231632e-28,
        "mean": -1.52022252564e-08,
        "median": -8.62653060096e-09,
        "min": -5.36732436274e-08,
        "stdev": 1.52461190339e-08,
        "var": 2.32444131344e-16
    },
    "spectral_energy": {
        "dmean": 0.011612592265,
        "dmean2": 0.0166805181652,
        "dvar": 0.000310199480737,
        "dvar2": 0.000534618506208,
        "max": 0.206992998719,
        "mean": 0.0602571554482,
        "median": 0.0356094911695,
        "min": 1.02364626701e-20,
        "stdev": 0.0585481002927,
        "var": 0.00342788011767
    },
    "spectral_energyband_high": {
        "dmean": 0.000562114873901,
        "dmean2": 0.000937091885135,
        "dvar": 1.395028562e-06,
        "dvar2": 3.89718752558e-06,
        "max": 0.0160288568586,
        "mean": 0.00151768838987,
        "median": 0.00120360101573,
        "min": 6.93942414607e-21,
        "stdev": 0.00156557641458,
        "var": 2.45102955887e-06
    },
    "spectral_energyband_low": {
        "dmean": 0.00972850993276,
        "dmean2": 0.0150516722351,
        "dvar": 0.000476990331663,
        "dvar2": 0.000848339521326,
        "max": 0.180855646729,
        "mean": 0.0381081290543,
        "median": 0.00713434768841,
        "min": 1.55373286586e-23,
        "stdev": 0.0537671782076,
        "var": 0.0028909095563
    },
    "spectral_energyband_middle_high": {
        "dmean": 0.00290195923299,
        "dmean2": 0.00483442377299,
        "dvar": 3.00446008623e-05,
        "dvar2": 8.58563143993e-05,
        "max": 0.0988625660539,
        "mean": 0.0074727027677,
        "median": 0.0067420899868,
        "min": 1.38138778594e-21,
        "stdev": 0.00645430758595,
        "var": 4.16580878664e-05
    },
    "spectral_energyband_middle_low": {
        "dmean": 0.00566413067281,
        "dmean2": 0.00910670403391,
        "dvar": 6.33620657027e-05,
        "dvar2": 0.000165729608852,
        "max": 0.0946203321218,
        "mean": 0.0141021488234,
        "median": 0.0116818072274,
        "min": 2.10937114653e-22,
        "stdev": 0.0112561862916,
        "var": 0.000126701736008
    },
    "spectral_entropy": {
        "dmean": 0.128705248237,
        "dmean2": 0.200602471828,
        "dvar": 0.0206870771945,
        "dvar2": 0.0470374971628,
        "max": 9.81670856476,
        "mean": 7.72647762299,
        "median": 7.94308042526,
        "min": 4.94023704529,
        "stdev": 0.575473129749,
        "var": 0.331169307232
    },
    "spectral_flux": {
        "dmean": 0.0327827855945,
        "dmean2": 0.0533712394536,
        "dvar": 0.00265053729527,
        "dvar2": 0.00664855493233,
        "max": 0.439705878496,
        "mean": 0.0985488966107,
        "median": 0.0851432606578,
        "min": 6.64876140255e-11,
        "stdev": 0.0675575435162,
        "var": 0.00456402124837
    },
    "spectral_kurtosis": {
        "dmean": 2.06933951378,
        "dmean2": 3.52976965904,
        "dvar": 24.8800964355,
        "dvar2": 75.6642913818,
        "max": 108.243530273,
        "mean": 6.14670944214,
        "median": 3.30981969833,
        "min": -1.22796750069,
        "stdev": 9.1943693161,
        "var": 84.5364227295
    },
    "spectral_rms": {
        "dmean": 0.000759870687034,
        "dmean2": 0.00110553472769,
        "dvar": 9.4818949492e-07,
        "dvar2": 1.77517597422e-06,
        "max": 0.0142107140273,
        "mean": 0.00665102479979,
        "median": 0.00589414685965,
        "min": 3.16018869059e-12,
        "stdev": 0.00381465395913,
        "var": 1.45515841723e-05
    },
    "spectral_rolloff": {
        "dmean": 396.308074951,
        "dmean2": 651.572021484,
        "dvar": 572315.25,
        "dvar2": 1219686.125,
        "max": 19358.3496094,
        "mean": 1338.65014648,
        "median": 947.4609375,
        "min": 64.599609375,
        "stdev": 1579.96276855,
        "var": 2496282.25
    },
    "spectral_skewness": {
        "dmean": 0.214225500822,
        "dmean2": 0.352923363447,
        "dvar": 0.10135986656,
        "dvar2": 0.295484900475,
        "max": 8.06078910828,
        "mean": 1.74523258209,
        "median": 1.49393641949,
        "min": -0.10351600498,
        "stdev": 0.819758594036,
        "var": 0.672004163265
    },
    "spectral_spread": {
        "dmean": 435541.40625,
        "dmean2": 654811.8125,
        "dvar": 443012382720,
        "dvar2": 733577674752,
        "max": 42207452,
        "mean": 5175047,
        "median": 5508860,
        "min": 643726,
        "stdev": 2239817.75,
        "var": 5.01678342144e+12
    },
    "spectral_strongpeak": {
        "dmean": 0.520175993443,
        "dmean2": 0.89489710331,
        "dvar": 0.672092556953,
        "dvar2": 1.72182118893,
        "max": 8.68384933472,
        "mean": 0.928548812866,
        "median": 0.592675745487,
        "min": 0,
        "stdev": 0.992231011391,
        "var": 0.984522402287
    },
    "zerocrossingrate": {
        "dmean": 0.00941370148212,
        "dmean2": 0.0107322363183,
        "dvar": 0.000130172920763,
        "dvar2": 0.000148095350596,
        "max": 0.544921875,
        "mean": 0.0565454959869,
        "median": 0.048828125,
        "min": 0.001953125,
        "stdev": 0.0444405004382,
        "var": 0.00197495822795
    },
    "barkbands": {
        "dmean": [0.000841304135974, 0.008783435449, 0.00128600257449, 0.000716717157047, 0.00118038139772, 0.000958910910413, 0.0011676796712, 0.00299885775894, 0.00155309704132, 0.00113432470243, 0.000781010254286, 0.000721152580809, 0.00048837979557, 0.00056974356994, 0.00033335207263, 0.000330494134687, 0.000248885073233, 0.000212165134144, 0.000179504233529, 0.000143610523082, 0.000105675877421, 0.000112103196443, 0.000154128647409, 0.000136210859637, 9.70297987806e-05, 3.87925065297e-05, 1.63556414918e-05],
        "dmean2": [0.00140959233977, 0.0136117087677, 0.00218161707744, 0.0011322934879, 0.00175413233228, 0.00158258818556, 0.00193696073256, 0.00503069441766, 0.00256247748621, 0.0018419760745, 0.00129588856362, 0.00120196864009, 0.000835905259009, 0.00096208229661, 0.000548711686861, 0.000569839554373, 0.00041350981337, 0.000358976627467, 0.000301208434394, 0.000246921583312, 0.000177053589141, 0.000183123542229, 0.000259206834016, 0.000225664232858, 0.000162023468874, 6.66233027005e-05, 2.80495623883e-05],
        "dvar": [5.17805665368e-06, 0.0004134120245, 1.58376878971e-05, 3.83665292247e-06, 4.49916888101e-06, 3.67977349924e-06, 5.78551862418e-06, 3.79157645511e-05, 8.09111134004e-06, 6.0349721025e-06, 2.08508981814e-06, 1.6943756691e-06, 1.2597715795e-06, 9.26263794554e-07, 3.16421278512e-07, 4.83758810788e-07, 1.68487531482e-07, 1.1007414713e-07, 6.62529160422e-08, 5.44525953217e-08, 2.6092607186e-08, 3.86204170866e-08, 1.00592643548e-07, 1.08828423606e-07, 6.22341929102e-08, 1.00328980679e-08, 1.55893253861e-09],
        "dvar2": [1.05399603854e-05, 0.000725495337974, 3.69229455828e-05, 1.04687533167e-05, 1.01170044218e-05, 9.58784130489e-06, 1.43119541463e-05, 0.000100064324215, 2.09800637094e-05, 1.58216007549e-05, 5.31228670297e-06, 4.43955923402e-06, 3.45496277987e-06, 2.53307848652e-06, 7.69444284288e-07, 1.29481929889e-06, 4.25312691732e-07, 2.89186260716e-07, 1.7957366083e-07, 1.56347510938e-07, 7.07152523205e-08, 9.95954962946e-08, 2.72436636806e-07, 2.88849349772e-07, 1.77098556264e-07, 2.92128294888e-08, 4.54078596945e-09],
        "max": [0.0330415852368, 0.161722868681, 0.101279690862, 0.0355173200369, 0.0559317208827, 0.0292552113533, 0.043063711375, 0.0790950879455, 0.049916677177, 0.0330685339868, 0.0313071161509, 0.0180543214083, 0.0163147766143, 0.0150047307834, 0.0139791667461, 0.0186024475843, 0.00931954942644, 0.00704679638147, 0.00377683946863, 0.00286453287117, 0.00188581296243, 0.00357169285417, 0.00346479937434, 0.00558517314494, 0.0038585960865, 0.00156913185492, 0.000572312041186],
        "mean": [0.00212770071812, 0.0336068943143, 0.00176498421934, 0.00138822116423, 0.00272279093042, 0.00144595291931, 0.00165924546309, 0.00385574460961, 0.00232354993932, 0.00157607125584, 0.00111148564611, 0.00110404018778, 0.000678807205986, 0.000910223054234, 0.000586361973546, 0.000517852313351, 0.000459513306851, 0.000399243144784, 0.000363877043128, 0.000290513766231, 0.00023632486409, 0.000245336210355, 0.000283164088614, 0.000285535206785, 0.000201393326279, 7.95746818767e-05, 3.28177156916e-05],
        "median": [0.000106476611109, 0.005585369654, 0.000400045217248, 0.000337867561029, 0.00108270335477, 0.000661428901367, 0.000631016911939, 0.00127266289201, 0.000920544669498, 0.000616388395429, 0.000577669590712, 0.000589637085795, 0.000345012813341, 0.000506420561578, 0.000318938371493, 0.00030612948467, 0.000288510811515, 0.000297516351566, 0.000274857506156, 0.000214728162973, 0.000166321973666, 0.00018148770323, 0.000190202816157, 0.000175016582943, 0.000129307241878, 4.86111857754e-05, 1.25061578728e-05],
        "min": [6.84625952801e-25, 6.31660727219e-24, 1.48972703887e-24, 2.61193995365e-24, 2.20757549399e-23, 1.78551802807e-23, 9.27994985202e-24, 1.26739962866e-23, 1.91401021667e-23, 2.65674721362e-23, 1.9374187174e-23, 4.36627348183e-23, 3.86314115192e-23, 7.38391603989e-23, 7.15212030694e-23, 8.73297357963e-23, 7.52809961852e-23, 1.01635463255e-22, 1.52388842766e-22, 1.73439854768e-22, 3.36232813619e-22, 4.1125835771e-22, 4.70578274402e-22, 6.12804367276e-22, 8.76633431799e-22, 1.38756144925e-21, 1.99309915804e-21],
        "stdev": [0.00541412178427, 0.0491310358047, 0.00542006408796, 0.00265330937691, 0.0040456703864, 0.00227458053268, 0.00287288776599, 0.00665763905272, 0.00383510743268, 0.00280904234387, 0.00176556652877, 0.00163855205756, 0.00117675377987, 0.00122844718862, 0.000858335290104, 0.000875919125974, 0.000599868420977, 0.00045596648124, 0.000376818992663, 0.000304031302221, 0.000243338596192, 0.000272266013781, 0.000371703645214, 0.00043737719534, 0.000295453355648, 0.000104319740785, 4.46680096502e-05],
        "var": [2.93127159239e-05, 0.00241385865957, 2.93770972348e-05, 7.04005014995e-06, 1.6367450371e-05, 5.17371699971e-06, 8.25348433864e-06, 4.43241551693e-05, 1.47080490933e-05, 7.89071873442e-06, 3.11722533297e-06, 2.68485268862e-06, 1.38474933919e-06, 1.50908260821e-06, 7.36739423246e-07, 7.67234325849e-07, 3.59842118769e-07, 2.07905429761e-07, 1.41992558156e-07, 9.24350302967e-08, 5.92136721878e-08, 7.41287848882e-08, 1.38163599672e-07, 1.91298809682e-07, 8.7292683304e-08, 1.08826077039e-08, 1.99523109146e-09]
    },
    "erbbands": {
        "dmean": [0.325917601585, 1.75978660583, 1.65791964531, 1.93536412716, 3.42522788048, 3.7721054554, 6.26798629761, 7.99986743927, 10.1241397858, 49.925163269, 48.1480178833, 33.2483558655, 35.9290962219, 24.9333610535, 33.0400505066, 29.2669792175, 22.10181427, 27.452255249, 20.0393753052, 15.9702148438, 15.2023611069, 13.1956014633, 10.7336101532, 10.3314342499, 8.67258167267, 6.54362869263, 4.67902231216, 4.0619263649, 3.8438808918, 4.92931365967, 4.10366392136, 2.97004151344, 2.34773397446, 1.30020439625, 0.590910434723, 0.227014139295, 0.0650313571095, 0.016600670293, 0.00280347955413, 0.000161133226356],
        "dmean2": [0.501679003239, 2.75427269936, 2.82287859917, 3.05767631531, 5.09139871597, 5.85415697098, 10.0834093094, 13.3910722733, 16.8931064606, 78.7643890381, 82.5211791992, 55.2101020813, 58.5484886169, 41.8676071167, 54.6788978577, 48.7531204224, 37.504825592, 46.2527046204, 33.7245178223, 26.686876297, 25.9434108734, 22.0344867706, 17.9575614929, 17.2869777679, 14.7298402786, 11.2092037201, 7.95902681351, 6.71466588974, 6.30429315567, 8.16867351532, 6.88254213333, 4.87217092514, 3.91283774376, 2.16496920586, 0.987245380878, 0.391955703497, 0.111234396696, 0.0290266741067, 0.00478495564312, 0.000266608112724],
        "dvar": [0.668536245823, 17.6862678528, 24.9897670746, 27.0866107941, 57.6131477356, 59.4930686951, 140.472869873, 344.932403564, 396.776062012, 13696.7402344, 8253.83007812, 3997.81054688, 6307.90039062, 3127.68334961, 3907.10009766, 2920.05200195, 2419.22094727, 2431.69042969, 1083.71875, 859.599365234, 1088.85791016, 493.803253174, 314.464019775, 237.880767822, 186.173675537, 120.247451782, 59.1358833313, 38.2791290283, 40.2884979248, 99.7399902344, 67.7104492188, 51.3598251343, 28.9872646332, 12.1217947006, 2.08008408546, 0.38554045558, 0.0243310499936, 0.0017001364613, 5.61816959816e-05, 1.03560260811e-07],
        "dvar2": [1.10947263241, 31.9556465149, 57.4249649048, 68.4862136841, 135.50958252, 142.980987549, 357.670806885, 904.881164551, 1046.17773438, 28659.7675781, 23796.9375, 10494.7773438, 16531.1523438, 8453.86132812, 9954.59179688, 7574.79443359, 6657.45751953, 6490.82324219, 2945.16357422, 2069.11791992, 2788.95874023, 1282.26611328, 804.192260742, 640.764709473, 523.343444824, 343.693267822, 166.920898438, 99.6484909058, 104.108764648, 263.693969727, 181.167312622, 136.405288696, 76.1202774048, 34.0724029541, 5.91770172119, 1.12534892559, 0.0703055486083, 0.00496208947152, 0.000163823235198, 2.90877750331e-07],
        "max": [7.92505693436, 42.5514755249, 135.173065186, 178.392837524, 208.826782227, 213.572738647, 224.574859619, 334.742004395, 373.576080322, 1613.5480957, 1026.41674805, 957.762878418, 1197.18530273, 893.560852051, 1485.81176758, 863.858764648, 812.381408691, 842.791809082, 562.872558594, 1011.41174316, 1046.01452637, 598.909301758, 462.790649414, 408.814056396, 168.130172729, 143.376403809, 99.009803772, 77.8410720825, 111.864982605, 170.54776001, 100.830924988, 123.1304245, 80.8516769409, 57.1046257019, 21.7308044434, 10.6710224152, 2.17388057709, 0.432234942913, 0.153913259506, 0.00481614051387],
        "mean": [1.30559873581, 6.13234615326, 3.38598370552, 3.8217446804, 8.1534318924, 7.60100030899, 10.2254571915, 11.7433280945, 15.5828847885, 68.4140472412, 69.9254684448, 51.2215919495, 53.4125328064, 36.4653015137, 48.6311149597, 46.2772407532, 34.3393096924, 45.6800079346, 36.1711158752, 29.7759056091, 26.6485061646, 25.3398952484, 21.2064666748, 21.1900978088, 17.4253196716, 13.4234075546, 10.1936531067, 9.23124027252, 8.49450969696, 9.21314144135, 7.70764255524, 6.08787059784, 4.68658971786, 2.61382317543, 1.21604752541, 0.442112952471, 0.128978177905, 0.0314978249371, 0.00551760615781, 0.000416533177486],
        "median": [0.169387981296, 1.0945687294, 1.02705001831, 1.31873548031, 2.12137436867, 3.41188764572, 4.58807086945, 5.5596408844, 8.27649116516, 16.6238327026, 28.9990634918, 22.1327419281, 21.5935878754, 18.4094200134, 26.4689979553, 25.6431598663, 19.9596557617, 27.6264686584, 22.8246612549, 20.1323623657, 17.5418319702, 16.9383792877, 16.1496810913, 15.3943958282, 13.4473648071, 9.79565048218, 7.29574203491, 6.45810317993, 6.17616081238, 6.31636047363, 5.25431489944, 3.85621547699, 2.71606278419, 1.58658993244, 0.793670415878, 0.27734786272, 0.0754211694002, 0.0150997499004, 0.0021977792494, 0.000208307013963],
        "min": [1.46430002058e-22, 1.25225027126e-21, 2.69019754133e-21, 1.119055573e-20, 2.91744210978e-20, 4.6542906903e-20, 5.64155078467e-20, 1.70838090124e-19, 2.67740760846e-19, 1.814714452e-19, 4.88675351634e-19, 4.96318707289e-19, 8.66139578633e-19, 8.8047627301e-19, 1.54889197469e-18, 2.01275294193e-18, 2.32012601972e-18, 3.63547699014e-18, 3.03788718085e-18, 4.70132857433e-18, 5.25770969308e-18, 4.87184399939e-18, 4.93565684775e-18, 7.83414734497e-18, 6.47846118672e-18, 8.88366831591e-18, 1.03469003615e-17, 1.25774085997e-17, 1.35259763128e-17, 1.45907546301e-17, 1.20515864279e-17, 1.29355695331e-17, 1.23161212693e-17, 9.83543390925e-18, 6.02135993945e-18, 3.94040636961e-18, 2.72871891433e-18, 1.09335368519e-18, 2.79201632576e-19, 2.84702674455e-20],
        "stdev": [2.13186979294, 9.62037754059, 7.37337589264, 6.94142627716, 14.7282714844, 11.876531601, 16.0367832184, 20.4307098389, 22.3685588837, 144.347640991, 102.233650208, 84.4798278809, 95.0176620483, 60.1708679199, 75.6594009399, 67.4952774048, 52.0222091675, 61.2390098572, 43.8254814148, 42.4303359985, 43.1184883118, 30.9900226593, 24.8823394775, 22.5460243225, 18.1649112701, 14.0974407196, 10.5765447617, 9.70109367371, 9.17035102844, 12.1459550858, 10.0102701187, 8.83078479767, 7.56135320663, 4.12909936905, 1.6914781332, 0.613389134407, 0.166986837983, 0.0434264168143, 0.00785180181265, 0.00048210087698],
        "var": [4.54486894608, 92.5516586304, 54.3666687012, 48.1833992004, 216.921981812, 141.052001953, 257.178405762, 417.413879395, 500.352416992, 20836.2402344, 10451.71875, 7136.84130859, 9028.35546875, 3620.53320312, 5724.34521484, 4555.61230469, 2706.31005859, 3750.21655273, 1920.67272949, 1800.33325195, 1859.20410156, 960.381530762, 619.13079834, 508.323181152, 329.963989258, 198.737838745, 111.863296509, 94.1112213135, 84.0953445435, 147.524230957, 100.205505371, 77.9827651978, 57.1740646362, 17.0494613647, 2.86109828949, 0.376246213913, 0.0278846025467, 0.00188585359138, 6.16507895757e-05, 2.32421257351e-07]
    },
    "gfcc": {
        "mean": [11.8390846252, 79.9281921387, -111.656143188, 17.5267314911, -55.9607543945, 19.5755443573, -27.2629909515, 13.3522500992, -12.2035493851, 3.43286967278, -8.53610420227, -1.20155513287, -10.0569877625],
        "cov": [[23055.9804688, -5165.08837891, 1303.61132812, 1288.66271973, 705.233825684, 1387.03027344, 106.638900757, 1147.69433594, -6.7988653183, 986.309448242, -104.706253052, 691.348754883, -257.774536133], [-5165.08837891, 2945.30371094, -367.83303833, -232.319793701, 131.002426147, -386.122436523, 112.440383911, -428.891784668, 99.278717041, -404.273986816, 112.706336975, -265.052368164, 136.423309326], [1303.61132812, -367.83303833, 1087.90429688, 449.532562256, 287.846832275, 227.084793091, 109.1587677, 129.55619812, -51.6715736389, 143.455245972, -46.7072296143, 105.224311829, 32.0106163025], [1288.66271973, -232.319793701, 449.532562256, 489.357421875, 250.177947998, 197.55090332, 85.0591506958, 109.772224426, -8.42015743256, 78.6103210449, -1.1039968729, 87.7840194702, 35.841835022], [705.233825684, 131.002426147, 287.846832275, 250.177947998, 442.782684326, 93.2030181885, 146.768997192, 57.5377616882, 27.177942276, 31.0846652985, 12.1477174759, 61.9543762207, 53.3652572632], [1387.03027344, -386.122436523, 227.084793091, 197.55090332, 93.2030181885, 287.914825439, 34.0870666504, 120.678443909, -12.2131910324, 56.6166610718, -16.6582355499, 43.7790870667, -5.21435117722], [106.638900757, 112.440383911, 109.1587677, 85.0591506958, 146.768997192, 34.0870666504, 232.146331787, 66.1082305908, 52.5048446655, 37.8549118042, 2.88488817215, 9.83791351318, -7.08699369431], [1147.69433594, -428.891784668, 129.55619812, 109.772224426, 57.5377616882, 120.678443909, 66.1082305908, 206.995880127, 54.2673835754, 120.034004211, 2.18912029266, 52.6698570251, -29.584608078], [-6.7988653183, 99.278717041, -51.6715736389, -8.42015743256, 27.177942276, -12.2131910324, 52.5048446655, 54.2673835754, 133.732635498, 53.0523109436, 30.0992050171, -17.2227478027, -10.6950025558], [986.309448242, -404.273986816, 143.455245972, 78.6103210449, 31.0846652985, 56.6166610718, 37.8549118042, 120.034004211, 53.0523109436, 176.025817871, 22.6068725586, 52.8837890625, -31.509935379], [-104.706253052, 112.706336975, -46.7072296143, -1.1039968729, 12.1477174759, -16.6582355499, 2.88488817215, 2.18912029266, 30.0992050171, 22.6068725586, 78.7238922119, 22.3878192902, 9.36658763885], [691.348754883, -265.052368164, 105.224311829, 87.7840194702, 61.9543762207, 43.7790870667, 9.83791351318, 52.6698570251, -17.2227478027, 52.8837890625, 22.3878192902, 102.763679504, 27.0324707031], [-257.774536133, 136.423309326, 32.0106163025, 35.841835022, 53.3652572632, -5.21435117722, -7.08699369431, -29.584608078, -10.6950025558, -31.509935379, 9.36658763885, 27.0324707031, 92.7243041992]],
        "icov": [[0.000101655525214, 7.81767303124e-05, 6.56992924633e-05, -5.72211101826e-05, -0.000146795064211, -0.000255596241914, 9.97715687845e-05, -2.6350189728e-05, -3.22854721162e-05, -0.000188275589608, 0.000151295462274, -0.000304482586216, 0.000242130379775], [7.81767303124e-05, 0.00153176032472, -0.000294203899102, -0.000118011739687, -0.000611675088294, 0.000680014258251, -0.000869335606694, 0.00109735957813, -0.00112963584252, 0.00232466985472, -0.00297640473582, 0.00298555451445, -0.0011252266122], [6.56992924633e-05, -0.000294203899102, 0.00196514232084, -0.00113642460201, -0.00039180132444, -0.000638924364466, 2.97269889415e-05, 5.77473838348e-05, 0.0012595388107, -0.00230959174223, 0.00199144659564, -0.000794580555521, -2.24730265472e-05], [-5.72211101826e-05, -0.000118011739687, -0.00113642460201, 0.00473860790953, -0.00121969822794, -0.00158790347632, -1.52063357746e-05, -0.000313290947815, 6.89075459377e-05, 2.61092773144e-05, -0.000332531344611, -0.0010097270133, -0.000568462593947], [-0.000146795064211, -0.000611675088294, -0.00039180132444, -0.00121969822794, 0.00462286826223, -6.37983393972e-05, -0.00180744647514, 5.12625192641e-05, -0.000611179857515, 0.000283976143692, 0.000580723281018, -0.00182249071077, -0.0011887147557], [-0.000255596241914, 0.000680014258251, -0.000638924364466, -0.00158790347632, -6.37983393972e-05, 0.00732495635748, -0.000331201648805, -0.0028560962528, 0.000836285587866, 0.00267442897893, -0.00197999854572, 0.00339507148601, -0.00114911235869], [9.97715687845e-05, -0.000869335606694, 2.97269889415e-05, -1.52063357746e-05, -0.00180744647514, -0.000331201648805, 0.0070291403681, -0.00216502230614, -0.00101645651739, -0.0012187154498, 0.00242727366276, -0.00191453960724, 0.00220167147927], [-2.6350189728e-05, 0.00109735957813, 5.77473838348e-05, -0.000313290947815, 5.12625192641e-05, -0.0028560962528, -0.00216502230614, 0.0132595710456, -0.00487584993243, -0.00261053279974, 0.000582038715947, -0.00215800711885, 0.00140922656283], [-3.22854721162e-05, -0.00112963584252, 0.0012595388107, 6.89075459377e-05, -0.000611179857515, 0.000836285587866, -0.00101645651739, -0.00487584993243, 0.0149065712467, -0.00615578982979, -0.00244066142477, 0.00522808916867, -0.0017739640316], [-0.000188275589608, 0.00232466985472, -0.00230959174223, 2.61092773144e-05, 0.000283976143692, 0.00267442897893, -0.0012187154498, -0.00261053279974, -0.00615578982979, 0.0180860627443, -0.00753417052329, 0.00054011750035, 0.00194414414], [0.000151295462274, -0.00297640473582, 0.00199144659564, -0.000332531344611, 0.000580723281018, -0.00197999854572, 0.00242727366276, 0.000582038715947, -0.00244066142477, -0.00753417052329, 0.0242026485503, -0.0129934204742, 0.00266783032566], [-0.000304482586216, 0.00298555451445, -0.000794580555521, -0.0010097270133, -0.00182249071077, 0.00339507148601, -0.00191453960724, -0.00215800711885, 0.00522808916867, 0.00054011750035, -0.0129934204742, 0.0282369032502, -0.0103024635464], [0.000242130379775, -0.0011252266122, -2.24730265472e-05, -0.000568462593947, -0.0011887147557, -0.00114911235869, 0.00220167147927, 0.00140922656283, -0.0017739640316, 0.00194414414, 0.00266783032566, -0.0103024635464, 0.0177683196962]]
    },
    "melbands": {
        "dmean": [0.00265140645206, 0.00124088732991, 0.000349764042767, 0.000249479198828, 0.000203894698643, 0.000180142378667, 0.000170077677467, 0.000610137532931, 0.000382923870347, 0.000201340633794, 0.00018162158085, 0.000106196021079, 0.000102861689811, 8.12931320979e-05, 7.44025455788e-05, 4.74965527246e-05, 5.70991687709e-05, 3.66828717233e-05, 2.6044968763e-05, 2.70396521955e-05, 1.72081090568e-05, 1.55472243932e-05, 1.10783103082e-05, 1.01494197224e-05, 9.00868781173e-06, 6.89005582899e-06, 6.11611449131e-06, 4.60102501165e-06, 3.32682475346e-06, 2.74894205177e-06, 2.48666924563e-06, 2.22479457079e-06, 2.68061421593e-06, 3.06171068587e-06, 2.59082389675e-06, 2.13152929973e-06, 1.91121944226e-06, 1.8515455622e-06, 1.47890034441e-06, 1.05542972051e-06],
        "dmean2": [0.00406154524535, 0.00197163992561, 0.000533590267878, 0.000372005248209, 0.000324412016198, 0.000299812614685, 0.000285093759885, 0.000970121996943, 0.000653030525427, 0.000332864437951, 0.000296500191325, 0.000178244605195, 0.000170931685716, 0.0001352942636, 0.000124589918414, 8.0576093751e-05, 9.61014447967e-05, 6.21829021838e-05, 4.27857230534e-05, 4.69040060125e-05, 2.89187864837e-05, 2.61445948126e-05, 1.86331508303e-05, 1.71028168552e-05, 1.50420319187e-05, 1.16725941552e-05, 1.05796625576e-05, 7.83612995292e-06, 5.72163480683e-06, 4.57960004496e-06, 4.13905263486e-06, 3.70218208445e-06, 4.42611417384e-06, 5.15433293913e-06, 4.39025779997e-06, 3.55058159585e-06, 3.15985334964e-06, 3.0985088415e-06, 2.47854018198e-06, 1.77489903308e-06],
        "dvar": [3.90484492527e-05, 9.05023807718e-06, 6.77120908676e-07, 2.28956281489e-07, 1.44463541574e-07, 1.57158964953e-07, 1.02106533006e-07, 1.93971459339e-06, 5.10115739871e-07, 1.50889491124e-07, 1.62936174775e-07, 5.73181857533e-08, 3.84674905263e-08, 2.26778311685e-08, 2.01773637798e-08, 1.34273232533e-08, 1.00406509773e-08, 4.06052036439e-09, 2.2626276408e-09, 3.17005666162e-09, 1.35637912013e-09, 7.50023543272e-10, 3.36227184983e-10, 2.71323269407e-10, 1.87587889666e-10, 1.2014968187e-10, 1.11532748315e-10, 5.53365443745e-11, 3.25945971602e-11, 1.54017493204e-11, 1.48177459885e-11, 1.22143154965e-11, 2.77099714702e-11, 3.89564248915e-11, 2.72913774912e-11, 2.00021943453e-11, 2.25703275514e-11, 1.76160509791e-11, 1.18775518934e-11, 8.63225636805e-12],
        "dvar2": [6.62450838718e-05, 1.87805453606e-05, 1.76434286914e-06, 5.20117112046e-07, 3.61820582384e-07, 4.12549525208e-07, 2.71470582902e-07, 4.38705774286e-06, 1.44540433666e-06, 3.90658442484e-07, 4.274027674e-07, 1.53857158125e-07, 9.81142846967e-08, 5.97191984752e-08, 5.35830402271e-08, 3.588276698e-08, 2.65087223283e-08, 1.11354436783e-08, 5.57503687659e-09, 8.73419203629e-09, 3.37287819896e-09, 1.93470284238e-09, 8.67386329428e-10, 7.15158321452e-10, 5.03040442634e-10, 3.25991733607e-10, 3.24322707579e-10, 1.54382173712e-10, 9.27014714991e-11, 4.12489348234e-11, 3.93548457711e-11, 3.2466258848e-11, 7.02566546606e-11, 1.05163655562e-10, 7.42839331713e-11, 5.27716516319e-11, 5.98590066403e-11, 4.56867287058e-11, 3.20624048145e-11, 2.46028093731e-11],
        "max": [0.0517448522151, 0.054909478873, 0.0242597963661, 0.0119960866868, 0.00802574399859, 0.00665938062593, 0.00522778509185, 0.0194044224918, 0.0103398039937, 0.00671233935282, 0.00597548158839, 0.00373852462508, 0.00453641451895, 0.00243442156352, 0.00223773391917, 0.00206540711224, 0.00190356804524, 0.00113890925422, 0.0010022923816, 0.0016526550753, 0.00105571036693, 0.000701364479028, 0.000462136900751, 0.000437678769231, 0.000366653723177, 0.000213597828406, 0.000159360599355, 9.15446435101e-05, 8.29958880786e-05, 6.14669770584e-05, 5.10686841153e-05, 5.78682229389e-05, 0.000109988563054, 9.71363479039e-05, 6.0962029238e-05, 8.56481274241e-05, 8.13276710687e-05, 6.34629323031e-05, 6.14536838839e-05, 4.93777952215e-05],
        "mean": [0.010546028614, 0.00374971120618, 0.000769969366957, 0.000588262162637, 0.000353903829819, 0.000269647163805, 0.000251847493928, 0.000797895423602, 0.000560093729291, 0.000306249829009, 0.00026290275855, 0.000145158730447, 0.000148323990288, 0.000125089354697, 0.000109728600364, 6.66854975861e-05, 8.97693680599e-05, 5.92491596763e-05, 4.54243345303e-05, 4.09440690419e-05, 2.82717792288e-05, 2.76869595837e-05, 2.0290750399e-05, 1.81957948371e-05, 1.71834471985e-05, 1.28045967358e-05, 1.10279170258e-05, 8.69057475938e-06, 6.3867373683e-06, 5.87776139582e-06, 5.10254767505e-06, 4.61489480585e-06, 5.0474704949e-06, 5.18346450917e-06, 4.46669810117e-06, 3.9999827095e-06, 3.6618384911e-06, 3.4522365695e-06, 2.71988983513e-06, 2.03076706384e-06],
