{
"highlevel": {
    "danceability": {
        "all": {
            "danceable": 0.991001188755,
            "not_danceable": 0.00899880751967
        },
        "probability": 0.991001188755,
        "value": "danceable"
    },
    "gender": {
        "all": {
            "female": 0.91542327404,
            "male": 0.0845767259598
        },
        "probability": 0.91542327404,
        "value": "female"
    },
    "genre_electronic": {
        "all": {
            "ambient": 0.0905208662152,
            "dnb": 0.00809699110687,
            "house": 0.628743886948,
            "techno": 0.0571921169758,
            "trance": 0.215446129441
        },
        "probability": 0.628743886948,
        "value": "house"
    },
    "mood_acoustic": {
        "all": {
            "acoustic": 0.0131523357704,
            "not_acoustic": 0.986847639084
        },
        "probability": 0.986847639084,
        "value": "not_acoustic"
    },
    "mood_aggressive": {
        "all": {
            "aggressive": 0.0274851825088,
            "not_aggressive": 0.972514808178
        },
        "probability": 0.972514808178,
        "value": "not_aggressive"
    },
    "mood_electronic": {
        "all": {
            "electronic": 0.97803735733,
            "not_electronic": 0.0219626314938
        },
        "probability": 0.97803735733,
        "value": "electronic"
    },
    "mood_happy": {
        "all": {
            "happy": 0.455051898956,
            "not_happy": 0.544948101044
        },
        "probability": 0.544948101044,
        "value": "not_happy"
    },
    "mood_party": {
        "all": {
            "not_party": 0.0825762450695,
            "party": 0.917423725128
        },
        "probability": 0.917423725128,
        "value": "party"
    },
    "mood_relaxed": {
        "all": {
            "not_relaxed": 0.0513470582664,
            "relaxed": 0.948652923107
        },
        "probability": 0.948652923107,
        "value": "relaxed"
    },
    "mood_sad": {
        "all": {
            "not_sad": 0.942112803459,
            "sad": 0.0578871704638
        },
        "probability": 0.942112803459,
        "value": "not_sad"
    },
    "moods_mirex": {
        "all": {
            "Cluster1": 0.0946813002229,
            "Cluster2": 0.162754997611,
            "Cluster3": 0.0729299411178,
            "Cluster4": 0.585954606533,
            "Cluster5": 0.083679176867
        },
        "probability": 0.585954606533,
        "value": "Cluster4"
    },
    "timbre": {
        "all": {
            "bright": 0.111161351204,
            "dark": 0.888838648796
        },
        "probability": 0.888838648796,
        "value": "dark"
    },
    "tonal_atonal": {
        "all": {
            "atonal": 0.91947978735,
            "tonal": 0.0805202201009
        },
        "probability": 0.91947978735,
        "value": "atonal"
    },
    "voice_instrumental": {
        "all": {
            "instrumental": 0.918049991131,
            "voice": 0.0819500163198
        },
        "probability": 0.918049991131,
        "value": "instrumental"
    }
},
"lowlevel": {
    "average_loudness": 0.937406003475,
    "barkbands_crest": {
        "dmean": 2.81180214882,
        "dmean2": 3.92078900337,
        "dvar": 9.40966415405,
        "dvar2": 15.8924684525,
        "max": 26.4682826996,
        "mean": 14.0296602249,
        "median": 12.0864715576,
        "min": 2.17920827866,
        "stdev": 6.84926652908,
        "var": 46.9124526978
    },
    "barkbands_flatness_db": {
        "dmean": 0.0446109399199,
        "dmean2": 0.051675464958,
        "dvar": 0.00176140875556,
        "dvar2": 0.00252813636325,
        "max": 0.643380284309,
        "mean": 0.238120213151,
        "median": 0.205545753241,
        "min": 0.0141178164631,
        "stdev": 0.128438293934,
        "var": 0.0164963938296
    },
    "barkbands_kurtosis": {
        "dmean": 40.9406166077,
        "dmean2": 58.5508079529,
        "dvar": 14718.0957031,
        "dvar2": 32553.0488281,
        "max": 3089.25512695,
        "mean": 54.7743301392,
        "median": 7.76679372787,
        "min": -1.91681373119,
        "stdev": 151.546875,
        "var": 22966.4550781
    },
    "barkbands_skewness": {
        "dmean": 1.71304774284,
        "dmean2": 2.2023396492,
        "dvar": 6.47647428513,
        "dvar2": 11.4426631927,
        "max": 39.2666130066,
        "mean": 3.83044624329,
        "median": 2.35318779945,
        "min": -3.55354189873,
        "stdev": 4.51119232178,
        "var": 20.350856781
    },
    "barkbands_spread": {
        "dmean": 5.95031642914,
        "dmean2": 8.69212055206,
        "dvar": 111.546920776,
        "dvar2": 246.551513672,
        "max": 122.950386047,
        "mean": 12.3270921707,
        "median": 6.57082653046,
        "min": 0.0548654198647,
        "stdev": 17.4721660614,
        "var": 305.276611328
    },
    "dissonance": {
        "dmean": 0.0326891504228,
        "dmean2": 0.0547574907541,
        "dvar": 0.00105483923107,
        "dvar2": 0.00282992003486,
        "max": 0.500000298023,
        "mean": 0.44230273366,
        "median": 0.454164117575,
        "min": 0.149873822927,
        "stdev": 0.0474506989121,
        "var": 0.00225156871602
    },
    "dynamic_complexity": 3.4241502285,
    "erbbands_crest": {
        "dmean": 2.89856505394,
        "dmean2": 4.39621686935,
        "dvar": 7.03815412521,
        "dvar2": 15.2242517471,
        "max": 27.6603755951,
        "mean": 9.62755775452,
        "median": 8.75882720947,
        "min": 2.22443795204,
        "stdev": 4.45139598846,
        "var": 19.8149261475
    },
    "erbbands_flatness_db": {
        "dmean": 0.032732501626,
        "dmean2": 0.0432002432644,
        "dvar": 0.000904711312614,
        "dvar2": 0.00150035729166,
        "max": 0.482177436352,
        "mean": 0.181965872645,
        "median": 0.163161844015,
        "min": 0.0504732131958,
        "stdev": 0.0828548744321,
        "var": 0.00686493003741
    },
    "erbbands_kurtosis": {
        "dmean": 2.19768643379,
        "dmean2": 3.39646482468,
        "dvar": 21.1172580719,
        "dvar2": 40.2193031311,
        "max": 130.786941528,
        "mean": 2.40583515167,
        "median": 1.11413693428,
        "min": -1.81193077564,
        "stdev": 6.48436737061,
        "var": 42.0470199585
    },
    "erbbands_skewness": {
        "dmean": 0.550505161285,
        "dmean2": 0.811901807785,
        "dvar": 0.295199900866,
        "dvar2": 0.612720906734,
        "max": 9.08461380005,
        "mean": 0.761543631554,
        "median": 0.738439202309,
        "min": -2.27340006828,
        "stdev": 0.999077022076,
        "var": 0.998154938221
    },
    "erbbands_spread": {
        "dmean": 12.0414876938,
        "dmean2": 16.8997688293,
        "dvar": 198.814147949,
        "dvar2": 399.829681396,
        "max": 186.098571777,
        "mean": 32.8007278442,
        "median": 26.8153915405,
        "min": 1.26068782806,
        "stdev": 23.2741851807,
        "var": 541.687683105
    },
    "hfc": {
        "dmean": 8.24015045166,
        "dmean2": 12.4084033966,
        "dvar": 166.046127319,
        "dvar2": 387.54876709,
        "max": 142.628479004,
        "mean": 16.2335567474,
        "median": 11.4923477173,
        "min": 1.11801149258e-16,
        "stdev": 16.8032436371,
        "var": 282.348968506
    },
    "loudness_ebu128": {
        "integrated": -9.68014335632,
        "loudness_range": 3.294444561,
        "momentary": {
            "dmean": 0.840077400208,
            "dmean2": 1.27159380913,
            "dvar": 1.08191645145,
            "dvar2": 2.00400733948,
            "max": -6.05504560471,
            "mean": -10.379357338,
            "median": -9.79803371429,
            "min": -63.7653045654,
            "stdev": 4.23303365707,
            "var": 17.9185752869
        },
        "short_term": {
            "dmean": 0.100566789508,
            "dmean2": 0.135571494699,
            "dvar": 0.0126090599224,
            "dvar2": 0.0172106549144,
            "max": -7.33136940002,
            "mean": -9.88213729858,
            "median": -9.66886520386,
            "min": -24.2131118774,
            "stdev": 1.35659372807,
            "var": 1.84034657478
        }
    },
    "melbands_crest": {
        "dmean": 3.63075208664,
        "dmean2": 5.24320888519,
        "dvar": 15.0208806992,
        "dvar2": 29.4274787903,
        "max": 38.9434204102,
        "mean": 20.156709671,
        "median": 18.2307052612,
        "min": 2.09220123291,
        "stdev": 9.19513893127,
        "var": 84.5505828857
    },
    "melbands_flatness_db": {
        "dmean": 0.0535640046,
        "dmean2": 0.0610666424036,
        "dvar": 0.00255229440518,
        "dvar2": 0.00374691491015,
        "max": 0.79392594099,
        "mean": 0.337210148573,
        "median": 0.306250780821,
        "min": 0.00435592420399,
        "stdev": 0.1554864645,
        "var": 0.024176042527
    },
    "melbands_kurtosis": {
        "dmean": 39.6269111633,
        "dmean2": 53.4060935974,
        "dvar": 12619.4423828,
        "dvar2": 20513.9511719,
        "max": 2898.65112305,
        "mean": 68.4056930542,
        "median": 15.0470256805,
        "min": -1.79121994972,
        "stdev": 193.499603271,
        "var": 37442.0976562
    },
    "melbands_skewness": {
        "dmean": 1.525218606,
        "dmean2": 1.96614325047,
        "dvar": 4.25422239304,
        "dvar2": 7.03866386414,
        "max": 38.592376709,
        "mean": 4.37631607056,
        "median": 3.13792514801,
        "min": -2.12348675728,
        "stdev": 4.24722480774,
        "var": 18.0389194489
    },
    "melbands_spread": {
        "dmean": 6.18600416183,
        "dmean2": 8.98542022705,
        "dvar": 227.032836914,
        "dvar2": 391.376647949,
        "max": 256.565826416,
        "mean": 12.1244821548,
        "median": 6.91480302811,
        "min": 0.113003827631,
        "stdev": 21.3607501984,
        "var": 456.281646729
    },
    "pitch_salience": {
        "dmean": 0.0949358791113,
        "dmean2": 0.138485461473,
        "dvar": 0.0111002009362,
        "dvar2": 0.0217765122652,
        "max": 0.889360010624,
        "mean": 0.445141106844,
        "median": 0.508585035801,
        "min": 0.0123790279031,
        "stdev": 0.219783559442,
        "var": 0.0483048148453
    },
    "silence_rate_20dB": {
        "dmean": 0.00280003109947,
        "dmean2": 0.00560049759224,
        "dvar": 0.00279200542718,
        "dvar2": 0.00712408265099,
        "max": 1,
        "mean": 0.997900128365,
        "median": 1,
        "min": 0,
        "stdev": 0.0457720346749,
        "var": 0.00209507904947
    },
    "silence_rate_30dB": {
        "dmean": 0.0980010852218,
        "dmean2": 0.196017429233,
        "dvar": 0.0883914753795,
        "dvar2": 0.16507306695,
        "max": 1,
        "mean": 0.712785840034,
        "median": 1,
        "min": 0,
        "stdev": 0.452478140593,
        "var": 0.204736471176
    },
    "silence_rate_60dB": {
        "dmean": 0.032667029649,
        "dmean2": 0.0652613565326,
        "dvar": 0.0316007174551,
        "dvar2": 0.0767211169004,
        "max": 1,
        "mean": 0.0683621093631,
        "median": 0,
        "min": 0,
        "stdev": 0.252361029387,
        "var": 0.0636860951781
    },
    "spectral_centroid": {
        "dmean": 235.628662109,
        "dmean2": 341.035552979,
        "dvar": 152038.296875,
        "dvar2": 258805.28125,
        "max": 10344.1005859,
        "mean": 768.045166016,
        "median": 533.835021973,
        "min": 70.7742919922,
        "stdev": 728.670715332,
        "var": 530961
    },
    "spectral_complexity": {
        "dmean": 4.14326810837,
        "dmean2": 6.13565635681,
        "dvar": 31.8139858246,
        "dvar2": 57.4986839294,
        "max": 50,
        "mean": 12.837143898,
        "median": 11,
        "min": 0,
        "stdev": 8.62405967712,
        "var": 74.3743972778
    },
    "spectral_decrease": {
        "dmean": 7.47301420745e-09,
        "dmean2": 8.17416978549e-09,
        "dvar": 9.01660351954e-17,
        "dvar2": 1.15810659123e-16,
        "max": -5.20235687326e-29,
        "mean": -2.14783035801e-08,
        "median": -1.04311332905e-08,
        "min": -1.01642996242e-07,
        "stdev": 2.47540743459e-08,
        "var": 6.12764227532e-16
    },
    "spectral_energy": {
        "dmean": 0.0286221243441,
        "dmean2": 0.0316480062902,
        "dvar": 0.00130469899159,
        "dvar2": 0.00170788471587,
        "max": 0.38561090827,
        "mean": 0.082536265254,
        "median": 0.0408922731876,
        "min": 1.03370394316e-20,
        "stdev": 0.0938273519278,
        "var": 0.00880357250571
    },
    "spectral_energyband_high": {
        "dmean": 0.00048217352014,
        "dmean2": 0.00070827169111,
        "dvar": 8.61439218625e-07,
        "dvar2": 1.77442575477e-06,
        "max": 0.0123520679772,
        "mean": 0.000577823491767,
        "median": 6.33302333881e-05,
        "min": 7.31074988513e-21,
        "stdev": 0.00130630808417,
        "var": 1.70644091213e-06
    },
    "spectral_energyband_low": {
        "dmean": 0.0262678284198,
        "dmean2": 0.0257212910801,
        "dvar": 0.00139299011789,
        "dvar2": 0.0015489528887,
        "max": 0.38321518898,
        "mean": 0.0687607675791,
        "median": 0.021848378703,
        "min": 1.46062506472e-22,
        "stdev": 0.0955010131001,
        "var": 0.00912044290453
    },
    "spectral_energyband_middle_high": {
        "dmean": 0.00158778380137,
        "dmean2": 0.00257732067257,
        "dvar": 1.07417399704e-05,
        "dvar2": 2.69340616796e-05,
        "max": 0.0383359529078,
        "mean": 0.00206159753725,
        "median": 0.000836141174659,
        "min": 1.52479224768e-21,
        "stdev": 0.00343186687678,
        "var": 1.17777108244e-05
    },
    "spectral_energyband_middle_low": {
        "dmean": 0.00741095235571,
        "dmean2": 0.0125689934939,
        "dvar": 0.000178384187166,
        "dvar2": 0.000480878836242,
        "max": 0.152149751782,
        "mean": 0.0131294513121,
        "median": 0.00748171191663,
        "min": 4.0976073368e-22,
        "stdev": 0.0153094995767,
        "var": 0.000234380786424
    },
    "spectral_entropy": {
        "dmean": 0.320326626301,
        "dmean2": 0.443838685751,
        "dvar": 0.107180148363,
        "dvar2": 0.182508587837,
        "max": 9.80330944061,
        "mean": 7.08474779129,
        "median": 7.13144636154,
        "min": 4.84580373764,
        "stdev": 0.830399870872,
        "var": 0.689563989639
    },
    "spectral_flux": {
        "dmean": 0.0490323230624,
        "dmean2": 0.0685670748353,
        "dvar": 0.00434555113316,
        "dvar2": 0.00661003775895,
        "max": 0.5641451478,
        "mean": 0.111289359629,
        "median": 0.0829412788153,
        "min": 1.01671233932e-10,
        "stdev": 0.098601475358,
        "var": 0.00972225144506
    },
    "spectral_kurtosis": {
        "dmean": 9.72305011749,
        "dmean2": 14.3829898834,
        "dvar": 395.692993164,
        "dvar2": 795.117553711,
        "max": 307.160491943,
        "mean": 20.1610221863,
        "median": 7.00019741058,
        "min": -1.19788098335,
        "stdev": 36.6347770691,
        "var": 1342.10681152
    },
    "spectral_rms": {
        "dmean": 0.00153112655971,
        "dmean2": 0.00172838941216,
        "dvar": 3.06175002152e-06,
        "dvar2": 4.27355189458e-06,
        "max": 0.0193960238248,
        "mean": 0.00747071858495,
        "median": 0.00631624087691,
        "min": 3.17567565127e-12,
        "stdev": 0.00497107300907,
        "var": 2.47115658567e-05
    },
    "spectral_rolloff": {
        "dmean": 488.426116943,
        "dmean2": 788.208068848,
        "dvar": 1812952.5,
        "dvar2": 3391935,
        "max": 18604.6875,
        "mean": 966.76574707,
        "median": 473.73046875,
        "min": 21.533203125,
        "stdev": 1945.97131348,
        "var": 3786804.25
    },
    "spectral_skewness": {
        "dmean": 0.730402588844,
        "dmean2": 1.04740953445,
        "dvar": 0.967997968197,
        "dvar2": 1.89202451706,
        "max": 14.4919099808,
        "mean": 2.94455337524,
        "median": 2.28969812393,
        "min": 0.0487783774734,
        "stdev": 2.17935276031,
        "var": 4.74957895279
    },
    "spectral_spread": {
        "dmean": 1160893.25,
        "dmean2": 1628664.25,
        "dvar": 1.38585073254e+12,
        "dvar2": 2.47573354906e+12,
        "max": 39948156,
        "mean": 4570365,
        "median": 4321094,
        "min": 341762.90625,
        "stdev": 2472198.25,
        "var": 6.11176467661e+12
    },
    "spectral_strongpeak": {
        "dmean": 0.254579722881,
        "dmean2": 0.376607656479,
        "dvar": 0.107285812497,
        "dvar2": 0.274197071791,
        "max": 6.6189084053,
        "mean": 0.744284689426,
        "median": 0.684882640839,
        "min": 0,
        "stdev": 0.493832111359,
        "var": 0.243870154023
    },
    "zerocrossingrate": {
        "dmean": 0.0138926785439,
        "dmean2": 0.0151284392923,
        "dvar": 0.000501622504089,
        "dvar2": 0.0005659951712,
        "max": 0.50341796875,
        "mean": 0.0387158282101,
        "median": 0.02197265625,
        "min": 0.001953125,
        "stdev": 0.0502227023244,
        "var": 0.00252231978811
    },
    "barkbands": {
        "dmean": [0.00176273460966, 0.0243121683598, 0.00733604701236, 0.00262657110579, 0.00261472980492, 0.00158125103917, 0.000816329556983, 0.000825079332571, 0.000907478388399, 0.000467775331344, 0.000335715420078, 0.00033517376869, 0.000157814662089, 0.000116559218441, 0.000125953461975, 0.000131342283566, 0.000105712642835, 0.00010999647202, 6.31990260445e-05, 7.12154287612e-05, 8.53662859299e-05, 9.41691105254e-05, 8.8397275249e-05, 8.30049903016e-05, 6.6867309215e-05, 4.6674234909e-05, 7.63683055993e-06],
        "dmean2": [0.00160368380602, 0.0236027482897, 0.0134029826149, 0.00464668031782, 0.00448535894975, 0.00264322268777, 0.00137525401078, 0.00133101304527, 0.00148475694004, 0.000757951871492, 0.000597177480813, 0.000576361082494, 0.000262466986896, 0.00018706494302, 0.000208010693314, 0.000208904559258, 0.000163704622537, 0.00017799725174, 9.87168605207e-05, 0.0001124793489, 0.000134565969347, 0.000148002218339, 0.000131116787088, 0.00012465484906, 0.000101636942418, 7.07180806785e-05, 1.13486457849e-05],
        "dvar": [8.07566357253e-06, 0.0016244284343, 0.000403861195082, 3.07188893203e-05, 2.23124170589e-05, 1.25479091366e-05, 2.70772716249e-06, 2.384059826e-06, 2.29264628615e-06, 7.14690600034e-07, 7.14497559784e-07, 4.91137257086e-07, 1.5494161687e-07, 9.2883084335e-08, 1.09162449746e-07, 1.64364521993e-07, 1.0143339324e-07, 6.59598811126e-08, 2.01694678736e-08, 2.02455243681e-08, 3.1833518932e-08, 4.04754523231e-08, 3.54287976734e-08, 2.95207129852e-08, 1.66255720302e-08, 8.6816012157e-09, 2.67032423951e-10],
        "dvar2": [1.00740144262e-05, 0.00173910788726, 0.00114178063814, 8.41932269395e-05, 5.94164885115e-05, 3.42908642779e-05, 6.68801158099e-06, 5.45484908798e-06, 5.48916204934e-06, 1.77068170615e-06, 1.92171478375e-06, 1.31433739625e-06, 4.03738454224e-07, 2.22549289219e-07, 2.71153368203e-07, 3.55367433258e-07, 2.426143908e-07, 1.65697755961e-07, 4.93079106434e-08, 4.64935467903e-08, 7.38122594157e-08, 9.31861876552e-08, 6.8312310475e-08, 5.92167950231e-08, 3.44821273757e-08, 1.89518249982e-08, 5.43435907385e-10],
        "max": [0.0342119932175, 0.368890076876, 0.147887691855, 0.0761809870601, 0.0725929737091, 0.079006113112, 0.0575553625822, 0.049208316952, 0.0422614328563, 0.024249413982, 0.0209309402853, 0.0104450955987, 0.0151020735502, 0.00947627518326, 0.00551889138296, 0.00435470091179, 0.00504117179662, 0.00296204676852, 0.00248956866562, 0.00338130723685, 0.00231974059716, 0.00241667544469, 0.00332789937966, 0.00229605147615, 0.00142204051372, 0.00168492121156, 0.000246318697464],
        "mean": [0.00336978072301, 0.056760776788, 0.00678561488166, 0.00296692922711, 0.00335609959438, 0.00239761080593, 0.00130041025113, 0.00128563900944, 0.00144192099106, 0.000703121593688, 0.000316644494887, 0.000370349385776, 0.000179729700903, 0.000137771639857, 0.000138269431773, 0.000127926046844, 0.00010786637722, 0.000108184533019, 6.65631669108e-05, 7.61913979659e-05, 8.91525269253e-05, 0.000104645208921, 0.000112390647701, 9.56775838858e-05, 7.36997972126e-05, 5.3124371334e-05, 9.72769976215e-06],
        "median": [7.68980826251e-05, 0.00753788743168, 0.000989533378743, 0.000760878843721, 0.00133828341495, 0.00122311315499, 0.000725350342691, 0.000657525553834, 0.000789219979197, 0.000357293698471, 7.89210462244e-05, 0.000124482627143, 5.00599489897e-05, 3.71824680769e-05, 3.34850119543e-05, 1.4374219063e-05, 1.25169144667e-05, 1.26395198095e-05, 9.49309196585e-06, 7.72919338488e-06, 9.63788534136e-06, 9.90543776425e-06, 8.72369128047e-06, 7.68810605223e-06, 7.12048404239e-06, 4.80464041175e-06, 4.81387075979e-07],
        "min": [3.40445166769e-23, 7.01276960576e-23, 2.64486191968e-23, 5.76435809574e-23, 4.46886484255e-23, 5.62974055999e-23, 6.67923479741e-23, 4.09654868547e-23, 5.21619947863e-23, 1.5919601818e-22, 8.14313281447e-23, 7.71965461006e-23, 1.35487643022e-22, 1.00253063405e-22, 1.71569875769e-22, 1.37363970773e-22, 1.16527453206e-22, 1.96203969734e-22, 2.40714834155e-22, 3.97336969595e-22, 2.77501702706e-22, 4.07932444403e-22, 7.1194986997e-22, 8.27478839841e-22, 1.31064324483e-21, 1.66117839697e-21, 2.1641546965e-21],
        "stdev": [0.00612653186545, 0.0900189802051, 0.0163092296571, 0.00563604664057, 0.00531992549077, 0.00374801782891, 0.00221092673019, 0.0021458864212, 0.00207074196078, 0.00110589968972, 0.000774051237386, 0.000717523798812, 0.000406504928833, 0.000323944404954, 0.000325741624692, 0.000407523330068, 0.000311491225148, 0.000251433957601, 0.000149564191815, 0.000164847660926, 0.000195319167688, 0.000245951494435, 0.000304035522277, 0.000241385918343, 0.000162281983648, 0.000126610029838, 2.68093299383e-05],
        "var": [3.75343952328e-05, 0.00810341723263, 0.000265990995103, 3.17650192301e-05, 2.83016070171e-05, 1.4047636796e-05, 4.88819750899e-06, 4.6048285185e-06, 4.28797238783e-06, 1.22301412375e-06, 5.99155328018e-07, 5.14840394317e-07, 1.65246248685e-07, 1.04939971379e-07, 1.06107613362e-07, 1.66075253105e-07, 9.70267919342e-08, 6.32190406691e-08, 2.23694467394e-08, 2.71747495617e-08, 3.81495759427e-08, 6.04921339686e-08, 9.24375953559e-08, 5.82671617622e-08, 2.63354422714e-08, 1.60300999141e-08, 7.18740178485e-10]
    },
    "erbbands": {
        "dmean": [1.09811663628, 4.4857840538, 7.8126411438, 9.24725627899, 6.92853784561, 10.4396324158, 13.2642993927, 12.4345569611, 11.3130931854, 12.7459964752, 22.0461673737, 20.0015468597, 16.599401474, 12.4168558121, 13.2672348022, 14.8953647614, 7.56731081009, 5.99903154373, 6.05068683624, 7.08560466766, 7.15590906143, 5.68401193619, 5.57656621933, 4.33761310577, 3.27003264427, 3.25046205521, 3.09730505943, 3.54722642899, 3.14510059357, 3.2172794342, 2.42348337173, 1.76441538334, 1.42617404461, 0.757522046566, 0.495854616165, 0.270866841078, 0.0677070319653, 0.0100416326895, 0.00144294754136, 9.82255587587e-05],
        "dmean2": [1.07496726513, 4.90977716446, 13.2609291077, 16.4979820251, 11.8198070526, 18.1919326782, 22.825044632, 20.9834957123, 17.9623985291, 21.9538803101, 34.897567749, 32.8018722534, 26.90275383, 21.405462265, 23.611541748, 25.4912815094, 12.7590446472, 9.4317073822, 9.77819824219, 11.8059148788, 11.2184305191, 8.67274856567, 8.76218223572, 6.89923286438, 5.20624685287, 5.14249801636, 4.8547167778, 5.58374547958, 4.94402360916, 4.94012880325, 3.59560012817, 2.60453748703, 2.1861011982, 1.15157473087, 0.759083867073, 0.414036363363, 0.102274760604, 0.0149090755731, 0.00214553787373, 0.000135244466946],
        "dvar": [3.89390063286, 63.089225769, 397.237548828, 448.726409912, 211.417617798, 365.938446045, 1586.5793457, 599.12512207, 492.644592285, 651.218688965, 1689.08288574, 1232.50402832, 967.537536621, 604.078735352, 1144.30981445, 930.763000488, 343.168151855, 256.268829346, 243.409576416, 469.141357422, 483.822692871, 278.913024902, 177.591552734, 96.8919830322, 45.9249420166, 42.8405990601, 39.4334487915, 57.1629219055, 43.5583190918, 47.7050209045, 26.9030456543, 14.5034570694, 8.93312072754, 2.13603329659, 0.99327069521, 0.303666204214, 0.0178809259087, 0.000367921486031, 9.90762964648e-06, 2.90421589e-08],
        "dvar2": [3.93538498878, 88.0960083008, 1079.26550293, 1237.42138672, 576.630126953, 982.917785645, 4469.89941406, 1608.9486084, 1183.22485352, 1672.9375, 3710.13110352, 2856.22070312, 2422.05517578, 1534.94787598, 3069.33666992, 2463.89892578, 906.350952148, 629.757751465, 563.700683594, 1191.01379395, 1034.44689941, 649.801818848, 421.436523438, 241.100326538, 109.099624634, 97.6685333252, 91.1620864868, 133.189971924, 99.4198913574, 104.213722229, 51.4105262756, 28.1302986145, 18.4504814148, 4.30780506134, 2.15682315826, 0.675914645195, 0.0381699800491, 0.000777424604166, 2.07089760806e-05, 5.76251864004e-08],
        "max": [17.635635376, 69.152633667, 156.79284668, 215.574890137, 408.305877686, 343.488891602, 667.857543945, 598.051452637, 768.435058594, 570.994567871, 1605.96069336, 1208.86584473, 827.791992188, 794.770874023, 939.059387207, 512.524780273, 648.988830566, 611.123168945, 220.520019531, 230.907577515, 311.376159668, 248.562911987, 161.680053711, 121.201072693, 158.639373779, 175.390609741, 77.8044967651, 96.3977966309, 89.3598861694, 91.5223388672, 101.423706055, 70.3151168823, 30.7016353607, 15.4965248108, 12.0590724945, 8.96002864838, 2.75732827187, 0.35773447156, 0.0485173612833, 0.0032833092846],
        "mean": [2.51209187508, 9.16664981842, 8.76035690308, 9.88186073303, 9.14673709869, 11.9692964554, 14.9505329132, 18.8476295471, 22.5161590576, 16.7137126923, 38.5234527588, 32.7579612732, 24.9804725647, 15.8700456619, 12.7333393097, 16.6799564362, 8.60419464111, 7.85889673233, 6.99767827988, 6.99222564697, 7.27056074142, 5.8661942482, 5.80817747116, 4.34722232819, 3.34271764755, 3.55572462082, 3.28374958038, 3.65564632416, 3.39253091812, 3.78359270096, 3.18357348442, 2.20426058769, 1.55633032322, 0.870741128922, 0.524168491364, 0.301008522511, 0.0779010131955, 0.0118878437206, 0.00180704763625, 0.000189434460481],
        "median": [0.109170377254, 1.41576337814, 2.662545681, 2.62948918343, 3.07334327698, 4.10354423523, 5.2485294342, 9.48468971252, 10.6971206665, 8.64544868469, 20.518705368, 19.4006271362, 10.5618133545, 7.27952766418, 3.4888021946, 5.52827835083, 2.61055755615, 2.39783668518, 1.60459792614, 1.53363847733, 0.841039657593, 0.719460427761, 0.685724556446, 0.532905220985, 0.441139101982, 0.369263082743, 0.373073011637, 0.370462417603, 0.350658714771, 0.323804140091, 0.235827952623, 0.161818146706, 0.137039169669, 0.0846257731318, 0.0479182004929, 0.0282465592027, 0.00666653644294, 0.000910135626327, 0.000152669323143, 8.6628831923e-05],
        "min": [2.1723033141e-21, 1.53436930685e-20, 2.56873216722e-20, 1.31920263355e-19, 1.0707136355e-19, 1.46904808172e-19, 4.10542481761e-19, 4.50050463124e-19, 8.79498338731e-19, 9.4522714418e-19, 9.78351281617e-19, 1.50917231264e-18, 4.88248112848e-18, 3.85274755856e-18, 2.96729641455e-18, 2.83034529041e-18, 5.957244343e-18, 4.56727940657e-18, 8.33163030897e-18, 6.69014539087e-18, 8.63721067958e-18, 6.97164777462e-18, 8.83765308562e-18, 1.21944107412e-17, 1.37246502067e-17, 1.70349674611e-17, 1.71318088041e-17, 1.04545686716e-17, 1.1529848874e-17, 2.0567167643e-17, 2.09587714886e-17, 1.50048428991e-17, 1.38458545003e-17, 1.4324096416e-17, 9.77513657849e-18, 5.44305563934e-18, 3.26376518392e-18, 1.25310283759e-18, 3.04396313264e-19, 3.23918499503e-20],
        "stdev": [4.31280708313, 14.6707019806, 17.8872146606, 19.2239818573, 17.5062046051, 20.4627914429, 35.6466026306, 27.8291301727, 36.8898735046, 29.1741447449, 61.3511505127, 48.1233329773, 40.4449157715, 29.0977230072, 30.2298030853, 32.1779670715, 17.8430900574, 19.0986671448, 16.3740997314, 19.6085014343, 22.4257469177, 16.565568924, 13.7351074219, 9.82016563416, 7.3612947464, 7.86158227921, 6.90495920181, 8.16430091858, 7.60110855103, 9.5965051651, 8.93853187561, 6.18488550186, 3.76661109924, 1.92283761501, 1.1953676939, 0.722075223923, 0.184052973986, 0.0287706665695, 0.00491557270288, 0.000297446240438],
        "var": [18.6003036499, 215.229507446, 319.952423096, 369.56149292, 306.467193604, 418.725799561, 1270.68029785, 774.460510254, 1360.8626709, 851.130737305, 3763.96362305, 2315.85522461, 1635.7911377, 846.677429199, 913.841003418, 1035.42163086, 318.375854492, 364.759063721, 268.111114502, 384.49331665, 502.914093018, 274.41809082, 188.653167725, 96.4356460571, 54.1886634827, 61.804473877, 47.6784629822, 66.6558074951, 57.7768478394, 92.0929031372, 79.8973464966, 38.2528076172, 14.1873588562, 3.69730448723, 1.42890381813, 0.521392643452, 0.0338754951954, 0.00082775123883, 2.41628531512e-05, 8.84742590301e-08]
    },
    "gfcc": {
        "mean": [-52.1824150085, 115.876678467, -74.4230117798, 6.0756983757, -56.9624938965, 17.4072551727, -23.3707122803, 12.6564941406, -11.2685146332, 4.91915273666, -11.6017580032, 0.433930426836, -7.60384893417],
        "cov": [[11914.2324219, -2601.11181641, -691.936767578, 1396.04858398, -407.689544678, -108.283699036, -706.439208984, -161.921081543, -861.334777832, -242.566040039, -602.61138916, -31.6756916046, -561.826721191], [-2601.11181641, 4601.57128906, 620.336242676, -832.004272461, 650.387084961, -342.449066162, 278.852722168, -297.453308105, 510.424285889, -209.399719238, 370.207794189, -229.194366455, 310.384368896], [-691.936767578, 620.336242676, 1140.43896484, 250.621765137, 402.047241211, 280.733093262, 343.008270264, 85.58618927, 205.744812012, 56.5111579895, 106.047798157, 28.2869930267, 68.0250549316], [1396.04858398, -832.004272461, 250.621765137, 913.977966309, 340.42401123, 262.957275391, 134.501296997, 111.770957947, -70.0293045044, 1.43747222424, -61.7252044678, 7.6822218895, -85.5540542603], [-407.689544678, 650.387084961, 402.047241211, 340.42401123, 765.644958496, 252.155227661, 324.767364502, 137.887145996, 257.653839111, 27.5974254608, 143.874160767, 5.10466575623, 66.7847061157], [-108.283699036, -342.449066162, 280.733093262, 262.957275391, 252.155227661, 367.736328125, 218.986755371, 190.1693573, 100.462287903, 96.7209396362, 23.6739616394, 61.5657730103, 2.42409062386], [-706.439208984, 278.852722168, 343.008270264, 134.501296997, 324.767364502, 218.986755371, 366.859405518, 161.312530518, 218.918197632, 70.5083694458, 123.114486694, 20.9994029999, 74.8707733154], [-161.921081543, -297.453308105, 85.58618927, 111.770957947, 137.887145996, 190.1693573, 161.312530518, 219.613174438, 125.695594788, 109.458724976, 42.6356697083, 59.8008613586, 16.5965309143], [-861.334777832, 510.424285889, 205.744812012, -70.0293045044, 257.653839111, 100.462287903, 218.918197632, 125.695594788, 296.621520996, 98.3951644897, 150.756866455, 23.5529937744, 96.0178985596], [-242.566040039, -209.399719238, 56.5111579895, 1.43747222424, 27.5974254608, 96.7209396362, 70.5083694458, 109.458724976, 98.3951644897, 144.891738892, 61.9157600403, 62.2971229553, 28.1464710236], [-602.61138916, 370.207794189, 106.047798157, -61.7252044678, 143.874160767, 23.6739616394, 123.114486694, 42.6356697083, 150.756866455, 61.9157600403, 151.826339722, 39.6613960266, 75.4405212402], [-31.6756916046, -229.194366455, 28.2869930267, 7.6822218895, 5.10466575623, 61.5657730103, 20.9994029999, 59.8008613586, 23.5529937744, 62.2971229553, 39.6613960266, 98.72996521, 23.254365921], [-561.826721191, 310.384368896, 68.0250549316, -85.5540542603, 66.7847061157, 2.42409062386, 74.8707733154, 16.5965309143, 96.0178985596, 28.1464710236, 75.4405212402, 23.254365921, 100.786071777]],
        "icov": [[0.00016019733448, -8.0111582065e-05, 7.6508440543e-05, -0.000333643198246, 7.52124324208e-05, 0.000117606163258, 0.000112252178951, -5.5091251852e-05, 2.1927877242e-05, -5.41925219295e-05, 0.000327192363329, -0.000424433557782, 0.000525147246663], [-8.0111582065e-05, 0.00107784965076, -0.000526582181919, 0.00109890871681, -0.000947196444031, 0.00032267314964, 0.000217818742385, 0.000723672565073, -0.000687085208483, 0.00136731786188, -0.00146235513967, 0.00208874116652, -0.00125341233797], [7.6508440543e-05, -0.000526582181919, 0.00174918409903, -0.000803509552497, 0.000396255927626, -0.000913357245736, -0.00127553544007, 0.00139331864193, -0.000444023840828, -0.000881333544385, 0.00133345788345, -0.00170505815186, 0.000727439415641], [-0.000333643198246, 0.00109890871681, -0.000803509552497, 0.00373779749498, -0.00229446706362, -0.000246804876952, -0.0005122415605, 4.88977675559e-05, 0.00159861566499, 0.000643574516289, -0.00142747303471, 0.00273194024339, -0.000894643191714], [7.52124324208e-05, -0.000947196444031, 0.000396255927626, -0.00229446706362, 0.00453256303445, -0.00188749423251, -0.000148192280903, -0.000388905435102, -0.00231867865659, 0.00172791990917, -0.000980861950666, -0.00130176672246, 0.00109819415957], [0.000117606163258, 0.00032267314964, -0.000913357245736, -0.000246804876952, -0.00188749423251, 0.00921903923154, -0.00326469447464, -0.00290595227852, 0.00112538458779, -0.00256404560059, 0.00405106972903, -0.00269801635295, 0.001235707663], [0.000112252178951, 0.000217818742385, -0.00127553544007, -0.0005122415605, -0.000148192280903, -0.00326469447464, 0.0109647689387, -0.00465684430674, -0.00198640767485, 0.00378289376386, -0.00572325382382, 0.00451071327552, -0.00274157477543], [-5.5091251852e-05, 0.000723672565073, 0.00139331864193, 4.88977675559e-05, -0.000388905435102, -0.00290595227852, -0.00465684430674, 0.0169209185988, -0.00600349903107, -0.00468738796189, 0.00496114091948, -0.00420625787228, 0.00185148837045], [2.1927877242e-05, -0.000687085208483, -0.000444023840828, 0.00159861566499, -0.00231867865659, 0.00112538458779, -0.00198640767485, -0.00600349903107, 0.0161515288055, -0.00559864426032, -0.0054213963449, 0.00443723192438, -0.00292111234739], [-5.41925219295e-05, 0.00136731786188, -0.000881333544385, 0.000643574516289, 0.00172791990917, -0.00256404560059, 0.00378289376386, -0.00468738796189, -0.00559864426032, 0.0198332387954, -0.00749085564166, -0.00106734584551, -0.000845114758704], [0.000327192363329, -0.00146235513967, 0.00133345788345, -0.00142747303471, -0.000980861950666, 0.00405106972903, -0.00572325382382, 0.00496114091948, -0.0054213963449, -0.00749085564166, 0.0254329424351, -0.0118205230683, -0.000849991803989], [-0.000424433557782, 0.00208874116652, -0.00170505815186, 0.00273194024339, -0.00130176672246, -0.00269801635295, 0.00451071327552, -0.00420625787228, 0.00443723192438, -0.00106734584551, -0.0118205230683, 0.024663284421, -0.00783126801252], [0.000525147246663, -0.00125341233797, 0.000727439415641, -0.000894643191714, 0.00109819415957, 0.001235707663, -0.00274157477543, 0.00185148837045, -0.00292111234739, -0.000845114758704, -0.000849991803989, -0.00783126801252, 0.0218954402953]]
    },
    "melbands": {
        "dmean": [0.00797287933528, 0.00359876197763, 0.00144868111238, 0.000564351386856, 0.000467169797048, 0.000280028616544, 0.000173227905179, 0.000135295078508, 0.000190411315998, 0.000121858167404, 8.20504574222e-05, 4.98813424201e-05, 4.64019176434e-05, 3.87641121051e-05, 2.80009244307e-05, 1.36004091473e-05, 1.13502501335e-05, 9.55683935899e-06, 1.02537042039e-05, 9.0501480372e-06, 8.73670251167e-06, 6.19193042439e-06, 5.29470935362e-06, 5.17187345395e-06, 3.40938345289e-06, 2.32760567087e-06, 2.62912089966e-06, 2.05519677365e-06, 1.84904615708e-06, 2.35032985074e-06, 1.9670283109e-06, 1.90251819276e-06, 1.72903753537e-06, 1.81500706731e-06, 1.48861192883e-06, 1.1796163335e-06, 1.07975540686e-06, 1.04862658645e-06, 8.00386885658e-07, 6.12670532973e-07],
        "dmean2": [0.00785335712135, 0.00483427941799, 0.00255553540774, 0.00096528918948, 0.00080910284305, 0.00046606711112, 0.00027873806539, 0.000230408972129, 0.000300782034174, 0.000202184004593, 0.000133418550831, 8.59454958118e-05, 8.31133074826e-05, 6.67084314045e-05, 4.75795823149e-05, 2.25718868023e-05, 1.81044324563e-05, 1.55102443387e-05, 1.72582113009e-05, 1.49564793901e-05, 1.36690186991e-05, 9.68675703916e-06, 8.27574785944e-06, 8.47047249408e-06, 5.44139811609e-06, 3.66783115169e-06, 4.28884459325e-06, 3.21287893712e-06, 2.93208972835e-06, 3.76176808459e-06, 3.10082759825e-06, 3.06561901198e-06, 2.65808989752e-06, 2.80848962575e-06, 2.2317933599e-06, 1.79240964826e-06, 1.62819537763e-06, 1.62478693255e-06, 1.22360597743e-06, 9.44251269175e-07],
        "dvar": [0.000188612131751, 5.21020119777e-05, 1.01186160464e-05, 1.05913511561e-06, 1.5070753534e-06, 3.00511231899e-07, 1.1354074303e-07, 7.32317957386e-08, 1.27368835479e-07, 4.70503529471e-08, 2.40678641461e-08, 9.77727410145e-09, 1.40904754531e-08, 7.04051528189e-09, 3.49176554337e-09, 1.66767100129e-09, 9.15656495071e-10, 6.40954012088e-10, 8.1689299769e-10, 8.67061533683e-10, 7.51634809948e-10, 3.62452290403e-10, 1.8321774653e-10, 1.43422329568e-10, 6.31087057612e-11, 2.54996943699e-11, 3.14523580791e-11, 1.83763004813e-11, 1.50009796251e-11, 2.63761703451e-11, 1.78714924803e-11, 1.76249501105e-11, 1.3880389893e-11, 1.5716502752e-11, 1.00205252082e-11, 7.84221732691e-12, 5.90802623837e-12, 5.01047727614e-12, 2.62418624157e-12, 1.43051260941e-12],
        "dvar2": [0.000200004316866, 0.000117368508654, 2.76262562693e-05, 2.81709435512e-06, 4.24006884714e-06, 8.027259355e-07, 2.71491444437e-07, 1.85642704764e-07, 2.78277695998e-07, 1.13670893143e-07, 6.05598557968e-08, 2.46541613791e-08, 3.83420548644e-08, 1.88629289966e-08, 9.22523923919e-09, 4.47452253027e-09, 2.27526841812e-09, 1.4770792367e-09, 2.11936757033e-09, 2.16761586458e-09, 1.61586410918e-09, 8.8174650914e-10, 4.08991229772e-10, 3.64600627467e-10, 1.5810314169e-10, 6.16203893467e-11, 7.56389395562e-11, 4.12923618909e-11, 3.5731941711e-11, 6.24671633864e-11, 4.18268093771e-11, 4.25314644614e-11, 3.05442927895e-11, 3.47960375791e-11, 2.01383215659e-11, 1.5986512461e-11, 1.21576481521e-11, 1.07327549626e-11, 5.18671780872e-12, 3.0242969587e-12],
        "max": [0.12327298522, 0.0658406242728, 0.0304925590754, 0.0189433749765, 0.0197304133326, 0.0136111481115, 0.0124657554552, 0.00703924614936, 0.0147741660476, 0.00675962818787, 0.00420059543103, 0.00347904791124, 0.00284454319626, 0.00123210449237, 0.000789502693806, 0.00179301213939, 0.00115496409126, 0.000393809517846, 0.000437294278527, 0.000268687028438, 0.000436929083662, 0.000274656427791, 0.000183735930477, 0.000171550971572, 0.000109634784167, 0.0001264125749, 0.000108488442493, 0.000114111826406, 5.73865363549e-05, 8.4256826085e-05, 4.26028964284e-05, 4.72225692647e-05, 6.03116313869e-05, 4.78040892631e-05, 6.56151169096e-05, 5.42518137081e-05, 4.16678449255e-05, 2.39577111643e-05, 1.41086802614e-05, 1.36046965054e-05],
        "mean": [0.0184429530054, 0.00667774910107, 0.00165464938618, 0.000725276942831, 0.000528364442289, 0.000447166064987, 0.000333844975103, 0.000180011353223, 0.000338694750099, 0.000189944228623, 0.000118848314742, 6.2318307755e-05, 4.20172109443e-05, 4.24763566116e-05, 3.12865849992e-05, 1.60600520758e-05, 1.42684357343e-05, 1.07587911771e-05, 1.06473280539e-05, 8.34984984976e-06, 8.79697745404e-06, 6.12598978478e-06, 5.54028883926e-06, 5.04137778989e-06, 3.33609114023e-06, 2.43534327637e-06, 2.48654851021e-06, 2.32964703173e-06, 1.90157618363e-06, 2.38121128859e-06, 1.99179135052e-06, 1.87951354746e-06, 2.09170207199e-06, 2.05418791666e-06, 1.83765735073e-06, 1.61600280535e-06, 1.26181839732e-06, 1.11039571493e-06, 8.85834083419e-07, 6.94393349931e-07],
