{
"highlevel": {
    "danceability": {
        "all": {
            "danceable": 0.986333489418,
            "not_danceable": 0.0136665189639
        },
        "probability": 0.986333489418,
        "value": "danceable"
    },
    "gender": {
        "all": {
            "female": 0.796574413776,
            "male": 0.203425601125
        },
        "probability": 0.796574413776,
        "value": "female"
    },
    "genre_electronic": {
        "all": {
            "ambient": 0.138527020812,
            "dnb": 0.0225194916129,
            "house": 0.0411024615169,
            "techno": 0.00466781994328,
            "trance": 0.793183207512
        },
        "probability": 0.793183207512,
        "value": "trance"
    },
    "mood_acoustic": {
        "all": {
            "acoustic": 0.0152674270794,
            "not_acoustic": 0.984732568264
        },
        "probability": 0.984732568264,
        "value": "not_acoustic"
    },
    "mood_aggressive": {
        "all": {
            "aggressive": 0.204501077533,
            "not_aggressive": 0.795498907566
        },
        "probability": 0.795498907566,
        "value": "not_aggressive"
    },
    "mood_electronic": {
        "all": {
            "electronic": 0.960740566254,
            "not_electronic": 0.0392594151199
        },
        "probability": 0.960740566254,
        "value": "electronic"
    },
    "mood_happy": {
        "all": {
            "happy": 0.258242189884,
            "not_happy": 0.741757810116
        },
        "probability": 0.741757810116,
        "value": "not_happy"
    },
    "mood_party": {
        "all": {
            "not_party": 0.152324154973,
            "party": 0.847675859928
        },
        "probability": 0.847675859928,
        "value": "party"
    },
    "mood_relaxed": {
        "all": {
            "not_relaxed": 0.841901063919,
            "relaxed": 0.15809892118
        },
        "probability": 0.841901063919,
        "value": "not_relaxed"
    },
    "mood_sad": {
        "all": {
            "not_sad": 0.98030012846,
            "sad": 0.0196998696774
        },
        "probability": 0.98030012846,
        "value": "not_sad"
    },
    "moods_mirex": {
        "all": {
            "Cluster1": 0.102914258838,
            "Cluster2": 0.10312448442,
            "Cluster3": 0.114240504801,
            "Cluster4": 0.526381015778,
            "Cluster5": 0.153339728713
        },
        "probability": 0.526381015778,
        "value": "Cluster4"
    },
    "timbre": {
        "all": {
            "bright": 0.00642510317266,
            "dark": 0.993574917316
        },
        "probability": 0.993574917316,
        "value": "dark"
    },
    "tonal_atonal": {
        "all": {
            "atonal": 0.965238392353,
            "tonal": 0.0347616150975
        },
        "probability": 0.965238392353,
        "value": "atonal"
    },
    "voice_instrumental": {
        "all": {
            "instrumental": 0.0269016027451,
            "voice": 0.973098397255
        },
        "probability": 0.973098397255,
        "value": "voice"
    }
},
"lowlevel": {
    "average_loudness": 0.830652356148,
    "barkbands_crest": {
        "dmean": 2.39963650703,
        "dmean2": 4.05916213989,
        "dvar": 7.10736131668,
        "dvar2": 20.2340373993,
        "max": 25.4252109528,
        "mean": 11.4830293655,
        "median": 10.3141212463,
        "min": 2.37491869926,
        "stdev": 5.17430877686,
        "var": 26.7734699249
    },
    "barkbands_flatness_db": {
        "dmean": 0.0157737247646,
        "dmean2": 0.0262157786638,
        "dvar": 0.000291641423246,
        "dvar2": 0.000830605393276,
        "max": 0.400314301252,
        "mean": 0.119468808174,
        "median": 0.112792886794,
        "min": 0.0174094550312,
        "stdev": 0.0534871332347,
        "var": 0.00286087323911
    },
    "barkbands_kurtosis": {
        "dmean": 1.60506796837,
        "dmean2": 2.70277714729,
        "dvar": 6.55136394501,
        "dvar2": 16.238067627,
        "max": 47.1280212402,
        "mean": 2.91730356216,
        "median": 1.2160615921,
        "min": -1.89303910732,
        "stdev": 4.81012105942,
        "var": 23.1372642517
    },
    "barkbands_skewness": {
        "dmean": 0.408605128527,
        "dmean2": 0.678723573685,
        "dvar": 0.241448223591,
        "dvar2": 0.604661285877,
        "max": 6.0777592659,
        "mean": 1.38223612309,
        "median": 1.17430210114,
        "min": -3.85478401184,
        "stdev": 1.13159203529,
        "var": 1.2805005312
    },
    "barkbands_spread": {
        "dmean": 5.28927183151,
        "dmean2": 8.73100948334,
        "dvar": 44.0627784729,
        "dvar2": 114.760192871,
        "max": 110.400184631,
        "mean": 26.671672821,
        "median": 23.7752799988,
        "min": 2.62154507637,
        "stdev": 13.5397720337,
        "var": 183.325439453
    },
    "dissonance": {
        "dmean": 0.0176147595048,
        "dmean2": 0.0302348937839,
        "dvar": 0.000311796611641,
        "dvar2": 0.0008740889607,
        "max": 0.499999970198,
        "mean": 0.472358882427,
        "median": 0.479529052973,
        "min": 0.279390692711,
        "stdev": 0.0250308606774,
        "var": 0.000626543944236
    },
    "dynamic_complexity": 3.34221076965,
    "erbbands_crest": {
        "dmean": 3.2400226593,
        "dmean2": 5.4201169014,
        "dvar": 10.0620670319,
        "dvar2": 25.383058548,
        "max": 29.9433326721,
        "mean": 9.32223892212,
        "median": 7.97472858429,
        "min": 2.13321399689,
        "stdev": 5.04609966278,
        "var": 25.4631214142
    },
    "erbbands_flatness_db": {
        "dmean": 0.0165899563581,
        "dmean2": 0.0271469168365,
        "dvar": 0.000393353024265,
        "dvar2": 0.000996832619421,
        "max": 0.412224203348,
        "mean": 0.147373333573,
        "median": 0.127875000238,
        "min": 0.0422002524137,
        "stdev": 0.0653849244118,
        "var": 0.00427518831566
    },
    "erbbands_kurtosis": {
        "dmean": 0.852852940559,
        "dmean2": 1.4471218586,
        "dvar": 1.51366591454,
        "dvar2": 4.22846794128,
        "max": 18.838350296,
        "mean": 0.320291221142,
        "median": -0.254065990448,
        "min": -1.76714611053,
        "stdev": 1.67944955826,
        "var": 2.82055091858
    },
    "erbbands_skewness": {
        "dmean": 0.369385629892,
        "dmean2": 0.60725903511,
        "dvar": 0.154855057597,
        "dvar2": 0.404401183128,
        "max": 3.89774155617,
        "mean": 0.485377311707,
        "median": 0.409346789122,
        "min": -2.55317854881,
        "stdev": 0.643775224686,
        "var": 0.414446532726
    },
    "erbbands_spread": {
        "dmean": 6.8843255043,
        "dmean2": 11.242020607,
        "dvar": 49.7206573486,
        "dvar2": 124.221977234,
        "max": 101.847114563,
        "mean": 39.0867881775,
        "median": 39.8877906799,
        "min": 3.82592725754,
        "stdev": 16.1233215332,
        "var": 259.961486816
    },
    "hfc": {
        "dmean": 6.62013864517,
        "dmean2": 10.8420791626,
        "dvar": 126.400993347,
        "dvar2": 332.768249512,
        "max": 134.313400269,
        "mean": 30.6841983795,
        "median": 30.0979785919,
        "min": 1.14952720626e-16,
        "stdev": 21.4963417053,
        "var": 462.092681885
    },
    "loudness_ebu128": {
        "integrated": -5.38745594025,
        "loudness_range": 6.7094168663,
        "momentary": {
            "dmean": 0.220975473523,
            "dmean2": 0.185429304838,
            "dvar": 0.148608118296,
            "dvar2": 0.0597646422684,
            "max": -2.64302778244,
            "mean": -7.15495967865,
            "median": -5.50112056732,
            "min": -62.0334777832,
            "stdev": 6.25284767151,
            "var": 39.0981063843
        },
        "short_term": {
            "dmean": 0.0641066133976,
            "dmean2": 0.0318939052522,
            "dvar": 0.0113466512412,
            "dvar2": 0.0012383509893,
            "max": -3.27579569817,
            "mean": -6.62788105011,
            "median": -5.40594291687,
            "min": -44.5753555298,
            "stdev": 4.31826782227,
            "var": 18.6474380493
        }
    },
    "melbands_crest": {
        "dmean": 3.11777496338,
        "dmean2": 5.0328245163,
        "dvar": 12.3976068497,
        "dvar2": 29.8236541748,
        "max": 34.1539611816,
        "mean": 17.5108547211,
        "median": 15.7759971619,
        "min": 1.32617902756,
        "stdev": 8.11131286621,
        "var": 65.7933959961
    },
    "melbands_flatness_db": {
        "dmean": 0.0187362879515,
        "dmean2": 0.0301979985088,
        "dvar": 0.000420031981776,
        "dvar2": 0.00103217957076,
        "max": 0.508813679218,
        "mean": 0.177073463798,
        "median": 0.182751730084,
        "min": 0.000586904061493,
        "stdev": 0.0635355040431,
        "var": 0.00403675995767
    },
    "melbands_kurtosis": {
        "dmean": 5.19994401932,
        "dmean2": 8.78364276886,
        "dvar": 65.7057418823,
        "dvar2": 164.916000366,
        "max": 131.78956604,
        "mean": 12.0404453278,
        "median": 5.98714637756,
        "min": -1.69868564606,
        "stdev": 14.752196312,
        "var": 217.627288818
    },
    "melbands_skewness": {
        "dmean": 0.655455946922,
        "dmean2": 1.08911132812,
        "dvar": 0.617281615734,
        "dvar2": 1.49545919895,
        "max": 10.2430810928,
        "mean": 2.51001644135,
        "median": 2.07079362869,
        "min": -1.71573197842,
        "stdev": 1.71579766273,
        "var": 2.94396162033
    },
    "melbands_spread": {
        "dmean": 6.59012174606,
        "dmean2": 10.877743721,
        "dvar": 83.5451126099,
        "dvar2": 207.278396606,
        "max": 213.703887939,
        "mean": 26.9443492889,
        "median": 22.8081150055,
        "min": 1.89356732368,
        "stdev": 17.3238773346,
        "var": 300.116699219
    },
    "pitch_salience": {
        "dmean": 0.0588975101709,
        "dmean2": 0.0962889939547,
        "dvar": 0.00382337253541,
        "dvar2": 0.00922182388604,
        "max": 0.981472969055,
        "mean": 0.508177518845,
        "median": 0.514641284943,
        "min": 0.130251437426,
        "stdev": 0.141877055168,
        "var": 0.0201290976256
    },
    "silence_rate_20dB": {
        "dmean": 0,
        "dmean2": 0,
        "dvar": 0,
        "dvar2": 0,
        "max": 1,
        "mean": 1,
        "median": 1,
        "min": 1,
        "stdev": 0,
        "var": 0
    },
    "silence_rate_30dB": {
        "dmean": 0,
        "dmean2": 0,
        "dvar": 0,
        "dvar2": 0,
        "max": 1,
        "mean": 1,
        "median": 1,
        "min": 1,
        "stdev": 0,
        "var": 0
    },
    "silence_rate_60dB": {
        "dmean": 0.00541711831465,
        "dmean2": 0.010835214518,
        "dvar": 0.00538890017197,
        "dvar2": 0.0127063570544,
        "max": 1,
        "mean": 0.0723119974136,
        "median": 0,
        "min": 0,
        "stdev": 0.258984297514,
        "var": 0.0670728683472
    },
    "spectral_centroid": {
        "dmean": 234.067352295,
        "dmean2": 381.010101318,
        "dvar": 63815.9296875,
        "dvar2": 157130.8125,
        "max": 11721.375,
        "mean": 1662.62060547,
        "median": 1661.73083496,
        "min": 491.073425293,
        "stdev": 544.702148438,
        "var": 296700.40625
    },
    "spectral_complexity": {
        "dmean": 3.36403036118,
        "dmean2": 5.560090065,
        "dvar": 9.52053642273,
        "dvar2": 24.7062187195,
        "max": 55,
        "mean": 25.3462123871,
        "median": 28,
        "min": 0,
        "stdev": 11.8421945572,
        "var": 140.237579346
    },
    "spectral_decrease": {
        "dmean": 1.67387392835e-09,
        "dmean2": 2.71657363271e-09,
        "dvar": 7.30103853917e-18,
        "dvar2": 1.85253434385e-17,
        "max": 2.82000530525e-29,
        "mean": -9.88711956751e-09,
        "median": -7.03534697166e-09,
        "min": -2.68091842059e-08,
        "stdev": 7.68766206249e-09,
        "var": 5.91001423253e-17
    },
    "spectral_energy": {
        "dmean": 0.00658363569528,
        "dmean2": 0.0107974950224,
        "dvar": 0.000113872985821,
        "dvar2": 0.000296139653074,
        "max": 0.109933897853,
        "mean": 0.0400993637741,
        "median": 0.0294026453048,
        "min": 1.03201040394e-20,
        "stdev": 0.0300013739616,
        "var": 0.000900082406588
    },
    "spectral_energyband_high": {
        "dmean": 0.000455758126918,
        "dmean2": 0.000731326232199,
        "dvar": 7.13530766916e-07,
        "dvar2": 1.79908920472e-06,
        "max": 0.0124195404351,
        "mean": 0.00189829699229,
        "median": 0.00183948606718,
        "min": 7.45867546649e-21,
        "stdev": 0.00178156839684,
        "var": 3.17398576044e-06
    },
    "spectral_energyband_low": {
        "dmean": 0.00479145813733,
        "dmean2": 0.00732028996572,
        "dvar": 0.000106468403828,
        "dvar2": 0.000187722631381,
        "max": 0.0863659009337,
        "mean": 0.0209042467177,
        "median": 0.00803315918893,
        "min": 5.8292112974e-23,
        "stdev": 0.0258948355913,
        "var": 0.000670542533044
    },
    "spectral_energyband_middle_high": {
        "dmean": 0.00223748362623,
        "dmean2": 0.00355945224874,
        "dvar": 1.170311225e-05,
        "dvar2": 2.71771459666e-05,
        "max": 0.0502143464983,
        "mean": 0.00691523775458,
        "median": 0.00603751232848,
        "min": 1.46311912736e-21,
        "stdev": 0.00561245484278,
        "var": 3.1499646866e-05
    },
    "spectral_energyband_middle_low": {
        "dmean": 0.00594308087602,
        "dmean2": 0.0103210611269,
        "dvar": 0.000160086026881,
        "dvar2": 0.000445706391474,
        "max": 0.0978634729981,
        "mean": 0.0109955230728,
        "median": 0.00829967390746,
        "min": 2.4996608998e-22,
        "stdev": 0.0124349426478,
        "var": 0.000154627792654
    },
    "spectral_entropy": {
        "dmean": 0.104943528771,
        "dmean2": 0.171381518245,
        "dvar": 0.0140084419399,
        "dvar2": 0.0352613851428,
        "max": 9.81099224091,
        "mean": 7.90392446518,
        "median": 8.10723781586,
        "min": 6.0508646965,
        "stdev": 0.448876976967,
        "var": 0.201490536332
    },
    "spectral_flux": {
        "dmean": 0.02407893911,
        "dmean2": 0.0389504097402,
        "dvar": 0.00143566331826,
        "dvar2": 0.00318052759394,
        "max": 0.370254695415,
        "mean": 0.0904579162598,
        "median": 0.0778242498636,
        "min": 6.75874148315e-11,
        "stdev": 0.0572401434183,
        "var": 0.00327643402852
    },
    "spectral_kurtosis": {
        "dmean": 1.21976733208,
        "dmean2": 2.1340303421,
        "dvar": 5.84334421158,
        "dvar2": 18.722454071,
        "max": 61.1325531006,
        "mean": 3.60223674774,
        "median": 2.42696046829,
        "min": -1.21641135216,
        "stdev": 3.70494031906,
        "var": 13.7265825272
    },
    "spectral_rms": {
        "dmean": 0.000527492840774,
        "dmean2": 0.000858359562699,
        "dvar": 5.5937016441e-07,
        "dvar2": 1.45484750647e-06,
        "max": 0.0103562828153,
        "mean": 0.00571125280112,
        "median": 0.00535588525236,
        "min": 3.17307334921e-12,
        "stdev": 0.00255008367822,
        "var": 6.5029266807e-06
    },
    "spectral_rolloff": {
        "dmean": 521.316833496,
        "dmean2": 881.260070801,
        "dvar": 705736.25,
        "dvar2": 1668811.375,
        "max": 18949.21875,
        "mean": 1685.35266113,
        "median": 1141.25976562,
        "min": 64.599609375,
        "stdev": 1642.76452637,
        "var": 2698675.25
    },
    "spectral_skewness": {
        "dmean": 0.156133636832,
        "dmean2": 0.264020144939,
        "dvar": 0.0410855896771,
        "dvar2": 0.121964275837,
        "max": 5.07043218613,
        "mean": 1.39546740055,
        "median": 1.31710076332,
        "min": -0.0824633017182,
        "stdev": 0.364570945501,
        "var": 0.132911980152
    },
    "spectral_spread": {
        "dmean": 345050.25,
        "dmean2": 538735.9375,
        "dvar": 237081247744,
        "dvar2": 447495208960,
        "max": 40248512,
        "mean": 5286795.5,
        "median": 5881715.5,
        "min": 950249.75,
        "stdev": 1830518.375,
        "var": 3.35079774618e+12
    },
    "spectral_strongpeak": {
        "dmean": 0.517520487309,
        "dmean2": 0.907474458218,
        "dvar": 0.73276925087,
        "dvar2": 2.00466275215,
        "max": 9.24210929871,
        "mean": 0.88744944334,
        "median": 0.587176263332,
        "min": 0,
        "stdev": 1.02514278889,
        "var": 1.05091774464
    },
    "zerocrossingrate": {
        "dmean": 0.00984938535839,
        "dmean2": 0.0112263681367,
        "dvar": 0.000136670889333,
        "dvar2": 0.000152758671902,
        "max": 0.51171875,
        "mean": 0.0713275894523,
        "median": 0.06005859375,
        "min": 0.00341796875,
        "stdev": 0.0429517626762,
        "var": 0.00184485386126
    },
    "barkbands": {
        "dmean": [0.00077362335287, 0.00413215393201, 0.000604991102591, 0.000460859329905, 0.000616525881924, 0.000514589366503, 0.00167816132307, 0.0037302763667, 0.00109671149403, 0.00110959680751, 0.00104578770697, 0.000629517540801, 0.00027858428075, 0.000235503845033, 0.000225081370445, 0.000154787368956, 0.000187962054042, 0.000156434995006, 0.000135632173624, 0.000120626420539, 0.000104007696791, 0.000117319948913, 0.000120129036077, 0.000133204346639, 8.2011167251e-05, 4.38364804722e-05, 2.53060784416e-06],
        "dmean2": [0.0012252307497, 0.00622695870697, 0.00101158116013, 0.000738791190088, 0.000986299826764, 0.000830196077004, 0.00262980395928, 0.00660889642313, 0.00192447390873, 0.00179006275721, 0.00174287648406, 0.00103192927781, 0.000455747998785, 0.000396798597649, 0.000381006480893, 0.000259600870777, 0.000315122975735, 0.000261635548668, 0.000226601419854, 0.000206686047022, 0.000175944776856, 0.000193036961718, 0.000191343322513, 0.000218727102038, 0.000135258975206, 7.10017920937e-05, 4.27232953371e-06],
        "dvar": [4.9740428949e-06, 7.97536049504e-05, 1.45435240029e-06, 6.98990447745e-07, 1.4826317738e-06, 9.31057513753e-07, 1.58945676958e-05, 0.000106089821202, 6.43815337753e-06, 4.23777828473e-06, 4.52535505246e-06, 1.4245846387e-06, 3.18947911637e-07, 1.17878144579e-07, 1.10225641947e-07, 6.27424157074e-08, 4.91776184219e-08, 4.85937263761e-08, 2.98607751859e-08, 2.90692341309e-08, 2.0615685159e-08, 3.29130784849e-08, 4.57943052368e-08, 7.38333199024e-08, 2.37231141398e-08, 7.87009213354e-09, 3.00466283798e-11],
        "dvar2": [1.15037237265e-05, 0.000138090559631, 4.25505822932e-06, 1.83384020147e-06, 3.36707421411e-06, 2.27037639888e-06, 3.32974741468e-05, 0.000295607373118, 1.80401602847e-05, 1.02995973066e-05, 1.13617106763e-05, 3.24113011629e-06, 7.085994298e-07, 3.06399300598e-07, 2.92257510637e-07, 1.56702228082e-07, 1.3108935093e-07, 1.23829025256e-07, 8.05721285246e-08, 8.31437674265e-08, 5.83053143544e-08, 8.39658937934e-08, 1.00738326125e-07, 1.77125627943e-07, 5.94474123261e-08, 1.96648741735e-08, 8.05709943208e-11],
        "max": [0.0346722528338, 0.0763895213604, 0.0220798403025, 0.0114582115784, 0.0383200272918, 0.0211656540632, 0.0550618544221, 0.0866533070803, 0.0313117913902, 0.0277648679912, 0.0316575989127, 0.0283828917891, 0.0128805069253, 0.00764400418848, 0.00652233790606, 0.00875712651759, 0.00386817846447, 0.00562782166526, 0.00306900101714, 0.00191000581253, 0.00213605142199, 0.00437647290528, 0.00511249061674, 0.00532397953793, 0.00406368402764, 0.00177902774885, 0.000149313054862],
        "mean": [0.00204448564909, 0.0175104364753, 0.00103696610313, 0.000839779153466, 0.00126486085355, 0.000941023346968, 0.0024586180225, 0.00358415138908, 0.00129593256861, 0.00162049673963, 0.0015774773201, 0.00111851026304, 0.000494574487675, 0.000433493667515, 0.00042862209375, 0.000314149918268, 0.000386536878068, 0.000361666548997, 0.000349526293576, 0.00029542989796, 0.000310789531795, 0.000358595600119, 0.000345381849911, 0.000348531262716, 0.00024171808036, 0.000133260764414, 4.35795573139e-06],
        "median": [0.00028131165891, 0.00588751491159, 0.000735784007702, 0.000401223893277, 0.000693665468134, 0.000527723052073, 0.000901253079064, 0.000962181016803, 0.000535228697117, 0.000749484344851, 0.000604127708357, 0.000518849934451, 0.000267447729129, 0.000275084341411, 0.00028682599077, 0.000229415629292, 0.000307286594762, 0.000301506224787, 0.000297643535305, 0.000264777801931, 0.000288779381663, 0.000327329675201, 0.000274493620964, 0.00026272147079, 0.000209047721, 0.000106929117464, 2.35115567193e-06],
        "min": [2.98839778825e-24, 1.80216772633e-23, 1.16685828077e-23, 4.8029571389e-24, 1.46240139015e-23, 3.82210839416e-23, 2.12137981832e-23, 1.52238700447e-23, 7.10558571769e-23, 1.13431997724e-23, 4.02779882649e-23, 4.64966134906e-23, 5.638717166e-23, 9.79523852847e-23, 8.55776757258e-23, 1.37755144808e-22, 9.26917495869e-23, 1.5130742175e-22, 1.93551352365e-22, 2.56077603672e-22, 3.32061544344e-22, 4.38407542189e-22, 4.4778743914e-22, 7.27838614074e-22, 1.21235637622e-21, 1.31237636593e-21, 2.23494144482e-21],
        "stdev": [0.00366975646466, 0.0229042824358, 0.00125895114616, 0.00108363491017, 0.00167573953513, 0.00138839497231, 0.00504442909732, 0.00875958520919, 0.00256632990204, 0.00247974088416, 0.00277232634835, 0.00201639044099, 0.000858420098666, 0.000565294991247, 0.00046631283476, 0.000363916769857, 0.00034927384695, 0.000332920375513, 0.000304432294797, 0.000255330931395, 0.000292891636491, 0.000358781398972, 0.000405867234804, 0.00042468259926, 0.000277312268736, 0.000160710143973, 7.73728334025e-06],
        "var": [1.34671117848e-05, 0.000524606148247, 1.58495799951e-06, 1.1742646393e-06, 2.80810286313e-06, 1.92764059648e-06, 2.54462647717e-05, 7.67303281464e-05, 6.58604903947e-06, 6.14911459706e-06, 7.6857932072e-06, 4.06583058066e-06, 7.36885112929e-07, 3.19558409956e-07, 2.17447663431e-07, 1.32435417299e-07, 1.21992215441e-07, 1.10835969735e-07, 9.26790164613e-08, 6.51938805163e-08, 8.578551558e-08, 1.28724096271e-07, 1.64728220398e-07, 1.80355300472e-07, 7.69020900293e-08, 2.58277488285e-08, 5.98655500172e-11]
    },
    "erbbands": {
        "dmean": [0.186951190233, 0.740984678268, 0.781623125076, 1.13091027737, 1.79578006268, 2.10691833496, 2.80573678017, 4.63151407242, 17.6806411743, 45.2984046936, 76.3839950562, 25.623550415, 24.2850646973, 47.7581710815, 31.0112018585, 24.7787723541, 12.7704486847, 11.8140106201, 10.7921895981, 9.48567390442, 8.85471630096, 8.46523571014, 8.53638839722, 6.91662454605, 6.71672964096, 5.02993011475, 5.19981098175, 4.00598812103, 4.20977735519, 3.76485466957, 3.67649888992, 3.09208846092, 2.13087892532, 1.11463558674, 0.546748220921, 0.222326561809, 0.0817656517029, 0.0121072977781, 0.000244041904807, 1.3875987861e-05],
        "dmean2": [0.266616493464, 1.14316821098, 1.2777493, 1.83708381653, 2.87953805923, 3.38456010818, 4.55670690536, 7.45080471039, 27.5067119598, 76.7254943848, 139.211517334, 45.2219657898, 39.6375465393, 75.5016784668, 52.6590118408, 41.2358016968, 20.7064819336, 19.5652103424, 18.1951122284, 15.9002323151, 14.8379030228, 14.0334949493, 14.2540140152, 11.4190168381, 11.2804269791, 8.53195667267, 9.01569461823, 6.63196182251, 6.91558218002, 6.25094032288, 5.79976701736, 5.05792093277, 3.51425266266, 1.8546859026, 0.900403082371, 0.362792313099, 0.132320895791, 0.0190147887915, 0.000386392144719, 2.27696582442e-05],
        "dvar": [0.213561594486, 2.09000110626, 2.26481890678, 4.33559370041, 12.0761022568, 22.5252990723, 29.4671764374, 86.76197052, 2175.61694336, 10982.9755859, 50361.8242188, 3830.90429688, 1664.18395996, 13636.8349609, 4326.45703125, 2063.08007812, 550.687133789, 338.130310059, 332.815734863, 172.661911011, 150.468170166, 107.524650574, 149.825256348, 93.1389846802, 80.4432601929, 45.9734573364, 74.0231933594, 33.3985557556, 40.9718894958, 38.5868911743, 46.0632591248, 41.3644676208, 19.6456832886, 4.3642911911, 1.01180183887, 0.171326294541, 0.0291887521744, 0.00067939289147, 2.67618645466e-07, 5.35924749023e-10],
        "dvar2": [0.311579823494, 4.35398435593, 6.31560325623, 11.5543193817, 28.8630199432, 51.5119285583, 77.3804550171, 209.588165283, 4897.29150391, 28261.7695312, 145266.984375, 10922.4287109, 4344.47998047, 29858.3203125, 11746.8066406, 5247.76904297, 1289.71813965, 811.903015137, 859.426025391, 445.7081604, 406.496582031, 279.170166016, 380.761749268, 243.025619507, 222.913635254, 129.123703003, 211.87979126, 91.2272720337, 105.463050842, 99.026512146, 99.8338394165, 95.1096038818, 49.6282501221, 11.0772781372, 2.4903345108, 0.438021510839, 0.0739865377545, 0.00149457028601, 6.02750901635e-07, 1.39604194871e-09],
        "max": [4.14977455139, 19.3832473755, 20.2593002319, 33.3072357178, 91.3711395264, 166.64491272, 107.697624207, 213.726135254, 654.831604004, 1295.72668457, 1670.51281738, 681.748168945, 661.55291748, 1686.27392578, 1464.3536377, 1380.1171875, 519.320922852, 443.531219482, 434.738433838, 325.43536377, 329.950714111, 190.616744995, 253.026565552, 235.392623901, 167.536972046, 98.884803772, 121.379951477, 95.0437850952, 132.598373413, 150.936569214, 156.290496826, 135.781845093, 103.15864563, 57.2006225586, 28.741727829, 9.93152713776, 4.10426187515, 0.822961866856, 0.0162160955369, 0.000440251256805],
        "mean": [0.862484097481, 2.46734642982, 1.56834864616, 2.2991964817, 3.63522982597, 3.80916571617, 5.28485822678, 8.05529308319, 25.8902339935, 57.8558616638, 72.9661483765, 31.0178909302, 40.6491165161, 65.6835250854, 54.4633255005, 46.6449050903, 25.4294509888, 23.4030990601, 21.0914096832, 20.1575546265, 19.766910553, 19.8017597198, 19.8591442108, 18.0332508087, 17.5448360443, 13.4138784409, 13.3176488876, 12.3331823349, 12.5775060654, 10.6866149902, 10.2353916168, 8.25020122528, 5.13758945465, 2.92066550255, 1.61531162262, 0.691041946411, 0.222187235951, 0.0320869423449, 0.000697420910001, 7.68468744354e-05],
        "median": [0.22206184268, 0.914210259914, 1.08223390579, 1.3502702713, 1.70228469372, 1.94477391243, 2.44969892502, 4.1583647728, 11.4819564819, 17.5878410339, 21.4112854004, 14.0497903824, 21.5421562195, 25.3840103149, 23.5183162689, 24.0909919739, 15.125202179, 15.4329519272, 15.6378803253, 15.1490793228, 16.1586170197, 16.2795143127, 16.1535224915, 15.4968481064, 15.1318054199, 12.3641080856, 11.9603710175, 11.2062721252, 11.3477640152, 9.26048755646, 7.87045240402, 5.9600777626, 3.87682342529, 2.39845895767, 1.37700510025, 0.575398504734, 0.170402213931, 0.0221521258354, 0.000505357456859, 6.21187282377e-05],
        "min": [5.54391097889e-22, 3.95271204155e-21, 9.77635234012e-21, 1.78915919165e-20, 1.81463086152e-20, 4.55415336857e-20, 1.54026781548e-19, 3.19537595883e-19, 3.31451400697e-19, 2.37909887922e-19, 4.39538393406e-19, 1.73952794777e-18, 1.06901224131e-18, 5.44476128577e-19, 1.75825242171e-18, 1.99482070022e-18, 2.56186314309e-18, 4.6868876552e-18, 7.39638020375e-18, 6.15207060626e-18, 7.0436985147e-18, 5.71469637583e-18, 8.50713818262e-18, 8.63781865733e-18, 9.20598172314e-18, 1.34377103511e-17, 1.44944129042e-17, 1.36329059506e-17, 1.82638120898e-17, 1.41635241155e-17, 1.22760534676e-17, 1.43181440244e-17, 1.25338302435e-17, 1.20239908555e-17, 8.12497825808e-18, 4.45986504095e-18, 2.53925360861e-18, 1.10172506318e-18, 3.02526523188e-19, 3.29239047988e-20],
        "stdev": [1.2270771265, 3.38431334496, 1.97092175484, 2.70110726357, 4.87562942505, 6.16456270218, 7.28577613831, 13.1523160934, 52.6144866943, 114.67956543, 182.545394897, 58.7595214844, 56.8246002197, 131.905212402, 104.516326904, 80.6215362549, 37.8298912048, 30.8589000702, 22.9976387024, 20.2826213837, 18.1995277405, 17.9058666229, 18.4544639587, 15.4709024429, 15.4179105759, 11.2146024704, 12.7796144485, 12.0605506897, 12.7245378494, 11.1510324478, 12.7029476166, 10.5998382568, 6.28365802765, 3.37359762192, 1.9208034277, 0.774930179119, 0.288230150938, 0.0483520515263, 0.000973480346147, 5.9149475419e-05],
        "var": [1.50571835041, 11.453576088, 3.88453245163, 7.29598093033, 23.7717628479, 38.0018348694, 53.08253479, 172.983428955, 2768.28417969, 13151.4023438, 33322.8203125, 3452.68139648, 3229.03540039, 17398.9863281, 10923.6621094, 6499.83154297, 1431.10070801, 952.271728516, 528.891418457, 411.384765625, 331.222839355, 320.620056152, 340.567260742, 239.348831177, 237.711975098, 125.767311096, 163.31854248, 145.456893921, 161.913864136, 124.345527649, 161.364883423, 112.356575012, 39.4843597412, 11.3811616898, 3.68948602676, 0.600516796112, 0.0830766260624, 0.00233792071231, 9.47663977513e-07, 3.4986602504e-09]
    },
    "gfcc": {
        "mean": [19.7283706665, 71.84425354, -124.557266235, 26.6749343872, -62.0722961426, 23.3437519073, -28.7901287079, 22.8840389252, -16.2175254822, 7.64882135391, -9.86384105682, 4.08015108109, -12.11003685],
        "cov": [[14696.1123047, -2332.44360352, 3222.10717773, 833.164672852, -581.776855469, 1343.78063965, 70.1228256226, 645.840393066, -437.207427979, 665.218078613, -648.189208984, 581.201660156, -355.434173584], [-2332.44360352, 2198.40893555, -506.623565674, 112.34853363, 430.906066895, -288.771759033, 267.968566895, -132.254058838, 261.218170166, -340.780609131, 417.050048828, -288.277435303, 213.484924316], [3222.10717773, -506.623565674, 1301.14099121, 406.836120605, 39.3935241699, 513.760131836, 50.6590156555, 229.344680786, -60.2859954834, 213.290466309, -134.955047607, 201.022415161, -38.7803153992], [833.164672852, 112.34853363, 406.836120605, 353.55557251, 152.63973999, 191.234237671, 69.6882553101, 64.2736053467, 15.6013822556, 14.5878810883, 11.1671247482, 29.5050029755, 42.4478111267], [-581.776855469, 430.906066895, 39.3935241699, 152.63973999, 344.416137695, 65.954284668, 147.249069214, 24.9939117432, 73.2485580444, -24.8939285278, 74.5606460571, -16.4438476562, 67.0173492432], [1343.78063965, -288.771759033, 513.760131836, 191.234237671, 65.954284668, 376.683685303, 84.6496734619, 151.701278687, -5.3495759964, 99.6002731323, -28.2780284882, 98.1316604614, -8.00671386719], [70.1228256226, 267.968566895, 50.6590156555, 69.6882553101, 147.249069214, 84.6496734619, 217.872817993, 67.116065979, 61.224357605, 2.1374309063, 42.0088539124, -12.2363834381, 21.0900821686], [645.840393066, -132.254058838, 229.344680786, 64.2736053467, 24.9939117432, 151.701278687, 67.116065979, 159.810089111, 56.5673904419, 71.9429779053, -5.68795585632, 33.577545166, -8.7481546402], [-437.207427979, 261.218170166, -60.2859954834, 15.6013822556, 73.2485580444, -5.3495759964, 61.224357605, 56.5673904419, 148.971542358, 10.51811409, 78.1817016602, -43.5843315125, 22.6233119965], [665.218078613, -340.780609131, 213.290466309, 14.5878810883, -24.8939285278, 99.6002731323, 2.1374309063, 71.9429779053, 10.51811409, 165.062957764, -38.8965034485, 69.9346542358, -41.4241485596], [-648.189208984, 417.050048828, -134.955047607, 11.1671247482, 74.5606460571, -28.2780284882, 42.0088539124, -5.68795585632, 78.1817016602, -38.8965034485, 181.673217773, -38.0180587769, 57.041305542], [581.201660156, -288.277435303, 201.022415161, 29.5050029755, -16.4438476562, 98.1316604614, -12.2363834381, 33.577545166, -43.5843315125, 69.9346542358, -38.0180587769, 138.913406372, 14.440322876], [-355.434173584, 213.484924316, -38.7803153992, 42.4478111267, 67.0173492432, -8.00671386719, 21.0900821686, -8.7481546402, 22.6233119965, -41.4241485596, 57.041305542, 14.440322876, 100.227081299]],
        "icov": [[0.000265011447482, -0.00033097944106, -0.000225723168114, -0.000369881949155, 0.000763569143601, -0.000275250175036, -0.000117993942695, -0.000587745045777, 0.000756960245781, -0.000516181054991, 0.00053161784308, -0.000385531951906, 0.000523876631632], [-0.00033097944106, 0.00409562187269, -0.0017261483008, 0.000966037565377, -0.00247340952046, 0.00305726379156, -0.00291537167504, 0.00352236907929, -0.00379653740674, 0.00489700306207, -0.00528701068833, 0.0038051889278, -0.00281388824806], [-0.000225723168114, -0.0017261483008, 0.00414078775793, -0.00236493418925, 0.000583060726058, -0.002912374679, 0.0021724763792, -0.00224974239245, 0.00161734630819, -0.0029695618432, 0.00278519978747, -0.0026477035135, 0.00140792957973], [-0.000369881949155, 0.000966037565377, -0.00236493418925, 0.00760630192235, -0.00335526443087, -0.000584783090744, 6.55571857351e-05, 0.00244289054535, -0.00189943856094, 0.00234025181271, -0.00142911297735, 0.00297099817544, -0.00332833337598], [0.000763569143601, -0.00247340952046, 0.000583060726058, -0.00335526443087, 0.00850984547287, -0.00238396041095, -0.00204288470559, -0.00126802432351, 0.00189433561172, -0.00346954818815, 0.00333241373301, -0.00245594419539, 0.00065716780955], [-0.000275250175036, 0.00305726379156, -0.002912374679, -0.000584783090744, -0.00238396041095, 0.01066987589, -0.00340809230693, -0.00207129865885, -0.000661158468574, 0.00361387990415, -0.00525804795325, 0.000840307213366, -0.000870300864335], [-0.000117993942695, -0.00291537167504, 0.0021724763792, 6.55571857351e-05, -0.00204288470559, -0.00340809230693, 0.0104548707604, -0.00458958139643, 0.00151741947047, -0.00271125882864, 0.00335126090795, -0.00196886784397, 0.00201065582223], [-0.000587745045777, 0.00352236907929, -0.00224974239245, 0.00244289054535, -0.00126802432351, -0.00207129865885, -0.00458958139643, 0.0196990761906, -0.0112711759284, 0.00266714207828, -0.002999429591, 0.00329015078023, -0.0032450503204], [0.000756960245781, -0.00379653740674, 0.00161734630819, -0.00189943856094, 0.00189433561172, -0.000661158468574, 0.00151741947047, -0.0112711759284, 0.0194305814803, -0.00844118092209, 0.000865027308464, 0.00103894760832, 0.00106210680678], [-0.000516181054991, 0.00489700306207, -0.0029695618432, 0.00234025181271, -0.00346954818815, 0.00361387990415, -0.00271125882864, 0.00266714207828, -0.00844118092209, 0.0183394439518, -0.00620493851602, -0.00153806235176, 0.00224865158089], [0.00053161784308, -0.00528701068833, 0.00278519978747, -0.00142911297735, 0.00333241373301, -0.00525804795325, 0.00335126090795, -0.002999429591, 0.000865027308464, -0.00620493851602, 0.0161667447537, -0.00395576329902, -0.000176349261892], [-0.000385531951906, 0.0038051889278, -0.0026477035135, 0.00297099817544, -0.00245594419539, 0.000840307213366, -0.00196886784397, 0.00329015078023, 0.00103894760832, -0.00153806235176, -0.00395576329902, 0.0191886816174, -0.0107277762145], [0.000523876631632, -0.00281388824806, 0.00140792957973, -0.00332833337598, 0.00065716780955, -0.000870300864335, 0.00201065582223, -0.0032450503204, 0.00106210680678, 0.00224865158089, -0.000176349261892, -0.0107277762145, 0.0209034886211]]
    },
    "melbands": {
        "dmean": [0.00134787964635, 0.000543158210348, 0.000197463450604, 0.000134067842737, 9.48977976805e-05, 0.00010758463759, 0.000295440317132, 0.000588900118601, 0.000573545286898, 0.000138619841891, 0.000119491262012, 0.000191121565877, 0.000119776457723, 7.35270659789e-05, 4.78948786622e-05, 2.49672375503e-05, 2.41419584199e-05, 1.80241331691e-05, 1.8350645405e-05, 1.1508699572e-05, 1.22413848658e-05, 1.04670725705e-05, 9.38892844715e-06, 7.46331215851e-06, 6.2654426074e-06, 5.70191878069e-06, 4.49004483016e-06, 3.68874839296e-06, 4.12143663198e-06, 3.03023443848e-06, 2.59741500486e-06, 2.86558497464e-06, 2.52155155067e-06, 2.13694102058e-06, 2.20499418901e-06, 2.38333223024e-06, 1.94264043785e-06, 1.7002784034e-06, 1.31750562105e-06, 9.41515338582e-07],
        "dmean2": [0.00197241990827, 0.000848880037665, 0.000318403646816, 0.000214113169932, 0.000152940527187, 0.000172788815689, 0.000457036891021, 0.00101381074637, 0.00104644882958, 0.000242018126301, 0.000195930639165, 0.000304660527036, 0.000203826784855, 0.000119002179417, 7.9143930634e-05, 4.10738502978e-05, 4.02455771109e-05, 3.03584165522e-05, 3.12236734317e-05, 1.92296975001e-05, 2.0628225684e-05, 1.74712677108e-05, 1.56627302204e-05, 1.25642591229e-05, 1.03740030681e-05, 9.65007711784e-06, 7.58502528697e-06, 6.28070756648e-06, 7.23426910554e-06, 5.11163489136e-06, 4.35066567661e-06, 4.77527919429e-06, 4.21719596488e-06, 3.56123518941e-06, 3.52121264768e-06, 3.91054800275e-06, 3.19734385812e-06, 2.79903338196e-06, 2.23806864597e-06, 1.56978876475e-06],
        "dvar": [9.64925220615e-06, 9.71621489043e-07, 1.15582459159e-07, 8.81343709125e-08, 3.15426333941e-08, 4.43554739604e-08, 5.97487996856e-07, 2.10687744584e-06, 2.81647226075e-06, 9.73013243311e-08, 4.31332161099e-08, 2.19878970142e-07, 6.02822751716e-08, 1.81043251501e-08, 9.54295664712e-09, 2.46213494037e-09, 1.43202105729e-09, 9.88425674642e-10, 7.40662253751e-10, 4.33539509848e-10, 2.75812706008e-10, 1.70845365632e-10, 1.79593381833e-10, 1.15867496153e-10, 7.71422023482e-11, 6.15692358208e-11, 3.32960742311e-11, 2.61122529849e-11, 6.52335754858e-11, 1.73666168252e-11, 1.46298355375e-11, 1.87089215647e-11, 1.94026184008e-11, 1.18478577643e-11, 1.62204780857e-11, 2.30045201638e-11, 1.49969134333e-11, 1.18633731311e-11, 7.79667649886e-12, 2.90491090384e-12],
        "dvar2": [1.55485777213e-05, 2.33565174312e-06, 3.00651464613e-07, 2.00346192969e-07, 8.10635825133e-08, 1.06443096115e-07, 1.27995497223e-06, 5.57435259907e-06, 8.14634495327e-06, 2.74253920907e-07, 1.12953522091e-07, 4.86498777263e-07, 1.64037217587e-07, 4.14900362955e-08, 2.23123208798e-08, 5.90389204191e-09, 3.52224183153e-09, 2.52290699443e-09, 2.03044669966e-09, 1.02275399261e-09, 7.67167995797e-10, 4.55502469077e-10, 4.44393882804e-10, 3.0663438455e-10, 2.00294572594e-10, 1.70000402644e-10, 9.19691198198e-11, 7.34852595441e-11, 1.86380452738e-10, 4.91676213632e-11, 3.99035041121e-11, 4.9281006359e-11, 4.96018538743e-11, 3.06121100691e-11, 3.67607264073e-11, 5.2114420418e-11, 3.5607027743e-11, 2.95593896582e-11, 2.06133599773e-11, 7.38949786777e-12],
        "max": [0.0269972831011, 0.0154635952786, 0.00503278290853, 0.0103656183928, 0.00319122197106, 0.00471296953037, 0.0108810244128, 0.0151540860534, 0.0127314599231, 0.00468193972483, 0.00354845891707, 0.0065673654899, 0.00495469477028, 0.00325299729593, 0.00271033449098, 0.00144405465107, 0.000930336595047, 0.000830783741549, 0.000376287585823, 0.000824453542009, 0.000411137967603, 0.000234769206145, 0.000404587568482, 0.000317349971738, 0.000196911074454, 0.000131465814775, 8.74286197359e-05, 6.80289158481e-05, 0.000105371866084, 6.85665218043e-05, 5.95624187554e-05, 9.65560611803e-05, 0.000175297667738, 6.82443132973e-05, 9.72958659986e-05, 0.000135025024065, 7.71646009525e-05, 7.36237125238e-05, 8.85355475475e-05, 5.10501231474e-05],
        "mean": [0.00602790759876, 0.00151177856605, 0.000423374236561, 0.000266549701337, 0.000179693830432, 0.000188543810509, 0.000439047056716, 0.000692064350005, 0.000549665361177, 0.000172138548805, 0.000195223110495, 0.000254566461081, 0.000193609943381, 0.0001320252195, 9.04639528017e-05, 4.4310469093e-05, 4.38501519966e-05, 3.20085600833e-05, 3.35145414283e-05, 2.23343849939e-05, 2.44597031269e-05, 2.16451044253e-05, 1.85174121725e-05, 1.66952140717e-05, 1.42488406709e-05, 1.31430970214e-05, 1.09098727989e-05, 8.47960291139e-06, 8.37493371364e-06, 7.77117384132e-06, 7.02254510543e-06, 7.45383886169e-06, 6.43074235995e-06, 5.56975010113e-06, 5.80320102017e-06, 5.68955238123e-06, 4.84174006488e-06, 3.76307093575e-06, 2.91158653454e-06, 2.30759223996e-06],
