{
"highlevel": {
    "danceability": {
        "all": {
            "danceable": 0.806150019169,
            "not_danceable": 0.193849980831
        },
        "probability": 0.806150019169,
        "value": "danceable"
    },
    "gender": {
        "all": {
            "female": 0.976589083672,
            "male": 0.0234109107405
        },
        "probability": 0.976589083672,
        "value": "female"
    },
    "genre_electronic": {
        "all": {
            "ambient": 0.317936718464,
            "dnb": 0.0388743281364,
            "house": 0.411390632391,
            "techno": 0.057889457792,
            "trance": 0.173908874393
        },
        "probability": 0.411390632391,
        "value": "house"
    },
    "mood_acoustic": {
        "all": {
            "acoustic": 0.095061391592,
            "not_acoustic": 0.904938578606
        },
        "probability": 0.904938578606,
        "value": "not_acoustic"
    },
    "mood_aggressive": {
        "all": {
            "aggressive": 0.0254195388407,
            "not_aggressive": 0.974580466747
        },
        "probability": 0.974580466747,
        "value": "not_aggressive"
    },
    "mood_electronic": {
        "all": {
            "electronic": 0.439506709576,
            "not_electronic": 0.560493290424
        },
        "probability": 0.560493290424,
        "value": "not_electronic"
    },
    "mood_happy": {
        "all": {
            "happy": 0.699623286724,
            "not_happy": 0.300376743078
        },
        "probability": 0.699623286724,
        "value": "happy"
    },
    "mood_party": {
        "all": {
            "not_party": 0.803768575191,
            "party": 0.196231409907
        },
        "probability": 0.803768575191,
        "value": "not_party"
    },
    "mood_relaxed": {
        "all": {
            "not_relaxed": 0.147000551224,
            "relaxed": 0.852999448776
        },
        "probability": 0.852999448776,
        "value": "relaxed"
    },
    "mood_sad": {
        "all": {
            "not_sad": 0.813451468945,
            "sad": 0.186548545957
        },
        "probability": 0.813451468945,
        "value": "not_sad"
    },
    "moods_mirex": {
        "all": {
            "Cluster1": 0.114574052393,
            "Cluster2": 0.186231330037,
            "Cluster3": 0.259070724249,
            "Cluster4": 0.302774220705,
            "Cluster5": 0.137349650264
        },
        "probability": 0.302774220705,
        "value": "Cluster4"
    },
    "timbre": {
        "all": {
            "bright": 0.0250254329294,
            "dark": 0.974974572659
        },
        "probability": 0.974974572659,
        "value": "dark"
    },
    "tonal_atonal": {
        "all": {
            "atonal": 0.611346185207,
            "tonal": 0.38865378499
        },
        "probability": 0.611346185207,
        "value": "atonal"
    },
    "voice_instrumental": {
        "all": {
            "instrumental": 0.937031209469,
            "voice": 0.0629687979817
        },
        "probability": 0.937031209469,
        "value": "instrumental"
    }
},
"lowlevel": {
    "average_loudness": 0.793082118034,
    "barkbands_crest": {
        "dmean": 2.83700203896,
        "dmean2": 4.42350959778,
        "dvar": 8.57574653625,
        "dvar2": 19.5420055389,
        "max": 26.2562904358,
        "mean": 13.5583219528,
        "median": 12.9896373749,
        "min": 2.33452272415,
        "stdev": 5.33369636536,
        "var": 28.4483184814
    },
    "barkbands_flatness_db": {
        "dmean": 0.0271572247148,
        "dmean2": 0.0414209142327,
        "dvar": 0.0010559753282,
        "dvar2": 0.00242233718745,
        "max": 0.45779260993,
        "mean": 0.193665519357,
        "median": 0.192378282547,
        "min": 0.0140975313261,
        "stdev": 0.065777041018,
        "var": 0.00432661920786
    },
    "barkbands_kurtosis": {
        "dmean": 5.46865940094,
        "dmean2": 8.64817428589,
        "dvar": 153.638290405,
        "dvar2": 371.01461792,
        "max": 435.367858887,
        "mean": 8.2480173111,
        "median": 3.26097154617,
        "min": -1.8748344183,
        "stdev": 16.9577655792,
        "var": 287.565795898
    },
    "barkbands_skewness": {
        "dmean": 0.718637943268,
        "dmean2": 1.09562635422,
        "dvar": 0.868823885918,
        "dvar2": 2.01827788353,
        "max": 18.7958450317,
        "mean": 2.03368139267,
        "median": 1.69471597672,
        "min": -3.31877326965,
        "stdev": 1.75397491455,
        "var": 3.07642793655
    },
    "barkbands_spread": {
        "dmean": 4.85720825195,
        "dmean2": 7.7537446022,
        "dvar": 51.3330154419,
        "dvar2": 125.057312012,
        "max": 101.699371338,
        "mean": 15.681397438,
        "median": 12.1491241455,
        "min": 0.502842605114,
        "stdev": 11.794836998,
        "var": 139.118179321
    },
    "dissonance": {
        "dmean": 0.0219997595996,
        "dmean2": 0.0370963439345,
        "dvar": 0.000652531918604,
        "dvar2": 0.00181444210466,
        "max": 0.499999940395,
        "mean": 0.452888548374,
        "median": 0.464328199625,
        "min": 0.14893117547,
        "stdev": 0.0407062955201,
        "var": 0.00165700248908
    },
    "dynamic_complexity": 4.58723831177,
    "erbbands_crest": {
        "dmean": 2.61180067062,
        "dmean2": 4.23150873184,
        "dvar": 6.71147632599,
        "dvar2": 16.6081485748,
        "max": 32.8553771973,
        "mean": 10.64473629,
        "median": 9.20618247986,
        "min": 2.26613497734,
        "stdev": 5.46205711365,
        "var": 29.8340682983
    },
    "erbbands_flatness_db": {
        "dmean": 0.0181994251907,
        "dmean2": 0.0258931815624,
        "dvar": 0.000499291985761,
        "dvar2": 0.000918040808756,
        "max": 0.485130310059,
        "mean": 0.197569563985,
        "median": 0.19041185081,
        "min": 0.0256994143128,
        "stdev": 0.0679998919368,
        "var": 0.00462398538366
    },
    "erbbands_kurtosis": {
        "dmean": 1.21654701233,
        "dmean2": 1.93157923222,
        "dvar": 6.67831087112,
        "dvar2": 14.9587907791,
        "max": 95.2066955566,
        "mean": 1.20796608925,
        "median": -0.0801854133606,
        "min": -1.79168593884,
        "stdev": 4.72951555252,
        "var": 22.3683185577
    },
    "erbbands_skewness": {
        "dmean": 0.37463927269,
        "dmean2": 0.592446267605,
        "dvar": 0.172007262707,
        "dvar2": 0.416265487671,
        "max": 7.45822095871,
        "mean": 0.303063511848,
        "median": 0.282836854458,
        "min": -6.07732963562,
        "stdev": 0.9769089818,
        "var": 0.954351127148
    },
    "erbbands_spread": {
        "dmean": 7.25916957855,
        "dmean2": 10.7316942215,
        "dvar": 84.3282775879,
        "dvar2": 164.358261108,
        "max": 179.556228638,
        "mean": 36.2624893188,
        "median": 30.8705196381,
        "min": 0.673673808575,
        "stdev": 25.418346405,
        "var": 646.092346191
    },
    "hfc": {
        "dmean": 4.53805017471,
        "dmean2": 6.85392856598,
        "dvar": 111.176963806,
        "dvar2": 275.029571533,
        "max": 188.138275146,
        "mean": 15.3249607086,
        "median": 12.0189313889,
        "min": 1.09311031211e-16,
        "stdev": 15.1242618561,
        "var": 228.743286133
    },
    "loudness_ebu128": {
        "integrated": -7.9391579628,
        "loudness_range": 9.24280643463,
        "momentary": {
            "dmean": 0.726577758789,
            "dmean2": 0.793572723866,
            "dvar": 0.691198825836,
            "dvar2": 0.848281562328,
            "max": -4.00375795364,
            "mean": -10.9659080505,
            "median": -8.28775405884,
            "min": -57.0691680908,
            "stdev": 7.86798715591,
            "var": 61.9052200317
        },
        "short_term": {
            "dmean": 0.109314985573,
            "dmean2": 0.0988684371114,
            "dvar": 0.0144891776145,
            "dvar2": 0.00921928416938,
            "max": -5.53598213196,
            "mean": -10.2548418045,
            "median": -7.95813655853,
            "min": -55.8661499023,
            "stdev": 6.76783752441,
            "var": 45.8036231995
        }
    },
    "melbands_crest": {
        "dmean": 3.20052146912,
        "dmean2": 5.16287326813,
        "dvar": 10.9447221756,
        "dvar2": 26.3006191254,
        "max": 35.5220108032,
        "mean": 17.8815135956,
        "median": 17.454782486,
        "min": 1.5615760088,
        "stdev": 7.00717973709,
        "var": 49.100566864
    },
    "melbands_flatness_db": {
        "dmean": 0.0322945490479,
        "dmean2": 0.0488719306886,
        "dvar": 0.00161950907204,
        "dvar2": 0.00366747681983,
        "max": 0.5710734725,
        "mean": 0.264841377735,
        "median": 0.267301946878,
        "min": 0.00365358311683,
        "stdev": 0.0904858410358,
        "var": 0.00818768702447
    },
    "melbands_kurtosis": {
        "dmean": 13.5674209595,
        "dmean2": 21.4530181885,
        "dvar": 847.20501709,
        "dvar2": 2168.5078125,
        "max": 651.29095459,
        "mean": 26.2594146729,
        "median": 9.10801315308,
        "min": -1.90378284454,
        "stdev": 55.711063385,
        "var": 3103.72265625
    },
    "melbands_skewness": {
        "dmean": 0.963874101639,
        "dmean2": 1.44593930244,
        "dvar": 1.55276942253,
        "dvar2": 3.44672632217,
        "max": 21.0176906586,
        "mean": 3.34269404411,
        "median": 2.61363601685,
        "min": -3.12884116173,
        "stdev": 2.86849927902,
        "var": 8.22828865051
    },
    "melbands_spread": {
        "dmean": 5.17727041245,
        "dmean2": 8.14102649689,
        "dvar": 60.417098999,
        "dvar2": 135.402099609,
        "max": 146.633728027,
        "mean": 16.1043643951,
        "median": 12.0074424744,
        "min": 0.473370730877,
        "stdev": 14.6605958939,
        "var": 214.933059692
    },
    "pitch_salience": {
        "dmean": 0.0782841816545,
        "dmean2": 0.124112188816,
        "dvar": 0.00680556427687,
        "dvar2": 0.0161736030132,
        "max": 0.981792151928,
        "mean": 0.449584394693,
        "median": 0.465901494026,
        "min": 0.0525686852634,
        "stdev": 0.150550633669,
        "var": 0.0226654950529
    },
    "silence_rate_20dB": {
        "dmean": 0,
        "dmean2": 0,
        "dvar": 0,
        "dvar2": 0,
        "max": 1,
        "mean": 1,
        "median": 1,
        "min": 1,
        "stdev": 0,
        "var": 0
    },
    "silence_rate_30dB": {
        "dmean": 0.0498395562172,
        "dmean2": 0.0996859222651,
        "dvar": 0.0473604500294,
        "dvar2": 0.0941042602062,
        "max": 1,
        "mean": 0.932345688343,
        "median": 1,
        "min": 0,
        "stdev": 0.251151919365,
        "var": 0.0630772858858
    },
    "silence_rate_60dB": {
        "dmean": 0.0159759670496,
        "dmean2": 0.0319541171193,
        "dvar": 0.0157202035189,
        "dvar2": 0.0362526960671,
        "max": 1,
        "mean": 0.127799019217,
        "median": 0,
        "min": 0,
        "stdev": 0.33387568593,
        "var": 0.111472964287
    },
    "spectral_centroid": {
        "dmean": 218.395965576,
        "dmean2": 354.806213379,
        "dvar": 98742.046875,
        "dvar2": 230579.546875,
        "max": 11274.3007812,
        "mean": 1176.86169434,
        "median": 929.776977539,
        "min": 155.069259644,
        "stdev": 737.120910645,
        "var": 543347.25
    },
    "spectral_complexity": {
        "dmean": 2.90298342705,
        "dmean2": 4.77918863297,
        "dvar": 15.7973117828,
        "dvar2": 38.5448951721,
        "max": 52,
        "mean": 15.7203035355,
        "median": 14,
        "min": 0,
        "stdev": 9.08123779297,
        "var": 82.4688873291
    },
    "spectral_decrease": {
        "dmean": 3.26746452117e-09,
        "dmean2": 4.94470420165e-09,
        "dvar": 3.71394532828e-17,
        "dvar2": 8.20061102108e-17,
        "max": 1.1448118794e-28,
        "mean": -9.56020329568e-09,
        "median": -5.93732263354e-09,
        "min": -6.5714331754e-08,
        "stdev": 1.02055333073e-08,
        "var": 1.04152911582e-16
    },
    "spectral_energy": {
        "dmean": 0.0125532662496,
        "dmean2": 0.0188637394458,
        "dvar": 0.000533296435606,
        "dvar2": 0.00116072269157,
        "max": 0.252878159285,
        "mean": 0.0374723114073,
        "median": 0.0238301306963,
        "min": 9.73222903991e-21,
        "stdev": 0.0393545590341,
        "var": 0.00154878129251
    },
    "spectral_energyband_high": {
        "dmean": 0.000331577728502,
        "dmean2": 0.000528953387402,
        "dvar": 1.30167188672e-06,
        "dvar2": 3.55534393748e-06,
        "max": 0.0218432042748,
        "mean": 0.000523764581885,
        "median": 0.000124221376609,
        "min": 7.1151919483e-21,
        "stdev": 0.00117862783372,
        "var": 1.38916345804e-06
    },
    "spectral_energyband_low": {
        "dmean": 0.00936028920114,
        "dmean2": 0.0144507680088,
        "dvar": 0.000408693915233,
        "dvar2": 0.000984246376902,
        "max": 0.219744741917,
        "mean": 0.0217592399567,
        "median": 0.00670680683106,
        "min": 3.38618322685e-23,
        "stdev": 0.0321225821972,
        "var": 0.00103186024353
    },
    "spectral_energyband_middle_high": {
        "dmean": 0.00109713419806,
        "dmean2": 0.00173504976556,
        "dvar": 4.24078643846e-06,
        "dvar2": 9.95453046926e-06,
        "max": 0.0569544583559,
        "mean": 0.00339267076924,
        "median": 0.00234101340175,
        "min": 1.35518992985e-21,
        "stdev": 0.00363715784624,
        "var": 1.32289178509e-05
    },
    "spectral_energyband_middle_low": {
        "dmean": 0.00730047281832,
        "dmean2": 0.0116647453979,
        "dvar": 0.00032164627919,
        "dvar2": 0.000692774832714,
        "max": 0.238753601909,
        "mean": 0.0148914251477,
        "median": 0.00757477432489,
        "min": 2.56656917877e-22,
        "stdev": 0.0226200539619,
        "var": 0.000511666818056
    },
    "spectral_entropy": {
        "dmean": 0.181570038199,
        "dmean2": 0.283530652523,
        "dvar": 0.060061827302,
        "dvar2": 0.137383773923,
        "max": 9.81298542023,
        "mean": 7.24952602386,
        "median": 7.38494968414,
        "min": 4.48924160004,
        "stdev": 0.583984911442,
        "var": 0.341038376093
    },
    "spectral_flux": {
        "dmean": 0.0290532372892,
        "dmean2": 0.0452751219273,
        "dvar": 0.00173781765625,
        "dvar2": 0.00385360768996,
        "max": 0.433234483004,
        "mean": 0.0763799920678,
        "median": 0.0583755448461,
        "min": 6.4935723465e-11,
        "stdev": 0.0661417916417,
        "var": 0.00437473692
    },
    "spectral_kurtosis": {
        "dmean": 3.85165691376,
        "dmean2": 6.44565343857,
        "dvar": 41.7675514221,
        "dvar2": 109.525978088,
        "max": 129.871246338,
        "mean": 9.43147182465,
        "median": 4.38914489746,
        "min": -1.23168778419,
        "stdev": 13.3553037643,
        "var": 178.364135742
    },
    "spectral_rms": {
        "dmean": 0.000857403560076,
        "dmean2": 0.00126661453396,
        "dvar": 1.48741810335e-06,
        "dvar2": 3.00516671814e-06,
        "max": 0.0157070178539,
        "mean": 0.00521336821839,
        "median": 0.00482171168551,
        "min": 3.08137261366e-12,
        "stdev": 0.00306258047931,
        "var": 9.37939876167e-06
    },
    "spectral_rolloff": {
        "dmean": 337.291229248,
        "dmean2": 575.766906738,
        "dvar": 464017.34375,
        "dvar2": 1019037.9375,
        "max": 19099.9511719,
        "mean": 972.630126953,
        "median": 667.529296875,
        "min": 64.599609375,
        "stdev": 1088.2322998,
        "var": 1184249.625
    },
    "spectral_skewness": {
        "dmean": 0.345516711473,
        "dmean2": 0.564013659954,
        "dvar": 0.198049247265,
        "dvar2": 0.490602999926,
        "max": 9.48274230957,
        "mean": 1.84072828293,
        "median": 1.42397999763,
        "min": -0.0480731874704,
        "stdev": 1.22958445549,
        "var": 1.51187801361
    },
    "spectral_spread": {
        "dmean": 444134.6875,
        "dmean2": 602714.5,
        "dvar": 470624174080,
        "dvar2": 746345594880,
        "max": 41024476,
        "mean": 3618848,
        "median": 3165631.25,
        "min": 615727.3125,
        "stdev": 2043049.875,
        "var": 4.17405285171e+12
    },
    "spectral_strongpeak": {
        "dmean": 0.369031667709,
        "dmean2": 0.611219346523,
        "dvar": 0.386600792408,
        "dvar2": 0.950242698193,
        "max": 13.3808507919,
        "mean": 0.876663446426,
        "median": 0.54810076952,
        "min": 0,
        "stdev": 0.924094796181,
        "var": 0.853951156139
    },
    "zerocrossingrate": {
        "dmean": 0.00816666800529,
        "dmean2": 0.00987284258008,
        "dvar": 0.000116556788271,
        "dvar2": 0.00015600574261,
        "max": 0.5244140625,
        "mean": 0.0417308472097,
        "median": 0.03369140625,
        "min": 0.0029296875,
        "stdev": 0.0295217074454,
        "var": 0.000871531199664
    },
    "barkbands": {
        "dmean": [0.000326667010086, 0.00652812048793, 0.0023763156496, 0.00491735851392, 0.0016681390116, 0.000553617894184, 0.00131213187706, 0.000451134779723, 0.000818970089313, 0.000432120228652, 0.000207869947189, 0.000167854916072, 0.00012482641614, 0.000193463871256, 0.000128532003146, 0.000117651339679, 0.000120882272313, 0.000135817099363, 0.000135501846671, 0.000148506107507, 9.06479835976e-05, 5.96671707171e-05, 6.11116556684e-05, 5.11152902618e-05, 2.98667291645e-05, 9.3874086815e-06, 9.85323367786e-07],
        "dmean2": [0.000502438400872, 0.00976483803242, 0.00406964542344, 0.00800650101155, 0.00287690549158, 0.000931827235036, 0.00219525652938, 0.000694379210472, 0.00124008452985, 0.000672359601595, 0.000313161726808, 0.00025267485762, 0.000204244730412, 0.000312187505187, 0.000203157163924, 0.00020120764384, 0.000205555945286, 0.000232804057305, 0.000219342240598, 0.000255731691141, 0.000148203165736, 0.000100074918009, 9.82152705546e-05, 8.42711160658e-05, 4.86520657432e-05, 1.48364524648e-05, 1.32080401727e-06],
        "dvar": [1.01152431853e-06, 0.000282151449937, 6.06361572864e-05, 0.000278520892607, 2.11520546145e-05, 1.4970120219e-06, 1.10840883281e-05, 1.49101663283e-06, 3.4850618249e-06, 2.25698772738e-06, 5.09487790623e-07, 1.43681759823e-07, 5.65251809803e-08, 1.92848659708e-07, 8.83198651991e-08, 5.20859728681e-08, 5.20584713115e-08, 8.24496808605e-08, 1.26738783024e-07, 1.59530429755e-07, 1.32304180056e-07, 5.63438753431e-08, 3.74941144798e-08, 3.24303890409e-08, 1.22986447693e-08, 1.31437993822e-09, 2.05179276347e-11],
        "dvar2": [2.3595341645e-06, 0.000707715633325, 0.000161759729963, 0.000642967410386, 5.88564726058e-05, 4.05174523621e-06, 3.26476001646e-05, 3.11782241624e-06, 7.5508505688e-06, 4.8851147767e-06, 1.17294371194e-06, 3.02256211171e-07, 1.44292258142e-07, 4.41434679033e-07, 2.05140636922e-07, 1.40291632533e-07, 1.4623618938e-07, 2.29802097351e-07, 2.97857354781e-07, 4.25251187153e-07, 3.56422390269e-07, 1.60822494877e-07, 1.01377302997e-07, 9.18522360394e-08, 3.46916770866e-08, 3.46945694396e-09, 3.30658278536e-11],
        "max": [0.019760677591, 0.195065185428, 0.0952032059431, 0.206065356731, 0.0869789868593, 0.0263042580336, 0.104245625436, 0.0294369664043, 0.0548635795712, 0.0532776676118, 0.0298274196684, 0.0119105875492, 0.00445260759443, 0.0171976145357, 0.00630510784686, 0.00450488971546, 0.00636452017352, 0.00440090475604, 0.0101432753727, 0.00656434660777, 0.00833200290799, 0.00547137437388, 0.00262999045663, 0.00237324181944, 0.00154363980982, 0.000516862375662, 0.000126348997583],
        "mean": [0.00145071104635, 0.0147737683728, 0.00256902468391, 0.00637875543907, 0.002188883489, 0.000968570064288, 0.00233648880385, 0.000790387857705, 0.00198267702945, 0.000857708626427, 0.000385083345463, 0.000302329543047, 0.000234587103478, 0.000362419581506, 0.000247875694185, 0.000224232921028, 0.000255581951933, 0.000232786085689, 0.000233263199334, 0.000277596031083, 0.000141982833156, 8.4530634922e-05, 8.17589680082e-05, 6.19881757302e-05, 3.60110279871e-05, 1.20043005154e-05, 1.36213202495e-06],
        "median": [1.12868101496e-05, 0.00204979721457, 0.000657387718093, 0.000378218304832, 0.000719628529623, 0.000372204231098, 0.000731210107915, 0.000178695961949, 0.000644281099085, 0.000155100366101, 0.000101958052255, 0.000110926899652, 9.5413372037e-05, 0.000129982945509, 9.47267180891e-05, 0.000119230302516, 0.000125226579257, 9.95579976006e-05, 6.86344719725e-05, 8.05956296972e-05, 3.80412857339e-05, 1.42899389175e-05, 9.07827234187e-06, 4.27347640652e-06, 1.08638448637e-06, 1.64671945413e-07, 2.10604795825e-08],
        "min": [4.07228655835e-24, 4.70618402178e-24, 4.9242914403e-24, 1.45304818194e-23, 3.01810104402e-23, 1.02440246529e-23, 1.38444552441e-23, 2.96634861319e-23, 2.36682426487e-23, 3.11001722343e-23, 2.54258042352e-23, 5.56815639793e-23, 7.3393813708e-23, 4.53559647979e-23, 8.24448124595e-23, 1.00712357157e-22, 1.50659053816e-22, 1.1618314382e-22, 2.34241176509e-22, 1.44039349618e-22, 3.70415759607e-22, 3.13870386626e-22, 5.16572878901e-22, 6.63539962706e-22, 1.00174954816e-21, 1.41893029489e-21, 2.18184537561e-21],
        "stdev": [0.00346494489349, 0.025544250384, 0.00689544016495, 0.0184808261693, 0.00442145438865, 0.00171933730599, 0.00511969532818, 0.00204244093038, 0.00376114225946, 0.00252412841655, 0.00109334522858, 0.000594620942138, 0.000370982306777, 0.000740923976991, 0.000478105765069, 0.000304061017232, 0.000356107455445, 0.000359968602424, 0.000506003678311, 0.000508834375069, 0.000368449138477, 0.000229864948778, 0.000207022603718, 0.000170498111402, 0.000105056977191, 3.6915869714e-05, 6.3397633312e-06],
        "var": [1.20058430184e-05, 0.000652508751955, 4.75470951642e-05, 0.000341540930094, 1.95492593775e-05, 2.95612062473e-06, 2.62112807832e-05, 4.17156479671e-06, 1.41461905514e-05, 6.37122411717e-06, 1.19540391097e-06, 3.53574080236e-07, 1.3762786466e-07, 5.48968330349e-07, 2.28585122386e-07, 9.24530993984e-08, 1.26812523149e-07, 1.29577387042e-07, 2.5603972631e-07, 2.58912422169e-07, 1.35754760322e-07, 5.28378976128e-08, 4.28583604162e-08, 2.90696036132e-08, 1.10369677842e-08, 1.36278155427e-09, 4.01925992488e-11]
    },
    "erbbands": {
        "dmean": [0.184055045247, 1.55187106133, 2.89386606216, 10.0609722137, 10.2505149841, 4.69103860855, 4.12160253525, 5.11150503159, 20.385427475, 10.1531791687, 11.7270441055, 17.5079669952, 15.815990448, 8.11807060242, 6.84218120575, 6.07191562653, 6.3201713562, 5.98184776306, 7.59702253342, 8.70628166199, 7.24168348312, 6.13314723969, 7.6976981163, 4.33630084991, 9.12528610229, 7.09374666214, 3.04659175873, 4.1799530983, 2.28943181038, 2.01681828499, 1.60624611378, 1.06513035297, 0.86944770813, 0.458652466536, 0.139255747199, 0.0615309849381, 0.0126324575394, 0.00203276402317, 0.000187493831618, 1.82321455213e-05],
        "dmean2": [0.263354569674, 2.30054569244, 4.77154397964, 16.415512085, 16.7295913696, 7.96914625168, 6.8553571701, 8.46389865875, 34.4633140564, 16.2918739319, 17.928735733, 26.7504730225, 24.0752906799, 12.3259372711, 10.408531189, 9.2408914566, 10.0851488113, 9.51163291931, 12.473777771, 13.4877347946, 12.4648952484, 10.3319883347, 13.0471601486, 7.38044834137, 14.7752428055, 12.044344902, 5.16903066635, 6.71056604385, 3.82929348946, 3.27102589607, 2.60681247711, 1.76291763783, 1.43342208862, 0.760956764221, 0.222540080547, 0.100277878344, 0.0188241135329, 0.00284265750088, 0.00024753404432, 2.56864404946e-05],
        "dvar": [0.281368911266, 16.7924423218, 79.2608108521, 1093.24780273, 922.527282715, 184.595245361, 101.98223877, 125.991195679, 3142.4453125, 619.364624023, 924.248168945, 1867.61755371, 2503.60327148, 544.50793457, 435.922271729, 158.815307617, 141.145019531, 214.941329956, 294.032806396, 458.477935791, 189.109909058, 132.324142456, 266.28427124, 122.547279358, 589.367553711, 380.25793457, 116.473106384, 338.650054932, 80.5894546509, 44.4385795593, 23.6607131958, 12.1834859848, 11.3896722794, 2.89492559433, 0.25507196784, 0.0683695822954, 0.00181625189725, 5.8172037825e-05, 8.7407522642e-07, 1.65888058845e-09],
        "dvar2": [0.764626562595, 41.1867027283, 201.847366333, 2516.86499023, 2147.02954102, 509.267425537, 272.185394287, 328.678833008, 9451.60253906, 1513.70776367, 2097.27636719, 4026.25927734, 5465.22851562, 1147.10351562, 1034.52282715, 341.561035156, 347.334320068, 376.044586182, 735.597717285, 1057.81103516, 525.050720215, 364.50390625, 734.311096191, 319.850158691, 1433.72802734, 979.106811523, 321.962890625, 902.527770996, 229.090209961, 120.954185486, 64.4586715698, 34.1544494629, 32.5399055481, 8.22730064392, 0.711207807064, 0.193195670843, 0.00399056077003, 0.000100339981145, 1.44079558595e-06, 2.98497582207e-09],
        "max": [7.79749393463, 47.8652267456, 112.858413696, 382.653411865, 424.578125, 333.558105469, 325.324890137, 240.168441772, 1837.16784668, 589.050476074, 982.081604004, 1600.92895508, 2015.23498535, 1023.85449219, 779.595214844, 348.373077393, 235.477462769, 788.921386719, 722.318115234, 424.699035645, 260.837799072, 186.989608765, 275.453857422, 182.993972778, 773.911621094, 314.586303711, 208.700714111, 466.344970703, 193.548522949, 103.400695801, 68.9263153076, 47.3987121582, 47.8975791931, 25.1769752502, 7.17817926407, 3.89751291275, 0.807117521763, 0.199456170201, 0.0250982288271, 0.00159564544447],
        "mean": [0.472141861916, 2.97529935837, 4.1758108139, 12.5192041397, 14.0895042419, 6.13856506348, 7.70677614212, 9.88712024689, 35.5444908142, 18.8620319366, 24.5125675201, 43.194229126, 35.4541358948, 16.8930912018, 13.9043865204, 11.8946018219, 12.8505296707, 11.6108112335, 14.9908370972, 17.8798980713, 14.3181686401, 13.7562093735, 13.5520858765, 8.25892734528, 17.1296768188, 13.4102249146, 5.10096216202, 6.35853338242, 3.18429994583, 2.8161175251, 2.12822318077, 1.340685606, 0.985662996769, 0.53682410717, 0.176541954279, 0.0717910006642, 0.0181657765061, 0.00300111365505, 0.0002730510314, 5.07770018885e-05],
        "median": [0.0291329920292, 0.522181153297, 1.33489692211, 1.1616808176, 1.77642560005, 2.11724352837, 2.03843832016, 4.06371021271, 9.82557582855, 6.13008928299, 6.90131759644, 13.1993217468, 9.76648235321, 6.043592453, 5.21375751495, 5.0651216507, 5.44663047791, 5.85816955566, 5.04326963425, 6.42521095276, 7.44106483459, 7.13041305542, 5.82647037506, 3.63854694366, 4.43076515198, 3.85286664963, 1.57833981514, 1.46345448494, 0.571727514267, 0.411921352148, 0.220175370574, 0.11175724864, 0.0517518110573, 0.0207207817584, 0.00395171716809, 0.00104049942456, 0.000277402461506, 4.35783731518e-05, 2.04628704523e-05, 3.12288684654e-05],
        "min": [1.28690274726e-22, 2.39719587042e-21, 6.11987152817e-21, 3.32252150304e-20, 2.17171859273e-20, 8.51707228574e-20, 6.09857776662e-20, 1.13339861017e-19, 4.32741372764e-19, 5.04403880789e-19, 6.86807132025e-19, 6.46225547775e-19, 1.23751482575e-18, 8.26672723657e-19, 1.67748867805e-18, 2.36773109115e-18, 2.81727562994e-18, 2.78544530637e-18, 3.8268605277e-18, 4.70699227998e-18, 5.21236406549e-18, 9.04231328559e-18, 6.04000541764e-18, 9.3620632601e-18, 1.07880390909e-17, 6.28987558759e-18, 1.17476513195e-17, 1.49793839342e-17, 1.22411952494e-17, 1.43336884024e-17, 1.41478043752e-17, 1.18928868643e-17, 1.31367307591e-17, 9.32342317215e-18, 6.55263529943e-18, 4.76798361527e-18, 2.33253641725e-18, 1.24111295801e-18, 2.66654388358e-19, 3.24622249259e-20],
        "stdev": [0.933290481567, 5.65038299561, 9.02422237396, 35.9556045532, 34.8446655273, 13.6416072845, 15.9469642639, 16.9967918396, 86.8139343262, 38.9547920227, 54.3742218018, 84.3591384888, 89.6794815063, 39.0748596191, 33.0097808838, 20.8120975494, 19.4714412689, 24.1420040131, 29.9333629608, 35.8581047058, 18.4039516449, 18.3406867981, 20.6965065002, 13.6912965775, 36.5966720581, 25.0000667572, 10.8365707397, 18.5582809448, 8.66767215729, 7.07141590118, 5.27586126328, 3.50998902321, 3.00441098213, 1.56731343269, 0.506082236767, 0.238080635667, 0.0527029670775, 0.0104880714789, 0.00127009523567, 6.35480100755e-05],
        "var": [0.871031165123, 31.9268283844, 81.4365921021, 1292.80541992, 1214.15075684, 186.093460083, 254.305679321, 288.890960693, 7536.65917969, 1517.47583008, 2956.55615234, 7116.46484375, 8042.40917969, 1526.84460449, 1089.64562988, 433.143432617, 379.136993408, 582.836364746, 896.006225586, 1285.80371094, 338.705413818, 336.380767822, 428.345397949, 187.45161438, 1339.31640625, 625.003356934, 117.431266785, 344.409790039, 75.1285324097, 50.0049209595, 27.8347129822, 12.320022583, 9.02648544312, 2.45647144318, 0.256119221449, 0.0566823892295, 0.0027776027564, 0.000109999644337, 1.61314176239e-06, 4.03834965468e-09]
    },
    "gfcc": {
        "mean": [-59.3374099731, 123.942626953, -126.55040741, 28.990858078, -50.8770484924, 3.76922249794, -25.2906169891, 7.1096367836, -12.9005308151, -3.22050833702, -11.718996048, -9.00358581543, -7.72266387939],
        "cov": [[13887.8291016, -1558.81176758, -865.32232666, 2137.68847656, -723.342041016, 420.971618652, -473.917663574, 405.054931641, -56.8056755066, 184.765197754, -32.5401229858, -38.1654319763, -9.71866703033], [-1558.81176758, 2185.00952148, -322.289001465, -832.543273926, 458.013122559, -365.428375244, 254.347427368, -223.46270752, 223.640594482, -112.596328735, 142.415008545, -67.8189468384, 146.731277466], [-865.32232666, -322.289001465, 1576.13586426, -2.64999008179, 362.104370117, 506.3331604, 59.0004272461, 198.454269409, -81.6544799805, 123.046562195, -122.522041321, 95.4597702026, -75.108833313], [2137.68847656, -832.543273926, -2.64999008179, 1499.0234375, 70.2906265259, 286.512359619, 114.530471802, 141.433807373, 56.4155578613, 9.12438774109, 54.2016830444, -38.1103248596, 1.85949659348], [-723.342041016, 458.013122559, 362.104370117, 70.2906265259, 558.833129883, 119.747833252, 186.215026855, 57.8703918457, 99.4204559326, 55.5007820129, 53.4650497437, 43.2394714355, 52.1656494141], [420.971618652, -365.428375244, 506.3331604, 286.512359619, 119.747833252, 446.867706299, 107.01474762, 179.843032837, 1.21590554714, 81.042388916, -13.6757326126, 43.2976379395, -3.96426510811], [-473.917663574, 254.347427368, 59.0004272461, 114.530471802, 186.215026855, 107.01474762, 298.273834229, 88.0335998535, 104.909309387, -5.18778467178, 58.376411438, -1.70506763458, 47.7390098572], [405.054931641, -223.46270752, 198.454269409, 141.433807373, 57.8703918457, 179.843032837, 88.0335998535, 224.917861938, 64.5860290527, 86.4256668091, 10.2993202209, 49.1469345093, 15.4840974808], [-56.8056755066, 223.640594482, -81.6544799805, 56.4155578613, 99.4204559326, 1.21590554714, 104.909309387, 64.5860290527, 199.685836792, 75.6373291016, 94.4765930176, 13.0821313858, 70.8881530762], [184.765197754, -112.596328735, 123.046562195, 9.12438774109, 55.5007820129, 81.042388916, -5.18778467178, 86.4256668091, 75.6373291016, 168.930374146, 65.563369751, 74.5051193237, 15.5902795792], [-32.5401229858, 142.415008545, -122.522041321, 54.2016830444, 53.4650497437, -13.6757326126, 58.376411438, 10.2993202209, 94.4765930176, 65.563369751, 140.256744385, 52.8031425476, 58.385723114], [-38.1654319763, -67.8189468384, 95.4597702026, -38.1103248596, 43.2394714355, 43.2976379395, -1.70506763458, 49.1469345093, 13.0821313858, 74.5051193237, 52.8031425476, 116.817337036, 44.5028762817], [-9.71866703033, 146.731277466, -75.108833313, 1.85949659348, 52.1656494141, -3.96426510811, 47.7390098572, 15.4840974808, 70.8881530762, 15.5902795792, 58.385723114, 44.5028762817, 108.132637024]],
        "icov": [[0.0001742743043, -0.000298306549666, 0.000168787461007, -0.00039779607323, 0.000308831018629, -0.000242313428316, 0.00050673581427, -0.000512284983415, 0.000353883224307, -0.000468811165774, 0.000376620766474, -5.4926284065e-05, -0.000108849140815], [-0.000298306549666, 0.00236454932019, -0.0002410417801, 0.00179070536979, -0.00203359406441, 0.000868779316079, -0.00147872616071, 0.00180578720756, -0.00178749870975, 0.00221667904407, -0.00223945174366, 0.0017685033381, -0.000692894682288], [0.000168787461007, -0.0002410417801, 0.00178965611849, -0.000124081314425, -0.000686040846631, -0.00181575980969, 0.000690935819875, -0.000347397610312, 0.000252631201874, -0.000720070092939, 0.00196464499459, -0.00135458994191, 0.0010314747924], [-0.00039779607323, 0.00179070536979, -0.000124081314425, 0.00247850129381, -0.0017840960063, -3.26316621795e-05, -0.00121275719721, 0.00123581569642, -0.0015168285463, 0.00245052413084, -0.0026676824782, 0.00177734124009, -2.65305116045e-05], [0.000308831018629, -0.00203359406441, -0.000686040846631, -0.0017840960063, 0.00486110011116, -0.000285436050035, -0.000381885183742, -0.000663810234983, 0.00083596794866, -0.00256106792949, 0.00196201680228, -0.00176867563277, -0.000260760076344], [-0.000242313428316, 0.000868779316079, -0.00181575980969, -3.26316621795e-05, -0.000285436050035, 0.00650448398665, -0.00254397862591, -0.001483461936, 0.00165780994575, -0.00117535656318, -0.00113243097439, 0.00196641171351, -0.00186480768025], [0.00050673581427, -0.00147872616071, 0.000690935819875, -0.00121275719721, -0.000381885183742, -0.00254397862591, 0.00887754745781, -0.00437489524484, -0.00106121925637, 0.00283009745181, -0.0016870170366, 0.000318145263009, 0.000418635230744], [-0.000512284983415, 0.00180578720756, -0.000347397610312, 0.00123581569642, -0.000663810234983, -0.001483461936, -0.00437489524484, 0.0121489576995, -0.00518023874611, -0.000952618720476, 0.00312425685115, -0.00339503167197, 0.000942322192714], [0.000353883224307, -0.00178749870975, 0.000252631201874, -0.0015168285463, 0.00083596794866, 0.00165780994575, -0.00106121925637, -0.00518023874611, 0.0166764426976, -0.00905779842287, -0.00351474108174, 0.00796430464834, -0.0074798851274], [-0.000468811165774, 0.00221667904407, -0.000720070092939, 0.00245052413084, -0.00256106792949, -0.00117535656318, 0.00283009745181, -0.000952618720476, -0.00905779842287, 0.0192343797535, -0.00737991044298, -0.00587683962658, 0.00605525681749], [0.000376620766474, -0.00223945174366, 0.00196464499459, -0.0026676824782, 0.00196201680228, -0.00113243097439, -0.0016870170366, 0.00312425685115, -0.00351474108174, -0.00737991044298, 0.0215305685997, -0.00975937861949, -0.000448036269518], [-5.4926284065e-05, 0.0017685033381, -0.00135458994191, 0.00177734124009, -0.00176867563277, 0.00196641171351, 0.000318145263009, -0.00339503167197, 0.00796430464834, -0.00587683962658, -0.00975937861949, 0.0241257790476, -0.0111385993659], [-0.000108849140815, -0.000692894682288, 0.0010314747924, -2.65305116045e-05, -0.000260760076344, -0.00186480768025, 0.000418635230744, 0.000942322192714, -0.0074798851274, 0.00605525681749, -0.000448036269518, -0.0111385993659, 0.0194895677269]]
    },
    "melbands": {
        "dmean": [0.00169234117493, 0.00162616139278, 0.00171188265085, 0.000453721935628, 0.000152361637447, 0.000125663253129, 0.000285416230327, 0.00010087955161, 0.000109793305455, 0.000108648375317, 8.19768829388e-05, 3.79148659704e-05, 2.89348226943e-05, 1.54158187797e-05, 2.14115716517e-05, 1.02281064756e-05, 1.23473037092e-05, 1.55955694936e-05, 9.50436970015e-06, 9.40193604038e-06, 1.00886873042e-05, 7.78677713242e-06, 4.48906439487e-06, 8.23763457447e-06, 3.28902729052e-06, 5.83596238357e-06, 7.12625069355e-06, 4.32411752627e-06, 1.92295669876e-06, 2.2271067337e-06, 2.53451571552e-06, 1.49192760546e-06, 8.36107915347e-07, 1.26543022816e-06, 1.03511933958e-06, 7.0327831736e-07, 6.10526228684e-07, 6.54634504826e-07, 5.1017474334e-07, 3.54364601662e-07],
        "dmean2": [0.00248780776747, 0.00253377412446, 0.00277914246544, 0.00074785714969, 0.000252228870522, 0.000206277778489, 0.0004820911563, 0.000157660018886, 0.000168762067915, 0.000163297110703, 0.000125349222799, 5.73125762457e-05, 4.35017427662e-05, 2.40398712776e-05, 3.25479450112e-05, 1.68032274814e-05, 1.9615103156e-05, 2.57221527136e-05, 1.50294617924e-05, 1.49770721691e-05, 1.74467659235e-05, 1.32931472763e-05, 7.42127167541e-06, 1.41397304105e-05, 5.59320233151e-06, 9.48075012275e-06, 1.2177825738e-05, 7.30343845134e-06, 3.34352330356e-06, 3.70120847037e-06, 4.07958759752e-06, 2.55198278865e-06, 1.37430220093e-06, 2.06328581953e-06, 1.69919553628e-06, 1.17996569315e-06, 1.00364877653e-06, 1.08444737634e-06, 8.50646358685e-07, 5.94574373736e-07],
        "dvar": [1.95599714061e-05, 1.80932238436e-05, 2.99381190416e-05, 1.54969688992e-06, 1.45960001419e-07, 6.98036970448e-08, 5.87051943057e-07, 6.18688602572e-08, 7.56181250949e-08, 7.12546821546e-08, 6.68266082471e-08, 1.27683827955e-08, 9.32118648933e-09, 1.72812175681e-09, 1.88335147477e-09, 3.50525136694e-10, 1.00799968372e-09, 1.41550315913e-09, 4.62318988648e-10, 4.63843186083e-10, 3.61423779793e-10, 2.18931775486e-10, 8.54298159991e-11, 3.08337605448e-10, 7.78086831077e-11, 2.3117018022e-10, 3.61330909637e-10, 1.48090067986e-10, 4.71071931463e-11, 5.64862948083e-11, 1.49113929537e-10, 3.84881328197e-11, 7.50557255236e-12, 1.79786081855e-11, 9.87646856659e-12, 5.40731999107e-12, 3.61316467197e-12, 6.25781848215e-12, 3.65140253103e-12, 1.70557643529e-12],
        "dvar2": [4.91368591611e-05, 4.35361253039e-05, 6.80371667841e-05, 3.88065791412e-06, 3.93614243421e-07, 1.81765898333e-07, 1.76084131454e-06, 1.42804140069e-07, 1.74588180357e-07, 1.51235866497e-07, 1.45499058135e-07, 2.59530743563e-08, 2.17920170797e-08, 3.84775855622e-09, 3.76657416368e-09, 9.13015885118e-10, 1.75746928122e-09, 3.54426066274e-09, 1.1058108873e-09, 1.0960136132e-09, 1.00832853178e-09, 6.14222783746e-10, 2.27621671511e-10, 8.58755122568e-10, 1.96710106537e-10, 5.50595569138e-10, 9.41383637709e-10, 3.77471692792e-10, 1.33445504646e-10, 1.49025472518e-10, 4.03138217253e-10, 1.11046748186e-10, 2.04360174616e-11, 4.8297067734e-11, 2.69234582545e-11, 1.51816528099e-11, 9.86339569048e-12, 1.78630114173e-11, 1.02808889874e-11, 4.87637621255e-12],
        "max": [0.0596521385014, 0.0575439669192, 0.0674425140023, 0.02240380086, 0.0091062085703, 0.00656109582633, 0.0244774352759, 0.00612561451271, 0.00949423387647, 0.00921002030373, 0.0101456511766, 0.00477391248569, 0.00403748685494, 0.00155234104022, 0.00118426419795, 0.000356712349458, 0.00171649840195, 0.0016567929415, 0.000431008666055, 0.000399179436499, 0.00037957841414, 0.000294647121336, 0.000183431664482, 0.000286323600449, 0.000163167060236, 0.000436199537944, 0.000445952842711, 0.000216668908251, 0.000127689243527, 0.000135672191391, 0.000321306550177, 0.000140624862979, 4.95434760523e-05, 7.25628051441e-05, 4.63114374725e-05, 2.93032317131e-05, 3.34435571858e-05, 3.57931094186e-05, 2.82431828964e-05, 1.83483571163e-05],
        "mean": [0.00415728520602, 0.00292147626169, 0.00228789821267, 0.000631291128229, 0.00027645425871, 0.000252476049354, 0.000496148481034, 0.000184481512406, 0.000237810716499, 0.000262178538833, 0.000176837900653, 7.48442616896e-05, 5.53909594601e-05, 2.64549289568e-05, 4.04700294894e-05, 1.97617373487e-05, 2.26637912419e-05, 2.85726000584e-05, 1.81850828085e-05, 1.9741439246e-05, 1.75132045115e-05, 1.56301266543e-05, 9.49092645897e-06, 1.32047498482e-05, 5.25325049239e-06, 1.00735687738e-05, 1.41553209687e-05, 7.40074392525e-06, 2.85328951577e-06, 3.3614021504e-06, 3.7096754113e-06, 1.9382841856e-06, 1.23806660213e-06, 1.69747659129e-06, 1.33366802402e-06, 8.81945936726e-07, 7.76924650836e-07, 7.23864673091e-07, 5.82975872021e-07, 4.07883504749e-07],
