{
"highlevel": {
    "danceability": {
        "all": {
            "danceable": 0.999993562698,
            "not_danceable": 6.42598979539e-06
        },
        "probability": 0.999993562698,
        "value": "danceable"
    },
    "gender": {
        "all": {
            "female": 0.805636167526,
            "male": 0.194363832474
        },
        "probability": 0.805636167526,
        "value": "female"
    },
    "genre_electronic": {
        "all": {
            "ambient": 0.0652284771204,
            "dnb": 0.00949626322836,
            "house": 0.636853694916,
            "techno": 0.208120539784,
            "trance": 0.0803010091186
        },
        "probability": 0.636853694916,
        "value": "house"
    },
    "mood_acoustic": {
        "all": {
            "acoustic": 0.000567110895645,
            "not_acoustic": 0.999432861805
        },
        "probability": 0.999432861805,
        "value": "not_acoustic"
    },
    "mood_aggressive": {
        "all": {
            "aggressive": 0.352752476931,
            "not_aggressive": 0.647247493267
        },
        "probability": 0.647247493267,
        "value": "not_aggressive"
    },
    "mood_electronic": {
        "all": {
            "electronic": 0.963456869125,
            "not_electronic": 0.0365431383252
        },
        "probability": 0.963456869125,
        "value": "electronic"
    },
    "mood_happy": {
        "all": {
            "happy": 0.471839129925,
            "not_happy": 0.528160870075
        },
        "probability": 0.528160870075,
        "value": "not_happy"
    },
    "mood_party": {
        "all": {
            "not_party": 0.0444393828511,
            "party": 0.955560624599
        },
        "probability": 0.955560624599,
        "value": "party"
    },
    "mood_relaxed": {
        "all": {
            "not_relaxed": 0.780717432499,
            "relaxed": 0.219282537699
        },
        "probability": 0.780717432499,
        "value": "not_relaxed"
    },
    "mood_sad": {
        "all": {
            "not_sad": 0.971297860146,
            "sad": 0.0287021398544
        },
        "probability": 0.971297860146,
        "value": "not_sad"
    },
    "moods_mirex": {
        "all": {
            "Cluster1": 0.146015286446,
            "Cluster2": 0.0856916233897,
            "Cluster3": 0.154650643468,
            "Cluster4": 0.152969688177,
            "Cluster5": 0.46067276597
        },
        "probability": 0.46067276597,
        "value": "Cluster5"
    },
    "timbre": {
        "all": {
            "bright": 0.0204943325371,
            "dark": 0.97950565815
        },
        "probability": 0.97950565815,
        "value": "dark"
    },
    "tonal_atonal": {
        "all": {
            "atonal": 0.995674848557,
            "tonal": 0.00432516960427
        },
        "probability": 0.995674848557,
        "value": "atonal"
    },
    "voice_instrumental": {
        "all": {
            "instrumental": 0.412288188934,
            "voice": 0.587711811066
        },
        "probability": 0.587711811066,
        "value": "voice"
    }
},
"lowlevel": {
    "average_loudness": 0.961464226246,
    "barkbands_crest": {
        "dmean": 3.69569540024,
        "dmean2": 5.9348988533,
        "dvar": 11.8823461533,
        "dvar2": 27.8597145081,
        "max": 25.9311752319,
        "mean": 16.5291080475,
        "median": 17.7126235962,
        "min": 1.93209314346,
        "stdev": 5.79045677185,
        "var": 33.5293922424
    },
    "barkbands_flatness_db": {
        "dmean": 0.0525544248521,
        "dmean2": 0.077843517065,
        "dvar": 0.0022351173684,
        "dvar2": 0.00469089765102,
        "max": 0.746468186378,
        "mean": 0.212886303663,
        "median": 0.212167516351,
        "min": 0.016055887565,
        "stdev": 0.105280220509,
        "var": 0.0110839251429
    },
    "barkbands_kurtosis": {
        "dmean": 26.9164810181,
        "dmean2": 41.2224693298,
        "dvar": 1288.62011719,
        "dvar2": 3022.64501953,
        "max": 855.940795898,
        "mean": 43.4179115295,
        "median": 24.0728034973,
        "min": -1.91145634651,
        "stdev": 55.0305099487,
        "var": 3028.35717773
    },
    "barkbands_skewness": {
        "dmean": 1.76154029369,
        "dmean2": 2.61020088196,
        "dvar": 2.69394516945,
        "dvar2": 6.06928253174,
        "max": 23.213891983,
        "mean": 4.76961565018,
        "median": 4.52910423279,
        "min": -3.40528941154,
        "stdev": 3.3475382328,
        "var": 11.2060127258
    },
    "barkbands_spread": {
        "dmean": 12.1456804276,
        "dmean2": 19.1671104431,
        "dvar": 277.658172607,
        "dvar2": 606.467590332,
        "max": 110.889610291,
        "mean": 21.3745117188,
        "median": 8.10351085663,
        "min": 0.142728552222,
        "stdev": 25.9623661041,
        "var": 674.044433594
    },
    "dissonance": {
        "dmean": 0.0188564565033,
        "dmean2": 0.0316194295883,
        "dvar": 0.000433176930528,
        "dvar2": 0.00114473572467,
        "max": 0.500000059605,
        "mean": 0.470932304859,
        "median": 0.478747844696,
        "min": 0.101246148348,
        "stdev": 0.028784411028,
        "var": 0.00082854233915
    },
    "dynamic_complexity": 2.74360370636,
    "erbbands_crest": {
        "dmean": 2.18663263321,
        "dmean2": 3.51972794533,
        "dvar": 4.12760782242,
        "dvar2": 9.97798538208,
        "max": 30.819393158,
        "mean": 6.85309791565,
        "median": 6.11836433411,
        "min": 2.23104357719,
        "stdev": 3.05779051781,
        "var": 9.35008239746
    },
    "erbbands_flatness_db": {
        "dmean": 0.0246855895966,
        "dmean2": 0.0379391387105,
        "dvar": 0.000711317406967,
        "dvar2": 0.00164337537717,
        "max": 0.547114491463,
        "mean": 0.114382632077,
        "median": 0.0983127355576,
        "min": 0.0470794476569,
        "stdev": 0.0565461069345,
        "var": 0.00319746206515
    },
    "erbbands_kurtosis": {
        "dmean": 1.62692058086,
        "dmean2": 2.55569577217,
        "dvar": 15.8293418884,
        "dvar2": 36.0174217224,
        "max": 264.199462891,
        "mean": 0.870773494244,
        "median": -0.244019627571,
        "min": -1.86796486378,
        "stdev": 8.2313041687,
        "var": 67.7543640137
    },
    "erbbands_skewness": {
        "dmean": 0.585229039192,
        "dmean2": 0.880228281021,
        "dvar": 0.325537353754,
        "dvar2": 0.723857402802,
        "max": 12.4792566299,
        "mean": 0.206311106682,
        "median": 0.25388032198,
        "min": -3.38835668564,
        "stdev": 1.03873229027,
        "var": 1.07896471024
    },
    "erbbands_spread": {
        "dmean": 21.3164234161,
        "dmean2": 32.8881187439,
        "dvar": 382.465057373,
        "dvar2": 873.474487305,
        "max": 177.861831665,
        "mean": 67.2245025635,
        "median": 64.3834838867,
        "min": 0.463451951742,
        "stdev": 32.6462211609,
        "var": 1065.77575684
    },
    "hfc": {
        "dmean": 18.2600650787,
        "dmean2": 27.6723918915,
        "dvar": 547.160339355,
        "dvar2": 1235.04528809,
        "max": 212.982025146,
        "mean": 27.9576015472,
        "median": 17.0394420624,
        "min": 1.08417166606e-16,
        "stdev": 28.6934585571,
        "var": 823.31451416
    },
    "loudness_ebu128": {
        "integrated": -10.1333179474,
        "loudness_range": 2.68158817291,
        "momentary": {
            "dmean": 0.510851383209,
            "dmean2": 0.728440105915,
            "dvar": 0.374979048967,
            "dvar2": 0.403519660234,
            "max": -7.02268123627,
            "mean": -10.7344341278,
            "median": -10.2843151093,
            "min": -105.477012634,
            "stdev": 4.6734457016,
            "var": 21.8410968781
        },
        "short_term": {
            "dmean": 0.103350177407,
            "dmean2": 0.144028514624,
            "dvar": 0.00681062415242,
            "dvar2": 0.0123126674443,
            "max": -8.69981765747,
            "mean": -10.3305873871,
            "median": -9.83275794983,
            "min": -20.1429920197,
            "stdev": 1.3569688797,
            "var": 1.84136450291
        }
    },
    "melbands_crest": {
        "dmean": 4.32729768753,
        "dmean2": 6.68319559097,
        "dvar": 18.487159729,
        "dvar2": 44.2501831055,
        "max": 38.2181396484,
        "mean": 25.6100482941,
        "median": 26.9321022034,
        "min": 1.72514176369,
        "stdev": 8.15015220642,
        "var": 66.424987793
    },
    "melbands_flatness_db": {
        "dmean": 0.063995487988,
        "dmean2": 0.0945945233107,
        "dvar": 0.00325755379163,
        "dvar2": 0.00678488891572,
        "max": 0.919298171997,
        "mean": 0.311299145222,
        "median": 0.320384323597,
        "min": 0.00389009248465,
        "stdev": 0.131394669414,
        "var": 0.017264559865
    },
    "melbands_kurtosis": {
        "dmean": 69.6728439331,
        "dmean2": 106.726760864,
        "dvar": 9577.79492188,
        "dvar2": 21623.8945312,
        "max": 1681.26660156,
        "mean": 129.806762695,
        "median": 75.8525543213,
        "min": -1.75056421757,
        "stdev": 158.894546509,
        "var": 25247.4765625
    },
    "melbands_skewness": {
        "dmean": 2.44145178795,
        "dmean2": 3.75817966461,
        "dvar": 6.02964878082,
        "dvar2": 12.9307804108,
        "max": 33.6673965454,
        "mean": 7.9960026741,
        "median": 7.27275180817,
        "min": -1.68963217735,
        "stdev": 4.88653850555,
        "var": 23.8782577515
    },
    "melbands_spread": {
        "dmean": 10.5773420334,
        "dmean2": 16.5448360443,
        "dvar": 404.593811035,
        "dvar2": 884.872192383,
        "max": 231.833358765,
        "mean": 16.5551681519,
        "median": 4.07281398773,
        "min": 0.111342057586,
        "stdev": 30.1503429413,
        "var": 909.043151855
    },
    "pitch_salience": {
        "dmean": 0.114770948887,
        "dmean2": 0.186023935676,
        "dvar": 0.011252257973,
        "dvar2": 0.0268601700664,
        "max": 0.987346827984,
        "mean": 0.375841468573,
        "median": 0.348779201508,
        "min": 0.0486048869789,
        "stdev": 0.177146151662,
        "var": 0.0313807576895
    },
    "silence_rate_20dB": {
        "dmean": 0.000651338486932,
        "dmean2": 0.00130276184063,
        "dvar": 0.000650899251923,
        "dvar2": 0.00195249111857,
        "max": 1,
        "mean": 0.999674379826,
        "median": 1,
        "min": 0,
        "stdev": 0.0180422198027,
        "var": 0.00032552171615
    },
    "silence_rate_30dB": {
        "dmean": 0.122321367264,
        "dmean2": 0.24465867877,
        "dvar": 0.107369489968,
        "dvar2": 0.214094370604,
        "max": 1,
        "mean": 0.638009667397,
        "median": 1,
        "min": 0,
        "stdev": 0.480577021837,
        "var": 0.230954274535
    },
    "silence_rate_60dB": {
        "dmean": 0.0123754311353,
        "dmean2": 0.0247524753213,
        "dvar": 0.0122217359021,
        "dvar2": 0.0310422405601,
        "max": 1,
        "mean": 0.0201250482351,
        "median": 0,
        "min": 0,
        "stdev": 0.140426501632,
        "var": 0.0197196006775
    },
    "spectral_centroid": {
        "dmean": 536.705810547,
        "dmean2": 821.129577637,
        "dvar": 378202,
        "dvar2": 709652.375,
        "max": 11413.0537109,
        "mean": 1395.97802734,
        "median": 963.80065918,
        "min": 64.1135787964,
        "stdev": 1170.53283691,
        "var": 1370147.125
    },
    "spectral_complexity": {
        "dmean": 5.14453220367,
        "dmean2": 7.95753002167,
        "dvar": 38.4032707214,
        "dvar2": 75.5083999634,
        "max": 59,
        "mean": 13.9546051025,
        "median": 12,
        "min": 0,
        "stdev": 9.29979324341,
        "var": 86.4861526489
    },
    "spectral_decrease": {
        "dmean": 9.75818892357e-09,
        "dmean2": 1.46719552063e-08,
        "dvar": 1.13596223831e-16,
        "dvar2": 2.90238936341e-16,
        "max": 1.20578321032e-28,
        "mean": -2.39690631787e-08,
        "median": -1.8037205507e-08,
        "min": -1.22621884202e-07,
        "stdev": 1.96480787196e-08,
        "var": 3.86046965354e-16
    },
    "spectral_energy": {
        "dmean": 0.0373744219542,
        "dmean2": 0.056092210114,
        "dvar": 0.00161030702293,
        "dvar2": 0.00412686774507,
        "max": 0.465697854757,
        "mean": 0.0930008143187,
        "median": 0.0700614824891,
        "min": 9.83161996039e-21,
        "stdev": 0.0741033777595,
        "var": 0.00549131073058
    },
    "spectral_energyband_high": {
        "dmean": 0.00200456450693,
        "dmean2": 0.00309241819195,
        "dvar": 7.57347379476e-06,
        "dvar2": 1.69599170476e-05,
        "max": 0.0254854559898,
        "mean": 0.00233242567629,
        "median": 0.000815314124338,
        "min": 7.10365827175e-21,
        "stdev": 0.00339411874302,
        "var": 1.15200427899e-05
    },
    "spectral_energyband_low": {
        "dmean": 0.0366031117737,
        "dmean2": 0.0573118403554,
        "dvar": 0.00182597781532,
        "dvar2": 0.00465565081686,
        "max": 0.451786458492,
        "mean": 0.081359423697,
        "median": 0.0607703775167,
        "min": 2.03808383756e-23,
        "stdev": 0.0724236443639,
        "var": 0.00524518452585
    },
    "spectral_energyband_middle_high": {
        "dmean": 0.000980028300546,
        "dmean2": 0.00158209202345,
        "dvar": 1.89003822015e-06,
        "dvar2": 4.49681192549e-06,
        "max": 0.0161197409034,
        "mean": 0.00186715158634,
        "median": 0.00122883706354,
        "min": 1.39151145882e-21,
        "stdev": 0.00191949028522,
        "var": 3.68444307242e-06
    },
    "spectral_energyband_middle_low": {
        "dmean": 0.0073556327261,
        "dmean2": 0.0124883782119,
        "dvar": 0.000276301550912,
        "dvar2": 0.000726548896637,
        "max": 0.136453926563,
        "mean": 0.00930355582386,
        "median": 0.00467505957931,
        "min": 1.89813540069e-22,
        "stdev": 0.0154943633825,
        "var": 0.000240075300098
    },
    "spectral_entropy": {
        "dmean": 0.350204408169,
        "dmean2": 0.53262668848,
        "dvar": 0.131990104914,
        "dvar2": 0.297461777925,
        "max": 9.82705116272,
        "mean": 7.77737855911,
        "median": 7.96330451965,
        "min": 2.96489572525,
        "stdev": 0.721525609493,
        "var": 0.520599246025
    },
    "spectral_flux": {
        "dmean": 0.0562868900597,
        "dmean2": 0.0878394395113,
        "dvar": 0.00291039701551,
        "dvar2": 0.00587271107361,
        "max": 0.51428604126,
        "mean": 0.143184661865,
        "median": 0.112005330622,
        "min": 6.48852707674e-11,
        "stdev": 0.0930124893785,
        "var": 0.00865132268518
    },
    "spectral_kurtosis": {
        "dmean": 3.33159208298,
        "dmean2": 5.44559574127,
        "dvar": 144.17741394,
        "dvar2": 396.218841553,
        "max": 419.094024658,
        "mean": 6.03845739365,
        "median": 1.14179229736,
        "min": -1.24734687805,
        "stdev": 25.5279083252,
        "var": 651.674072266
    },
    "spectral_rms": {
        "dmean": 0.00190329749603,
        "dmean2": 0.00276824994944,
        "dvar": 2.96287157653e-06,
        "dvar2": 6.81688970872e-06,
        "max": 0.0213152375072,
        "mean": 0.00868758000433,
        "median": 0.0082675665617,
        "min": 3.09706709063e-12,
        "stdev": 0.00390617409721,
        "var": 1.5258196072e-05
    },
    "spectral_rolloff": {
        "dmean": 916.371887207,
        "dmean2": 1578.77868652,
        "dvar": 3460100,
        "dvar2": 8028655,
        "max": 19530.6152344,
        "mean": 1301.40612793,
        "median": 129.19921875,
        "min": 43.06640625,
        "stdev": 2551.58227539,
        "var": 6510572.5
    },
    "spectral_skewness": {
        "dmean": 0.462571442127,
        "dmean2": 0.710010051727,
        "dvar": 0.443409949541,
        "dvar2": 1.06602776051,
        "max": 18.234703064,
        "mean": 1.535187006,
        "median": 1.13488554955,
        "min": -0.0659106522799,
        "stdev": 1.5222966671,
        "var": 2.31738710403
    },
    "spectral_spread": {
        "dmean": 1095466.625,
        "dmean2": 1702386.75,
        "dvar": 1.52348485222e+12,
        "dvar2": 3.49255683277e+12,
        "max": 41850296,
        "mean": 7318585,
        "median": 7817724,
        "min": 298967.90625,
        "stdev": 2229377,
        "var": 4.97012231373e+12
    },
    "spectral_strongpeak": {
        "dmean": 0.249848872423,
        "dmean2": 0.419626235962,
        "dvar": 0.108525715768,
        "dvar2": 0.284888982773,
        "max": 8.06127071381,
        "mean": 0.532983362675,
        "median": 0.478272289038,
        "min": 0,
        "stdev": 0.390952378511,
        "var": 0.152843773365
    },
    "zerocrossingrate": {
        "dmean": 0.0197937898338,
        "dmean2": 0.0226090885699,
        "dvar": 0.000497307744808,
        "dvar2": 0.000545207120012,
        "max": 0.751953125,
        "mean": 0.055526997894,
        "median": 0.0302734375,
        "min": 0.0009765625,
        "stdev": 0.0624648854136,
        "var": 0.00390186207369
    },
    "barkbands": {
        "dmean": [0.00508580030873, 0.0316105522215, 0.011371480301, 0.00397645542398, 0.00350769306533, 0.000733208667953, 0.00027014981606, 0.000214324070839, 0.000322631385643, 0.000279731611954, 0.000218495246372, 0.000133305526106, 0.000142603108543, 0.000109057371446, 7.34260538593e-05, 5.98535116296e-05, 7.58308524382e-05, 6.88570871716e-05, 9.62895865086e-05, 0.000354382180376, 0.00026473615435, 0.000298447266687, 0.000424307159847, 0.000412894121837, 0.000352489674697, 0.000117965653772, 1.96484470507e-05],
        "dmean2": [0.00706149917096, 0.0475335307419, 0.0190226938576, 0.00714989518747, 0.00637416914105, 0.00120766879991, 0.000446945457952, 0.000340511614922, 0.000558661704417, 0.000427606428275, 0.000369977729861, 0.000226352814934, 0.00024093236425, 0.000181368654012, 0.000125316539197, 9.68086096691e-05, 0.000121615987155, 0.000112371322757, 0.000155710833496, 0.000595376302954, 0.000436863687355, 0.000458160560811, 0.000686618965119, 0.000654514762573, 0.00055580586195, 0.000177333800821, 3.09082643071e-05],
        "dvar": [5.57873863727e-05, 0.00149909977335, 0.000630147813354, 8.43693705974e-05, 9.17848665267e-05, 1.69918337178e-06, 2.73699271247e-07, 1.6337320119e-07, 4.89615104016e-07, 2.13352606693e-07, 1.01835858857e-07, 4.02678246303e-08, 4.61120954753e-08, 2.4661607867e-08, 2.36332802217e-08, 2.05695673827e-08, 2.69300315381e-08, 1.96491534155e-08, 2.50221408038e-08, 3.14055995432e-07, 1.47186838717e-07, 1.81239187214e-07, 3.71450653347e-07, 3.42639253859e-07, 2.41624320552e-07, 3.23827826776e-08, 1.00706454287e-09],
        "dvar2": [0.000105068182165, 0.00378373987041, 0.00156583520584, 0.000237478685449, 0.000265299255261, 4.19492653236e-06, 7.29759676688e-07, 4.22350979079e-07, 1.37220843044e-06, 4.44317720394e-07, 2.66061050525e-07, 1.08584927716e-07, 1.22860043916e-07, 6.39650608036e-08, 6.13343118516e-08, 4.82761173259e-08, 6.2517770516e-08, 4.63362681558e-08, 5.874954212e-08, 7.39962956686e-07, 3.54917034429e-07, 3.97780581807e-07, 9.18879834444e-07, 7.85450822605e-07, 5.44156534943e-07, 6.89890029548e-08, 2.31675412188e-09],
        "max": [0.0881267860532, 0.419956833124, 0.251813173294, 0.0797671079636, 0.102915585041, 0.0146367810667, 0.0129433721304, 0.00844153109938, 0.00896341633052, 0.00946250464767, 0.00561335636303, 0.0032960602548, 0.0034152250737, 0.00245619239286, 0.00288521591574, 0.00272608431987, 0.00304199010134, 0.00231389910914, 0.0025221677497, 0.00558576639742, 0.00373316160403, 0.00507137738168, 0.00549457874149, 0.00664614513516, 0.0047852084972, 0.00182649539784, 0.000337853532983],
        "mean": [0.00841716583818, 0.0589169375598, 0.0123079568148, 0.0036608336959, 0.00329741928726, 0.000967959873378, 0.000391666166252, 0.000333396164933, 0.000407477084082, 0.000552907178644, 0.000314595294185, 0.000194581371034, 0.00022039936448, 0.000163060685736, 8.08840050013e-05, 6.05237910349e-05, 8.03760121926e-05, 6.79325967212e-05, 0.000110690722067, 0.000371814501705, 0.000252613826888, 0.00039570327499, 0.000440816540504, 0.000464420329081, 0.000377543387003, 0.000132372588268, 1.86195084098e-05],
        "median": [0.00384109606966, 0.0439378283918, 0.00287490012124, 0.00133692636155, 0.00102331140079, 0.000330436450895, 0.000160634313943, 0.000164805795066, 0.000180175717105, 0.000196367269382, 0.000174890330527, 0.000120907199744, 0.000128180137835, 9.97645111056e-05, 3.46775632352e-05, 1.37790138979e-05, 1.54757435666e-05, 1.46892871271e-05, 3.81647478207e-05, 7.78471512604e-05, 7.94742954895e-05, 0.00012670691649, 0.000157458183821, 0.000168226892129, 0.000134163943585, 4.0425460611e-05, 4.6968298193e-06],
        "min": [1.27321361242e-24, 6.67767206396e-24, 1.46508943369e-24, 1.84005513789e-24, 1.20073961999e-23, 1.79216007912e-23, 2.38636103628e-23, 1.24113734472e-23, 2.32263843008e-23, 3.0326034629e-23, 1.77420749818e-23, 4.10071040006e-23, 6.32073475022e-23, 4.90811237645e-23, 5.51961936415e-23, 5.73621532518e-23, 7.14576524349e-23, 1.10482115478e-22, 1.78540351702e-22, 2.7050032867e-22, 2.97757126397e-22, 3.41354426781e-22, 3.80936538754e-22, 6.35061200504e-22, 9.3593214391e-22, 1.44023898042e-21, 2.09812504449e-21],
        "stdev": [0.0112588359043, 0.0581731162965, 0.0247314479202, 0.00774927949533, 0.00777360238135, 0.0015131161781, 0.000608607719187, 0.000467005185783, 0.000665065192152, 0.000921304803342, 0.000401433993829, 0.000226431759074, 0.000262745190412, 0.000189557249541, 0.000150559688336, 0.00015143561177, 0.000179911308805, 0.000149935221998, 0.000184358665138, 0.000627942557912, 0.000397467141738, 0.000578885606956, 0.000657065189444, 0.000686563726049, 0.000572238117456, 0.000217834531213, 3.40170081472e-05],
        "var": [0.000126761384308, 0.00338411144912, 0.000611644471064, 6.00513340032e-05, 6.04288907198e-05, 2.28952058023e-06, 3.70403370198e-07, 2.18093830995e-07, 4.42311687721e-07, 8.48802528708e-07, 1.61149245059e-07, 5.1271342727e-08, 6.90350319132e-08, 3.59319507481e-08, 2.26682193016e-08, 2.2932743704e-08, 3.23680779957e-08, 2.24805702942e-08, 3.39881154332e-08, 3.94311882701e-07, 1.57980124982e-07, 3.35108524041e-07, 4.31734633821e-07, 4.71369730803e-07, 3.27456433524e-07, 4.74518841997e-08, 1.15715692584e-09]
    },
    "erbbands": {
        "dmean": [1.51937532425, 5.61564683914, 11.2748365402, 12.3147325516, 14.2330350876, 10.6714820862, 5.54347705841, 6.52325248718, 4.30396842957, 4.10635709763, 4.71824121475, 7.52784776688, 9.41796588898, 5.05367231369, 10.3575735092, 5.28246259689, 5.9856095314, 5.96132946014, 4.51590776443, 3.15783762932, 3.6107468605, 4.2882475853, 4.03051757812, 3.14778804779, 8.85893058777, 15.5521268845, 10.4691495895, 11.5555286407, 11.6259117126, 12.8559761047, 10.0974502563, 9.94108295441, 6.46939992905, 4.94278717041, 1.80578076839, 0.638206064701, 0.186136052012, 0.0423879660666, 0.00318028707989, 0.000158286391525],
        "dmean2": [2.27830719948, 8.43317222595, 18.0964679718, 20.8840866089, 26.3171920776, 19.1933574677, 9.73166847229, 10.3633365631, 7.06618928909, 6.73472738266, 7.58562135696, 12.9942026138, 14.638302803, 8.15857791901, 17.4795722961, 8.93277263641, 10.0300483704, 10.1074581146, 7.5606842041, 5.24973630905, 5.83330774307, 6.77991914749, 6.52876520157, 4.93782329559, 15.1686315536, 26.0327510834, 16.9418067932, 18.9637794495, 18.2849388123, 20.5886878967, 16.2864990234, 15.8408069611, 10.3701515198, 7.96668863297, 2.80568671227, 0.966869950294, 0.280501902103, 0.0655509084463, 0.00492650642991, 0.000237771717366],
        "dvar": [3.47753334045, 56.0305709839, 597.739501953, 553.981384277, 1693.32556152, 767.442504883, 123.625915527, 138.168685913, 60.01197052, 63.1275253296, 81.8146362305, 271.093170166, 250.175003052, 56.8023719788, 246.856369019, 68.5815582275, 82.9708938599, 67.0261230469, 70.7273101807, 51.4700546265, 66.7196884155, 85.129989624, 68.0954055786, 36.5563278198, 187.646148682, 617.798339844, 241.377380371, 271.24508667, 270.465454102, 336.001098633, 207.523345947, 223.369613647, 84.6941223145, 46.943687439, 7.03623580933, 0.992638349533, 0.0837948918343, 0.00410268967971, 2.74139001704e-05, 7.15020433972e-08],
        "dvar2": [8.18940258026, 138.187530518, 1380.30505371, 1380.22375488, 4891.43310547, 2213.43432617, 345.717041016, 329.691253662, 157.821517944, 167.473739624, 209.19670105, 759.426086426, 546.296936035, 141.196899414, 645.165527344, 184.893844604, 217.640411377, 178.768356323, 185.445404053, 125.093460083, 155.031097412, 193.608535767, 160.597427368, 81.5107879639, 474.929840088, 1423.34118652, 550.217956543, 655.883178711, 608.641906738, 807.542724609, 503.002685547, 508.982513428, 199.562942505, 111.064071655, 14.9902229309, 2.14320731163, 0.172005996108, 0.0093089165166, 6.09455128142e-05, 1.52418422772e-07],
        "max": [17.1927833557, 79.9098815918, 248.048019409, 227.711593628, 339.726013184, 417.902954102, 185.182647705, 151.172409058, 171.830413818, 246.456253052, 173.762527466, 219.979873657, 355.985321045, 135.036361694, 298.202972412, 159.2552948, 147.288024902, 116.634033203, 190.649703979, 119.661155701, 145.884140015, 153.76423645, 137.308410645, 97.1454162598, 156.953018188, 264.015777588, 154.416702271, 174.733169556, 206.644775391, 188.815368652, 151.738510132, 191.359283447, 97.1028366089, 65.3746185303, 30.6292171478, 11.0574703217, 3.18712639809, 0.735025405884, 0.0611700750887, 0.00315685826354],
        "mean": [2.88720941544, 8.55499076843, 13.448636055, 14.4174404144, 11.5143442154, 11.4763288498, 7.13765621185, 8.44772148132, 6.27088737488, 6.32113647461, 7.09881830215, 10.0197086334, 17.6391849518, 9.56586551666, 14.7364625931, 8.34010028839, 9.71074295044, 9.44688987732, 5.87132024765, 3.48194789886, 3.66773986816, 4.67624235153, 4.05346107483, 3.33048701286, 8.86010169983, 16.8873672485, 11.4425125122, 11.3965501785, 13.60795784, 15.1346387863, 11.0566053391, 10.4880104065, 7.52023029327, 5.20602560043, 2.02057337761, 0.719832479954, 0.208839416504, 0.0430298671126, 0.00317138480023, 0.000240612236666],
        "median": [1.86993074417, 5.71837425232, 4.17542409897, 5.88932037354, 3.37385940552, 3.4695250988, 2.62206125259, 2.94507408142, 2.60961532593, 2.79689311981, 3.78083753586, 4.38350725174, 6.35802555084, 5.3359503746, 7.93419647217, 5.21682548523, 5.80947685242, 6.14453077316, 3.06436252594, 1.15587627888, 0.801622033119, 0.916743755341, 0.864393949509, 0.887320101261, 3.0147330761, 3.62309217453, 3.07532167435, 4.19424533844, 4.72857666016, 4.68326663971, 4.28178119659, 3.38602304459, 2.87061071396, 1.97657155991, 0.643088817596, 0.213416278362, 0.0613704398274, 0.0126334559172, 0.000748121412471, 0.000158220209414],
        "min": [7.66136473114e-23, 9.2861514978e-22, 1.445323738e-21, 7.55266386359e-21, 1.05310754853e-20, 5.97902302625e-20, 3.80874052892e-20, 1.13366124001e-19, 3.36563687075e-19, 2.88279810552e-19, 4.05196025722e-19, 3.99506858414e-19, 7.7757154099e-19, 1.3677112964e-18, 1.32846705641e-18, 2.05703543563e-18, 2.99374075835e-18, 3.24694984284e-18, 2.37232711343e-18, 3.36910249903e-18, 4.3809822026e-18, 5.749572792e-18, 6.50524322701e-18, 6.87199236314e-18, 8.93733331251e-18, 1.23290401761e-17, 1.13811251086e-17, 1.23427531763e-17, 1.24854352146e-17, 1.11739064389e-17, 1.13087807194e-17, 1.22134110799e-17, 8.17435597757e-18, 7.52326970972e-18, 6.63300954442e-18, 4.77489595006e-18, 2.62571590291e-18, 1.08728827995e-18, 2.78143022338e-19, 3.07275011655e-20],
        "stdev": [3.03835725784, 9.56997871399, 25.4058818817, 23.8383483887, 31.9786834717, 24.263299942, 11.80900383, 13.2547979355, 8.9688911438, 9.32282352448, 9.86308574677, 16.1861515045, 29.199010849, 12.1548042297, 19.4641819, 9.623005867, 11.372838974, 10.0995073318, 8.66509532928, 7.46080875397, 8.7564907074, 10.3498907089, 8.87781238556, 6.75060319901, 14.1678667068, 28.7944221497, 18.08294487, 17.1897449493, 19.9777984619, 22.2540931702, 16.1404724121, 16.7552509308, 10.7920637131, 7.61253976822, 3.23256063461, 1.20576310158, 0.350545078516, 0.0720776244998, 0.00581058114767, 0.000301954743918],
        "var": [9.23161506653, 91.5844955444, 645.45880127, 568.266845703, 1022.63623047, 588.707763672, 139.452560425, 175.689666748, 80.4410095215, 86.9150314331, 97.2804641724, 261.991516113, 852.582214355, 147.739273071, 378.854400635, 92.6022338867, 129.341461182, 102.000053406, 75.0838775635, 55.6636695862, 76.6761322021, 107.120231628, 78.8155593872, 45.5706443787, 200.728439331, 829.118774414, 326.992889404, 295.487335205, 399.112457275, 495.244628906, 260.514862061, 280.738464355, 116.468635559, 57.9507637024, 10.4494476318, 1.45386469364, 0.12288185209, 0.00519518367946, 3.37628553098e-05, 9.11766662171e-08]
    },
    "gfcc": {
        "mean": [0.166140198708, 65.7609786987, -54.6446418762, 41.7461853027, -52.4461097717, 46.7464256287, -14.0766239166, 11.273771286, -20.4465484619, 11.3171167374, -9.33854389191, 0.249123513699, -7.64704608917],
        "cov": [[10564.8994141, -1945.62573242, -538.131225586, 619.489501953, -834.434692383, -157.570587158, -524.272766113, 182.652587891, -342.220397949, 134.578277588, -248.621047974, 178.428741455, -177.983428955], [-1945.62573242, 3215.02758789, 657.666748047, -612.673095703, 450.402008057, -105.625511169, 113.928512573, -341.828918457, 156.124221802, -219.793426514, 110.930480957, -197.683944702, 117.075172424], [-538.131225586, 657.666748047, 810.188598633, 271.069580078, 69.433555603, -137.19770813, -64.4454498291, -135.695648193, -12.1193675995, -63.0504875183, 1.71484553814, -57.7873382568, -3.11063289642], [619.489501953, -612.673095703, 271.069580078, 538.155944824, -1.91532301903, -82.4718322754, -117.962402344, 19.854177475, -75.0515823364, 10.9667491913, -51.1395721436, 27.7454814911, -44.0730743408], [-834.434692383, 450.402008057, 69.433555603, -1.91532301903, 356.494628906, 82.2135391235, 95.7306137085, -48.2696914673, 56.7968406677, -53.4023857117, 29.8925457001, -28.2405338287, 37.2541923523], [-157.570587158, -105.625511169, -137.19770813, -82.4718322754, 82.2135391235, 401.335327148, 219.70463562, 52.0892982483, -0.427225798368, 35.0129966736, 36.1855201721, -1.92857372761, 3.12724852562], [-524.272766113, 113.928512573, -64.4454498291, -117.962402344, 95.7306137085, 219.70463562, 226.639480591, 58.8674201965, 48.0636520386, 18.4189624786, 46.4819717407, -10.466843605, 23.7866382599], [182.652587891, -341.828918457, -135.695648193, 19.854177475, -48.2696914673, 52.0892982483, 58.8674201965, 138.892181396, 37.143787384, 36.9269866943, -0.106024421751, 28.9094142914, -9.84294319153], [-342.220397949, 156.124221802, -12.1193675995, -75.0515823364, 56.7968406677, -0.427225798368, 48.0636520386, 37.143787384, 101.855728149, 23.9849796295, 28.0579853058, 2.02425193787, 19.9781894684], [134.578277588, -219.793426514, -63.0504875183, 10.9667491913, -53.4023857117, 35.0129966736, 18.4189624786, 36.9269866943, 23.9849796295, 82.7250976562, 32.064540863, 24.2693881989, -2.77308106422], [-248.621047974, 110.930480957, 1.71484553814, -51.1395721436, 29.8925457001, 36.1855201721, 46.4819717407, -0.106024421751, 28.0579853058, 32.064540863, 78.9605789185, 17.6619796753, 19.4468097687], [178.428741455, -197.683944702, -57.7873382568, 27.7454814911, -28.2405338287, -1.92857372761, -10.466843605, 28.9094142914, 2.02425193787, 24.2693881989, 17.6619796753, 64.2258987427, 17.2886390686], [-177.983428955, 117.075172424, -3.11063289642, -44.0730743408, 37.2541923523, 3.12724852562, 23.7866382599, -9.84294319153, 19.9781894684, -2.77308106422, 19.4468097687, 17.2886390686, 50.5197296143]],
        "icov": [[0.00017491861945, -0.000213983716094, 0.000300552841509, -0.000422768527642, 0.000362947524991, -0.000202740702662, 0.000320822873618, -0.000231110010645, 0.000313224736601, -0.000343031046214, 0.000422333163442, -0.000418055569753, 0.000148442253703], [-0.000213983716094, 0.00194858107716, -0.00189755484462, 0.00279797404073, -0.00146197003778, 0.000488163757836, -2.78702063952e-05, 0.00129641557578, -0.00138267071452, 0.00241675064899, -0.00199011829682, 0.00240955594927, -0.00101095740683], [0.000300552841509, -0.00189755484462, 0.00508798006922, -0.0059386221692, 0.00358861568384, -0.000120874647109, -0.00182510307059, 0.00322775915265, -0.00255550956354, 0.00146709510591, -0.000383634411264, -0.000284974521492, 0.000774436979555], [-0.000422768527642, 0.00279797404073, -0.0059386221692, 0.0104063404724, -0.0063821231015, 0.00109587504994, 0.00302310148254, -0.00442876666784, 0.00540377618745, -0.00306188082322, 0.000907651847228, 0.000308371963911, 0.000331532937707], [0.000362947524991, -0.00146197003778, 0.00358861568384, -0.0063821231015, 0.00915368366987, -0.00188990647439, -0.00267087528482, 0.00553269591182, -0.0076204338111, 0.0068872300908, -0.00189877324738, -9.87972161965e-05, -0.000821404275484], [-0.000202740702662, 0.000488163757836, -0.000120874647109, 0.00109587504994, -0.00188990647439, 0.00745648751035, -0.00793123058975, 0.00118773058057, 0.00376309780404, -0.00281270290725, 0.000773367471993, -0.000852294440847, 0.00235232315026], [0.000320822873618, -2.78702063952e-05, -0.00182510307059, 0.00302310148254, -0.00267087528482, -0.00793123058975, 0.0190805923194, -0.0104327667505, 0.00173782510683, -0.00139709620271, -0.00330820865929, 0.00552428141236, -0.00621717330068], [-0.000231110010645, 0.00129641557578, 0.00322775915265, -0.00442876666784, 0.00553269591182, 0.00118773058057, -0.0104327667505, 0.0238126832992, -0.0153397442773, 0.00761430198327, -5.82162574574e-05, -0.00448136683553, 0.0059549077414], [0.000313224736601, -0.00138267071452, -0.00255550956354, 0.00540377618745, -0.0076204338111, 0.00376309780404, 0.00173782510683, -0.0153397442773, 0.0292584132403, -0.0169028993696, 0.00403003394604, -0.000531184079591, -0.00342350150459], [-0.000343031046214, 0.00241675064899, 0.00146709510591, -0.00306188082322, 0.0068872300908, -0.00281270290725, -0.00139709620271, 0.00761430198327, -0.0169028993696, 0.0334792993963, -0.0154118118808, 0.00200875615701, 0.00161384465173], [0.000422333163442, -0.00199011829682, -0.000383634411264, 0.000907651847228, -0.00189877324738, 0.000773367471993, -0.00330820865929, -5.82162574574e-05, 0.00403003394604, -0.0154118118808, 0.0268357992172, -0.011273897253, 0.000855051912367], [-0.000418055569753, 0.00240955594927, -0.000284974521492, 0.000308371963911, -9.87972161965e-05, -0.000852294440847, 0.00552428141236, -0.00448136683553, -0.000531184079591, 0.00200875615701, -0.011273897253, 0.0335325598717, -0.0169691741467], [0.000148442253703, -0.00101095740683, 0.000774436979555, 0.000331532937707, -0.000821404275484, 0.00235232315026, -0.00621717330068, 0.0059549077414, -0.00342350150459, 0.00161384465173, 0.000855051912367, -0.0169691741467, 0.0344649404287]]
    },
    "melbands": {
        "dmean": [0.0105339242145, 0.00510588428006, 0.00199492834508, 0.000903509964701, 0.000224574789172, 0.000140140167787, 6.21758808848e-05, 4.56665038655e-05, 4.14743881265e-05, 4.85758682771e-05, 4.79383743368e-05, 2.25330222747e-05, 3.04886925733e-05, 1.85156368389e-05, 1.47803057189e-05, 1.3961640434e-05, 1.1122628166e-05, 7.92395258031e-06, 5.03505589222e-06, 3.99589771405e-06, 4.44166698799e-06, 4.68541611554e-06, 4.10454049415e-06, 3.05232038045e-06, 2.357667654e-06, 4.47091088063e-06, 1.01318655652e-05, 1.07064215626e-05, 7.27904307496e-06, 6.82340350977e-06, 6.60999876345e-06, 6.48436844131e-06, 6.0673387452e-06, 8.37060906633e-06, 5.21684978594e-06, 6.87705005475e-06, 6.21165327175e-06, 4.61248646388e-06, 4.6144314183e-06, 4.06747176385e-06],
        "dmean2": [0.0161012057215, 0.00756816798821, 0.00331015698612, 0.00164843106177, 0.000393450085539, 0.000223481780267, 0.000101946156065, 7.40951218177e-05, 6.7448556365e-05, 8.39247441036e-05, 7.42746778997e-05, 3.58550751116e-05, 5.16581167176e-05, 3.12973388645e-05, 2.46863928623e-05, 2.38650136453e-05, 1.8799197278e-05, 1.32353952722e-05, 8.52949324326e-06, 6.59331089992e-06, 7.27743918105e-06, 7.47702006265e-06, 6.72045052852e-06, 4.9277718972e-06, 3.73766602024e-06, 7.35822641218e-06, 1.81132818398e-05, 1.75675868377e-05, 1.19246105896e-05, 1.12775342131e-05, 1.10458076961e-05, 1.03745442175e-05, 9.23871630221e-06, 1.39756784847e-05, 8.65660695126e-06, 1.1086329323e-05, 9.98403356789e-06, 7.37721848054e-06, 7.48228694647e-06, 6.65571405989e-06],
        "dvar": [0.000172549800482, 7.25131612853e-05, 1.55665875354e-05, 6.15739327259e-06, 2.31960498809e-07, 6.20008790975e-08, 1.32296111843e-08, 7.70342190037e-09, 6.25685458999e-09, 1.1279222889e-08, 6.42531805539e-09, 1.24235088883e-09, 2.02133776384e-09, 7.40786709752e-10, 4.96096330682e-10, 4.83628026515e-10, 2.31364510883e-10, 2.0948946744e-10, 1.24586507777e-10, 9.82087258738e-11, 1.03772691828e-10, 1.05041683685e-10, 7.7637639373e-11, 4.08179150202e-11, 2.34316541864e-11, 5.34961935861e-11, 3.12085607357e-10, 3.25993704253e-10, 1.35473854357e-10, 1.01644283268e-10, 9.1253740675e-11, 8.56949580741e-11, 8.26902990525e-11, 1.57019078295e-10, 5.5497301199e-11, 1.46080911256e-10, 8.09087449816e-11, 4.32921129501e-11, 4.4136885119e-11, 3.23715602935e-11],
        "dvar2": [0.000420068652602, 0.000154787107022, 3.67994070984e-05, 1.78416376002e-05, 6.55984081277e-07, 1.49175193087e-07, 3.46949704522e-08, 2.02836289986e-08, 1.62250177738e-08, 3.16445465387e-08, 1.3900702811e-08, 2.90653145996e-09, 5.3374540343e-09, 1.96688088039e-09, 1.30585542379e-09, 1.3222396511e-09, 6.16282747057e-10, 5.48566470027e-10, 3.1767022346e-10, 2.39136460634e-10, 2.48099069067e-10, 2.43853964799e-10, 1.86605036978e-10, 9.63498794637e-11, 5.36612004831e-11, 1.29104824054e-10, 8.34110780445e-10, 7.04132141482e-10, 3.16093762276e-10, 2.43720432724e-10, 2.26567431483e-10, 1.94859461899e-10, 1.78709200216e-10, 4.02074235017e-10, 1.41100089945e-10, 3.46211587177e-10, 1.87673585006e-10, 1.02235865607e-10, 1.03045967592e-10, 7.95948099097e-11],
        "max": [0.134992524981, 0.0954664647579, 0.0337879732251, 0.025699224323, 0.00706739909947, 0.00315467268229, 0.00243985024281, 0.00263578840531, 0.00142925267573, 0.00143442687113, 0.00178149284329, 0.000730996835046, 0.000789999496192, 0.000409185013268, 0.000421427481342, 0.000409120810218, 0.000204404292163, 0.000317707803333, 0.000144917197758, 0.000205206000828, 0.000170964718563, 0.00017089213361, 0.000155028668814, 9.96866292553e-05, 8.19028209662e-05, 0.000133681067382, 0.000172757325345, 0.000176618967089, 0.000122084238683, 9.41848193179e-05, 0.000120098200568, 0.000117056937597, 0.000119148047816, 0.00011063972488, 8.99449951248e-05, 0.000124133686768, 0.000116272036394, 7.14588895789e-05, 6.59014767734e-05, 5.19028108101e-05],
        "mean": [0.0203833058476, 0.00788147188723, 0.00242239050567, 0.000817637424916, 0.000297488615615, 0.000186397926882, 9.11517563509e-05, 7.00163218426e-05, 5.91173411522e-05, 6.30013091723e-05, 9.02677129488e-05, 4.0397138946e-05, 4.39985160483e-05, 2.71553253697e-05, 2.30945424846e-05, 2.06915501622e-05, 1.70223866007e-05, 9.98949326458e-06, 5.41587269254e-06, 4.04941420129e-06, 4.33077866546e-06, 5.04123772771e-06, 4.10958955399e-06, 2.98310715152e-06, 2.35005995819e-06, 5.09889832756e-06, 8.24146445666e-06, 1.25162259792e-05, 8.04107730801e-06, 6.46978651275e-06, 6.44660167382e-06, 7.27872566131e-06, 8.18395346869e-06, 8.66577192937e-06, 5.66009885006e-06, 7.25639711163e-06, 6.35106016489e-06, 5.5651112234e-06, 4.75725983051e-06, 4.24278641731e-06],
