{
"highlevel": {
    "danceability": {
        "all": {
            "danceable": 0.999999821186,
            "not_danceable": 1.63165509548e-07
        },
        "probability": 0.999999821186,
        "value": "danceable"
    },
    "gender": {
        "all": {
            "female": 0.0197042040527,
            "male": 0.980295777321
        },
        "probability": 0.980295777321,
        "value": "male"
    },
    "genre_electronic": {
        "all": {
            "ambient": 0.0188046824187,
            "dnb": 0.00149746984243,
            "house": 0.138780817389,
            "techno": 0.832817971706,
            "trance": 0.00809906609356
        },
        "probability": 0.832817971706,
        "value": "techno"
    },
    "mood_acoustic": {
        "all": {
            "acoustic": 0.00217814254574,
            "not_acoustic": 0.997821867466
        },
        "probability": 0.997821867466,
        "value": "not_acoustic"
    },
    "mood_aggressive": {
        "all": {
            "aggressive": 0.372136622667,
            "not_aggressive": 0.62786334753
        },
        "probability": 0.62786334753,
        "value": "not_aggressive"
    },
    "mood_electronic": {
        "all": {
            "electronic": 0.931679606438,
            "not_electronic": 0.0683204084635
        },
        "probability": 0.931679606438,
        "value": "electronic"
    },
    "mood_happy": {
        "all": {
            "happy": 0.225022137165,
            "not_happy": 0.774977862835
        },
        "probability": 0.774977862835,
        "value": "not_happy"
    },
    "mood_party": {
        "all": {
            "not_party": 0.0230169724673,
            "party": 0.976983010769
        },
        "probability": 0.976983010769,
        "value": "party"
    },
    "mood_relaxed": {
        "all": {
            "not_relaxed": 0.190476864576,
            "relaxed": 0.809523165226
        },
        "probability": 0.809523165226,
        "value": "relaxed"
    },
    "mood_sad": {
        "all": {
            "not_sad": 0.930535674095,
            "sad": 0.0694643184543
        },
        "probability": 0.930535674095,
        "value": "not_sad"
    },
    "moods_mirex": {
        "all": {
            "Cluster1": 0.0614276602864,
            "Cluster2": 0.112897738814,
            "Cluster3": 0.134465798736,
            "Cluster4": 0.51087474823,
            "Cluster5": 0.180334091187
        },
        "probability": 0.51087474823,
        "value": "Cluster4"
    },
    "timbre": {
        "all": {
            "bright": 0.000169171471498,
            "dark": 0.999830842018
        },
        "probability": 0.999830842018,
        "value": "dark"
    },
    "tonal_atonal": {
        "all": {
            "atonal": 1,
            "tonal": 3.57808470353e-11
        },
        "probability": 1,
        "value": "atonal"
    },
    "voice_instrumental": {
        "all": {
            "instrumental": 0.0955496430397,
            "voice": 0.90445035696
        },
        "probability": 0.90445035696,
        "value": "voice"
    }
},
"lowlevel": {
    "average_loudness": 0.975255668163,
    "barkbands_crest": {
        "dmean": 3.1290037632,
        "dmean2": 4.58776712418,
        "dvar": 10.1575241089,
        "dvar2": 21.0751552582,
        "max": 26.7146720886,
        "mean": 17.7718296051,
        "median": 20.1471672058,
        "min": 1.92954051495,
        "stdev": 7.01459407806,
        "var": 49.2045288086
    },
    "barkbands_flatness_db": {
        "dmean": 0.0663802698255,
        "dmean2": 0.0949711129069,
        "dvar": 0.00608891062438,
        "dvar2": 0.0111711760983,
        "max": 0.942920029163,
        "mean": 0.308803796768,
        "median": 0.275921463966,
        "min": 0.0145712308586,
        "stdev": 0.208742871881,
        "var": 0.0435735844076
    },
    "barkbands_kurtosis": {
        "dmean": 83.0398025513,
        "dmean2": 133.444320679,
        "dvar": 54555.9101562,
        "dvar2": 140051.609375,
        "max": 4561.19921875,
        "mean": 101.381523132,
        "median": 18.8112564087,
        "min": -1.89624202251,
        "stdev": 243.332672119,
        "var": 59210.7890625
    },
    "barkbands_skewness": {
        "dmean": 2.63723993301,
        "dmean2": 3.91714334488,
        "dvar": 12.9450120926,
        "dvar2": 28.5743350983,
        "max": 58.5687065125,
        "mean": 5.12630796432,
        "median": 2.84292769432,
        "min": -2.87173485756,
        "stdev": 6.08858394623,
        "var": 37.070854187
    },
    "barkbands_spread": {
        "dmean": 9.40765666962,
        "dmean2": 14.6404008865,
        "dvar": 245.380386353,
        "dvar2": 499.247894287,
        "max": 109.85320282,
        "mean": 20.1777210236,
        "median": 4.58915948868,
        "min": 0.0151281682774,
        "stdev": 27.3827362061,
        "var": 749.81427002
    },
    "dissonance": {
        "dmean": 0.0255916714668,
        "dmean2": 0.043803807348,
        "dvar": 0.00127370539121,
        "dvar2": 0.00352864945307,
        "max": 0.500000178814,
        "mean": 0.460118979216,
        "median": 0.480939745903,
        "min": 0.0802755430341,
        "stdev": 0.0515695251524,
        "var": 0.00265941605903
    },
    "dynamic_complexity": 3.56895756721,
    "erbbands_crest": {
        "dmean": 3.31518959999,
        "dmean2": 5.38924837112,
        "dvar": 10.7171630859,
        "dvar2": 24.8628406525,
        "max": 29.0745735168,
        "mean": 10.9245290756,
        "median": 9.15926361084,
        "min": 2.23558521271,
        "stdev": 6.15871858597,
        "var": 37.929813385
    },
    "erbbands_flatness_db": {
        "dmean": 0.0329369828105,
        "dmean2": 0.0494757704437,
        "dvar": 0.00176073238254,
        "dvar2": 0.00331544806249,
        "max": 0.547383129597,
        "mean": 0.182591751218,
        "median": 0.143687099218,
        "min": 0.0375395976007,
        "stdev": 0.104349508882,
        "var": 0.0108888205141
    },
    "erbbands_kurtosis": {
        "dmean": 8.90221691132,
        "dmean2": 14.5045223236,
        "dvar": 691.190307617,
        "dvar2": 1627.38134766,
        "max": 393.291168213,
        "mean": 12.1757898331,
        "median": 0.813196182251,
        "min": -1.91055655479,
        "stdev": 37.9687614441,
        "var": 1441.62683105
    },
    "erbbands_skewness": {
        "dmean": 0.903450667858,
        "dmean2": 1.39571118355,
        "dvar": 1.51846408844,
        "dvar2": 3.31179189682,
        "max": 15.2402181625,
        "mean": 0.990396201611,
        "median": 0.3615911901,
        "min": -4.89781332016,
        "stdev": 2.32657527924,
        "var": 5.41295289993
    },
    "erbbands_spread": {
        "dmean": 16.0874443054,
        "dmean2": 24.9763584137,
        "dvar": 450.793060303,
        "dvar2": 958.527526855,
        "max": 206.052947998,
        "mean": 47.0579338074,
        "median": 36.4434509277,
        "min": 0.421885430813,
        "stdev": 38.4599113464,
        "var": 1479.16491699
    },
    "hfc": {
        "dmean": 24.8603801727,
        "dmean2": 36.0858345032,
        "dvar": 2513.00097656,
        "dvar2": 5544.46044922,
        "max": 518.555603027,
        "mean": 33.4054679871,
        "median": 12.9210529327,
        "min": 1.09317595717e-16,
        "stdev": 58.4359779358,
        "var": 3414.76342773
    },
    "loudness_ebu128": {
        "integrated": -8.96012306213,
        "loudness_range": 2.46755027771,
        "momentary": {
            "dmean": 0.633798956871,
            "dmean2": 0.91545778513,
            "dvar": 0.289757072926,
            "dvar2": 0.502415716648,
            "max": -3.28996062279,
            "mean": -9.96843719482,
            "median": -9.01345920563,
            "min": -115.774017334,
            "stdev": 6.88387012482,
            "var": 47.3876647949
        },
        "short_term": {
            "dmean": 0.11346244812,
            "dmean2": 0.14470693469,
            "dvar": 0.0172674544156,
            "dvar2": 0.0132971545681,
            "max": -6.36932706833,
            "mean": -9.59629440308,
            "median": -8.69501209259,
            "min": -76.8068695068,
            "stdev": 5.03419208527,
            "var": 25.3430900574
        }
    },
    "melbands_crest": {
        "dmean": 4.16353464127,
        "dmean2": 6.17151546478,
        "dvar": 18.6996231079,
        "dvar2": 40.7998161316,
        "max": 37.7527427673,
        "mean": 25.9668674469,
        "median": 28.9616317749,
        "min": 2.01903581619,
        "stdev": 9.32599163055,
        "var": 86.9741134644
    },
    "melbands_flatness_db": {
        "dmean": 0.074828773737,
        "dmean2": 0.106969758868,
        "dvar": 0.00736848823726,
        "dvar2": 0.0134450467303,
        "max": 1,
        "mean": 0.402434945107,
        "median": 0.38031578064,
        "min": 0.00469500618055,
        "stdev": 0.246008068323,
        "var": 0.0605199709535
    },
    "melbands_kurtosis": {
        "dmean": 118.937568665,
        "dmean2": 193.828262329,
        "dvar": 72355.3828125,
        "dvar2": 182358.609375,
        "max": 3738.50219727,
        "mean": 176.596069336,
        "median": 31.6245174408,
        "min": -1.7573633194,
        "stdev": 337.921936035,
        "var": 114191.242188
    },
    "melbands_skewness": {
        "dmean": 3.00268697739,
        "dmean2": 4.69772148132,
        "dvar": 18.7558345795,
        "dvar2": 43.1131095886,
        "max": 45.8785476685,
        "mean": 7.24127864838,
        "median": 4.47253274918,
        "min": -1.60022938251,
        "stdev": 7.09127187729,
        "var": 50.2861366272
    },
    "melbands_spread": {
        "dmean": 10.146853447,
        "dmean2": 15.4999027252,
        "dvar": 298.508026123,
        "dvar2": 629.057800293,
        "max": 211.836364746,
        "mean": 19.6773414612,
        "median": 2.72575592995,
        "min": 0.0644643753767,
        "stdev": 33.1525497437,
        "var": 1099.0916748
    },
    "pitch_salience": {
        "dmean": 0.106124065816,
        "dmean2": 0.165525749326,
        "dvar": 0.0129004754126,
        "dvar2": 0.0247689876705,
        "max": 0.961179196835,
        "mean": 0.302301734686,
        "median": 0.226895213127,
        "min": 0.00624729739502,
        "stdev": 0.229892790318,
        "var": 0.0528506971896
    },
    "silence_rate_20dB": {
        "dmean": 0,
        "dmean2": 0,
        "dvar": 0,
        "dvar2": 0,
        "max": 1,
        "mean": 1,
        "median": 1,
        "min": 1,
        "stdev": 0,
        "var": 0
    },
    "silence_rate_30dB": {
        "dmean": 0.0979511514306,
        "dmean2": 0.195910692215,
        "dvar": 0.0883765146136,
        "dvar2": 0.175805330276,
        "max": 1,
        "mean": 0.550256609917,
        "median": 1,
        "min": 0,
        "stdev": 0.497404396534,
        "var": 0.24741114676
    },
    "silence_rate_60dB": {
        "dmean": 0.0289148390293,
        "dmean2": 0.0578321516514,
        "dvar": 0.0280812960118,
        "dvar2": 0.0770629644394,
        "max": 1,
        "mean": 0.0356715135276,
        "median": 0,
        "min": 0,
        "stdev": 0.185474455357,
        "var": 0.0344007723033
    },
    "spectral_centroid": {
        "dmean": 380.791900635,
        "dmean2": 582.511779785,
        "dvar": 302655.65625,
        "dvar2": 533264.8125,
        "max": 11431.0332031,
        "mean": 1281.96386719,
        "median": 828.200561523,
        "min": 47.7643661499,
        "stdev": 1196.76513672,
        "var": 1432246.75
    },
    "spectral_complexity": {
        "dmean": 5.50186061859,
        "dmean2": 7.60817861557,
        "dvar": 56.3115653992,
        "dvar2": 89.3977813721,
        "max": 62,
        "mean": 11.8988027573,
        "median": 7,
        "min": 0,
        "stdev": 12.8184700012,
        "var": 164.313171387
    },
    "spectral_decrease": {
        "dmean": 9.38185440447e-09,
        "dmean2": 1.34608963975e-08,
        "dvar": 1.03573322671e-16,
        "dvar2": 2.56992337296e-16,
        "max": 7.7854779111e-29,
        "mean": -2.4233806073e-08,
        "median": -1.94591684988e-08,
        "min": -9.52662801978e-08,
        "stdev": 2.07694625942e-08,
        "var": 4.313706131e-16
    },
    "spectral_energy": {
        "dmean": 0.0367858447134,
        "dmean2": 0.0531380772591,
        "dvar": 0.00149339658674,
        "dvar2": 0.00373944919556,
        "max": 0.361347228289,
        "mean": 0.0944937691092,
        "median": 0.0805014893413,
        "min": 1.0318219457e-20,
        "stdev": 0.0782385393977,
        "var": 0.00612126942724
    },
    "spectral_energyband_high": {
        "dmean": 0.00214626034722,
        "dmean2": 0.00306416628882,
        "dvar": 2.5745595849e-05,
        "dvar2": 5.57226485398e-05,
        "max": 0.0546199008822,
        "mean": 0.00242666900158,
        "median": 0.000195231361431,
        "min": 7.06953787928e-21,
        "stdev": 0.00584190245718,
        "var": 3.41278246196e-05
    },
    "spectral_energyband_low": {
        "dmean": 0.032203450799,
        "dmean2": 0.0431936085224,
        "dvar": 0.00141556677409,
        "dvar2": 0.00350754056126,
        "max": 0.359514296055,
        "mean": 0.0823096036911,
        "median": 0.0577961504459,
        "min": 2.56009360893e-23,
        "stdev": 0.0792233645916,
        "var": 0.00627634115517
    },
    "spectral_energyband_middle_high": {
        "dmean": 0.00225962861441,
        "dmean2": 0.00354587216862,
        "dvar": 2.72719007626e-05,
        "dvar2": 5.53662794118e-05,
        "max": 0.205965459347,
        "mean": 0.00358605827205,
        "median": 0.000706282095052,
        "min": 1.42816337536e-21,
        "stdev": 0.00998516660184,
        "var": 9.97035604087e-05
    },
    "spectral_energyband_middle_low": {
        "dmean": 0.00829775631428,
        "dmean2": 0.0140170454979,
        "dvar": 0.000334982323693,
        "dvar2": 0.00083045597421,
        "max": 0.124780885875,
        "mean": 0.00736405141652,
        "median": 0.00164266396314,
        "min": 1.95682589473e-22,
        "stdev": 0.0167362932116,
        "var": 0.000280103529803
    },
    "spectral_entropy": {
        "dmean": 0.399104833603,
        "dmean2": 0.580499589443,
        "dvar": 0.317314863205,
        "dvar2": 0.570905447006,
        "max": 9.81195831299,
        "mean": 7.1485452652,
        "median": 7.65291309357,
        "min": 2.74824976921,
        "stdev": 1.43895471096,
        "var": 2.07059073448
    },
    "spectral_flux": {
        "dmean": 0.0532788708806,
        "dmean2": 0.0824509635568,
        "dvar": 0.00279194745235,
        "dvar2": 0.00538285681978,
        "max": 0.428592920303,
        "mean": 0.135010644794,
        "median": 0.109531790018,
        "min": 6.54876430861e-11,
        "stdev": 0.0860716551542,
        "var": 0.00740832928568
    },
    "spectral_kurtosis": {
        "dmean": 11.5428991318,
        "dmean2": 17.7293071747,
        "dvar": 953.427001953,
        "dvar2": 2116.52514648,
        "max": 800.773193359,
        "mean": 24.2783317566,
        "median": 2.85409808159,
        "min": -1.25570654869,
        "stdev": 56.7575912476,
        "var": 3221.42407227
    },
    "spectral_rms": {
        "dmean": 0.00197746627964,
        "dmean2": 0.00275825010613,
        "dvar": 3.24168877341e-06,
        "dvar2": 7.4231270446e-06,
        "max": 0.0187758859247,
        "mean": 0.00850254390389,
        "median": 0.00886216945946,
        "min": 3.17278343355e-12,
        "stdev": 0.00446044327691,
        "var": 1.98955531232e-05
    },
    "spectral_rolloff": {
        "dmean": 761.956481934,
        "dmean2": 1236.0793457,
        "dvar": 2470576.25,
        "dvar2": 5420794.5,
        "max": 19229.1503906,
        "mean": 1609.19519043,
        "median": 107.666015625,
        "min": 43.06640625,
        "stdev": 2854.10644531,
        "var": 8145923
    },
    "spectral_skewness": {
        "dmean": 0.679183602333,
        "dmean2": 0.997421264648,
        "dvar": 1.71691179276,
        "dvar2": 3.22915029526,
        "max": 21.789522171,
        "mean": 2.77285051346,
        "median": 1.51009678841,
        "min": -0.0410625673831,
        "stdev": 3.19384622574,
        "var": 10.2006540298
    },
    "spectral_spread": {
        "dmean": 964566.3125,
        "dmean2": 1439245.75,
        "dvar": 1.4599037911e+12,
        "dvar2": 2.9104645079e+12,
        "max": 42381232,
        "mean": 5549884,
        "median": 6036259,
        "min": 150978.59375,
        "stdev": 2829373.75,
        "var": 8.00535609344e+12
    },
    "spectral_strongpeak": {
        "dmean": 0.293909400702,
        "dmean2": 0.478341430426,
        "dvar": 0.293376296759,
        "dvar2": 0.777296483517,
        "max": 14.2905960083,
        "mean": 0.666789591312,
        "median": 0.549572348595,
        "min": 0,
        "stdev": 0.685452878475,
        "var": 0.46984565258
    },
    "zerocrossingrate": {
        "dmean": 0.0158962812275,
        "dmean2": 0.0174148771912,
        "dvar": 0.000496549531817,
        "dvar2": 0.000550228403881,
        "max": 0.72216796875,
        "mean": 0.0539199076593,
        "median": 0.01708984375,
        "min": 0.00146484375,
        "stdev": 0.07330301404,
        "var": 0.00537333218381
    },
    "barkbands": {
        "dmean": [0.00225717597641, 0.0307499207556, 0.00524259265512, 0.00368519430049, 0.00402426347136, 0.000624455220532, 0.000715432630386, 0.000310988427373, 0.000434678746387, 0.000334039097652, 0.000225485069677, 0.00033289991552, 0.000196810855414, 0.000427283579484, 0.000267602590611, 0.000160876792506, 0.000319605896948, 0.0002010257449, 0.000277157610981, 0.000194897598703, 0.00017554758233, 0.000315795274219, 0.000423659192165, 0.000409111380577, 0.000527734111529, 0.000236784471781, 2.67106570391e-05],
        "dmean2": [0.00259337038733, 0.0427073799074, 0.00813777465373, 0.00662859482691, 0.00729652820155, 0.0010636508232, 0.00130887073465, 0.000553180347197, 0.000804915500339, 0.000567802460864, 0.000350808200892, 0.000591644959059, 0.000323262967868, 0.000655170937534, 0.000451114581665, 0.00023130934278, 0.000461723888293, 0.000309477327392, 0.000447566591902, 0.000310868286761, 0.000260894245002, 0.00045356436749, 0.000636308395769, 0.000628749665339, 0.000803968403488, 0.000365266285371, 4.5170840167e-05],
        "dvar": [5.98163160248e-06, 0.00136235915124, 0.000141447118949, 0.000111747671326, 0.000101131052361, 3.36916059496e-06, 7.84165149526e-06, 5.12021131271e-07, 1.26582040139e-06, 5.9383506823e-07, 1.04439357074e-06, 2.57368901657e-06, 2.7981684525e-07, 2.12393501897e-06, 7.2944646945e-07, 9.93375692815e-08, 5.95480287302e-07, 2.4696902301e-07, 5.60508055969e-07, 1.83096872775e-07, 1.57099819376e-07, 6.93564459198e-07, 1.11199051389e-06, 9.95268578663e-07, 1.86783051959e-06, 3.3011858136e-07, 5.68645397436e-09],
        "dvar2": [8.67722519615e-06, 0.0034844474867, 0.000310542207444, 0.000304136570776, 0.00028449279489, 9.19081685424e-06, 2.25797757594e-05, 1.38476502798e-06, 3.63323874808e-06, 1.45059186707e-06, 1.88856665773e-06, 6.36102595308e-06, 6.31619798241e-07, 4.37450080426e-06, 1.71186525222e-06, 2.05344065307e-07, 9.24628750454e-07, 5.01440126754e-07, 1.3801671912e-06, 3.79296750452e-07, 3.31652529439e-07, 1.19950595945e-06, 2.26687461691e-06, 2.31448029808e-06, 4.49053823104e-06, 8.14460292986e-07, 1.51470036514e-08],
        "max": [0.0251255277544, 0.339752405882, 0.0757869780064, 0.0642331242561, 0.0865702852607, 0.0409603975713, 0.0524841919541, 0.0177477896214, 0.0151849389076, 0.0333429314196, 0.0685140639544, 0.0866065844893, 0.0210582241416, 0.0759443044662, 0.0501997843385, 0.00840836483985, 0.0122659150511, 0.00735671631992, 0.00666711805388, 0.00534174917266, 0.00451230537146, 0.0109726134688, 0.0134072136134, 0.0138923572376, 0.0154776601121, 0.00673445360735, 0.000588427705225],
        "mean": [0.00543165113777, 0.0713168904185, 0.00440547522157, 0.0024396867957, 0.00315948203206, 0.000526021583937, 0.000509845849592, 0.000279963569483, 0.000372201146092, 0.000354783580406, 0.000409084314015, 0.000410025619203, 0.000267535942839, 0.000528844073415, 0.000328909722157, 0.000212231083424, 0.000420429307269, 0.000246753887041, 0.000285160989733, 0.000253994658124, 0.000228274206165, 0.000394328380935, 0.000481334020151, 0.000451322848676, 0.0005389401922, 0.000221353533561, 1.95983793674e-05],
        "median": [0.00299552595243, 0.0454256422818, 0.000286563241389, 0.000156507579959, 0.000696734990925, 5.37510823051e-05, 2.46327563218e-05, 1.98270681722e-05, 1.61858224601e-05, 3.45919543179e-05, 3.06191432173e-05, 1.89062211575e-05, 2.83011468127e-05, 4.41664087703e-05, 3.22746236634e-05, 3.07795853587e-05, 1.68261431099e-05, 1.80405313586e-05, 2.19419343921e-05, 2.86902268272e-05, 3.52953939e-05, 3.08945018332e-05, 2.45228511631e-05, 2.47287316597e-05, 3.31318915414e-05, 7.52191544962e-06, 1.12909546601e-07],
        "min": [1.8429500602e-24, 5.24510302666e-24, 3.72028617282e-24, 2.50038930241e-24, 1.28081602273e-23, 1.64590905382e-23, 1.72574177743e-23, 1.50237660098e-23, 3.07347939511e-23, 3.38782721298e-23, 3.73840331014e-23, 2.58169956249e-23, 3.98901590004e-23, 5.55538126889e-23, 2.80756763682e-23, 7.43743110152e-23, 9.52700499477e-23, 1.47601252243e-22, 1.62152416417e-22, 1.79411405603e-22, 3.50013999063e-22, 2.80436795388e-22, 5.14245474173e-22, 6.4493768855e-22, 9.91560242052e-22, 1.32077449078e-21, 1.99109219492e-21],
        "stdev": [0.00579374423251, 0.0734914913774, 0.0120857814327, 0.00849179085344, 0.00816365797073, 0.00167090806644, 0.00215140962973, 0.000718356342986, 0.00103619799484, 0.00117875845172, 0.00260963034816, 0.00251515232958, 0.00086032866966, 0.00205926201306, 0.00131996721029, 0.000424499012297, 0.00103965052404, 0.000603966589551, 0.000764851109125, 0.000529282202478, 0.000474234780995, 0.0010384657653, 0.00123131973669, 0.00110312574543, 0.00141329970211, 0.00057294103317, 6.45078616799e-05],
        "var": [3.3567470382e-05, 0.00540099898353, 0.000146066115121, 7.21105170669e-05, 6.66453051963e-05, 2.79193386632e-06, 4.62856314698e-06, 5.16035811415e-07, 1.0737063576e-06, 1.38947143569e-06, 6.81017036186e-06, 6.32599176242e-06, 7.40165376101e-07, 4.24056042903e-06, 1.74231331584e-06, 1.80199421607e-07, 1.08087328954e-06, 3.64775672779e-07, 5.84997223996e-07, 2.80139630604e-07, 2.24898627721e-07, 1.07841106001e-06, 1.51614835886e-06, 1.21688651689e-06, 1.99741589313e-06, 3.282614216e-07, 4.16126466618e-09]
    },
    "erbbands": {
        "dmean": [1.39966678619, 5.61535549164, 6.14771127701, 8.92088317871, 15.3885660172, 11.761932373, 5.80935764313, 4.94568729401, 9.80583286285, 8.38622570038, 6.74129581451, 9.77538871765, 9.35336685181, 10.5830488205, 9.54944038391, 13.3004646301, 8.53136730194, 20.6652050018, 13.8219881058, 12.776556015, 8.66830730438, 15.6430835724, 13.951839447, 13.5107440948, 12.982462883, 9.69171333313, 6.49692773819, 8.43410110474, 12.4649162292, 12.2823190689, 11.8388271332, 8.23867797852, 6.63022518158, 5.34193658829, 3.95204854012, 1.60752809048, 0.318033069372, 0.0546112470329, 0.00414686277509, 0.000132914137794],
        "dmean2": [1.7717294693, 8.23403263092, 8.43738269806, 14.8950881958, 27.7798862457, 20.9352283478, 10.0431213379, 8.35284996033, 17.9392337799, 15.0738487244, 12.1301517487, 18.0655727386, 16.2943611145, 18.0099925995, 14.9098014832, 23.3959999084, 14.0082731247, 30.8162746429, 23.5967845917, 20.566904068, 12.470158577, 22.828294754, 20.6502380371, 23.2437648773, 19.4729156494, 15.3100881577, 9.95991230011, 12.5732822418, 18.0690059662, 18.6232872009, 17.1559638977, 12.0619850159, 10.1613121033, 8.10405731201, 6.12450790405, 2.4724047184, 0.500847756863, 0.0904888957739, 0.00696385325864, 0.000208615965676],
        "dvar": [2.86521029472, 55.9503250122, 125.58555603, 549.461975098, 1820.74682617, 628.290344238, 164.168930054, 209.492614746, 1468.87561035, 719.004760742, 245.109436035, 658.416564941, 527.362609863, 585.098022461, 2703.65039062, 3433.21435547, 526.344787598, 5865.24121094, 1675.83947754, 1414.15930176, 312.159088135, 1428.45007324, 1287.2421875, 1474.89025879, 1024.29248047, 470.758789062, 221.192245483, 404.107574463, 1038.99499512, 1006.17034912, 827.345031738, 404.17779541, 260.558776855, 192.721862793, 100.761260986, 14.9719381332, 0.637248694897, 0.0217872727662, 0.000135585476528, 8.08998166235e-08],
        "dvar2": [5.7169675827, 144.467941284, 231.941207886, 1387.22058105, 4965.31103516, 1777.15283203, 455.747467041, 565.738220215, 4221.95117188, 2041.73876953, 675.982727051, 1871.27746582, 1416.86279297, 1382.78369141, 5300.81298828, 7895.13623047, 1205.24658203, 11804.0126953, 3876.48803711, 3409.95507812, 659.936584473, 2219.77978516, 2185.61669922, 4047.60668945, 2043.71081543, 995.252990723, 491.397125244, 836.504638672, 1927.84338379, 2098.81103516, 1577.4050293, 901.213806152, 596.137756348, 455.272064209, 246.057174683, 36.8022193909, 1.61808407307, 0.0572253018618, 0.000359974510502, 2.135123367e-07],
        "max": [16.15483284, 68.7869720459, 81.4264144897, 156.83114624, 325.119537354, 267.783111572, 254.172866821, 229.720367432, 720.458435059, 462.353851318, 247.255142212, 374.984558105, 822.879577637, 1379.24401855, 3371.48876953, 3171.45141602, 969.194702148, 4385.33935547, 1942.46057129, 2276.87280273, 479.936126709, 577.059326172, 383.852844238, 440.023010254, 346.588745117, 280.105773926, 175.690429688, 229.044754028, 472.160736084, 339.171508789, 357.772338867, 355.75881958, 185.82232666, 157.965591431, 109.660301208, 41.8276329041, 9.11849594116, 1.25909399986, 0.122127719223, 0.00521465623751],
        "mean": [3.2723300457, 10.974146843, 7.11990261078, 6.86128759384, 10.7410831451, 10.1592550278, 5.51849365234, 4.15612268448, 6.83264827728, 7.00170755386, 5.92677640915, 8.47779083252, 10.123790741, 12.1626405716, 18.9312362671, 15.5776348114, 11.653717041, 27.5949363708, 17.4827671051, 15.6957855225, 12.0182476044, 20.3194923401, 18.2330131531, 12.9752044678, 15.6845712662, 12.1900596619, 8.41142749786, 10.5658531189, 15.0955266953, 13.9095544815, 13.719701767, 9.52994537354, 7.1548666954, 5.54291200638, 3.98995947838, 1.55338215828, 0.282508969307, 0.0423684492707, 0.00316901528277, 0.000186626130017],
        "median": [2.13777971268, 5.36468982697, 1.56868708134, 0.65956568718, 1.08903384209, 2.82023143768, 1.60590100288, 0.449068069458, 0.347812086344, 0.372274339199, 0.508142232895, 0.428689271212, 0.810364723206, 1.53009867668, 1.29673302174, 0.930116891861, 1.30451011658, 2.14611697197, 2.29925346375, 1.99776554108, 1.5066845417, 1.00321900845, 1.02005970478, 1.076836586, 1.16554546356, 1.40420877934, 1.26062107086, 1.46093773842, 1.18458926678, 0.92637526989, 0.657871007919, 0.528468728065, 0.394957005978, 0.322984576225, 0.227289155126, 0.064072817564, 0.00786935444921, 0.000603868858889, 9.78352036327e-05, 0.000140559277497],
        "min": [2.68894687494e-22, 1.22292090243e-21, 2.64338449049e-21, 9.2237754961e-21, 2.29282914352e-20, 5.13911029461e-20, 7.63311800259e-20, 1.3210818845e-19, 1.98309352803e-19, 3.33414532935e-19, 5.02503640127e-19, 7.00122568538e-19, 1.07726367811e-18, 9.22595792813e-19, 1.45264320317e-18, 1.2928245676e-18, 1.97471214633e-18, 2.24797787913e-18, 2.19711330249e-18, 2.94969318393e-18, 5.67172268865e-18, 6.11970799197e-18, 9.12140581423e-18, 7.5495781891e-18, 8.86485657442e-18, 7.1326948768e-18, 1.01103680653e-17, 9.54344080738e-18, 1.02875824126e-17, 1.33020386686e-17, 1.44524516861e-17, 1.31138724501e-17, 1.2014709889e-17, 1.01379239331e-17, 7.76778099006e-18, 4.80222434314e-18, 2.14022436945e-18, 9.47782925478e-19, 2.52647480552e-19, 2.91372949055e-20],
        "stdev": [3.47044897079, 12.853430748, 14.2296304703, 20.8096981049, 34.9875106812, 20.9795703888, 11.7583866119, 12.8930826187, 29.3968544006, 22.2336807251, 14.3507328033, 23.7766036987, 32.356136322, 43.7793540955, 129.642669678, 90.3601074219, 35.0495071411, 111.142738342, 59.1166305542, 55.9612846375, 24.2248535156, 50.1772193909, 46.1712493896, 35.4465522766, 38.2101173401, 26.0156021118, 17.3550624847, 23.8767337799, 39.2125091553, 36.5813789368, 34.7986946106, 23.0350666046, 17.8100738525, 14.6211280823, 10.2741384506, 3.92289233208, 0.764866650105, 0.129812449217, 0.0100651374087, 0.00026675927802],
        "var": [12.0440158844, 165.210678101, 202.482376099, 433.043548584, 1224.12597656, 440.142333984, 138.259658813, 166.231567383, 864.175048828, 494.336578369, 205.943527222, 565.326843262, 1046.91955566, 1916.63195801, 16807.2207031, 8164.94873047, 1228.46789551, 12352.7080078, 3494.77612305, 3131.6652832, 586.843566895, 2517.75341797, 2131.78417969, 1256.45800781, 1460.01306152, 676.811523438, 301.19821167, 570.098388672, 1537.62072754, 1338.19726562, 1210.94921875, 530.614318848, 317.198730469, 213.777374268, 105.557922363, 15.389084816, 0.585021018982, 0.016851272434, 0.000101306992292, 7.11605068204e-08]
    },
    "gfcc": {
        "mean": [-80.9884185791, 80.5263824463, -56.2184295654, 55.5550537109, -27.4742412567, 34.7999839783, -22.3790531158, 12.8803281784, -15.4866294861, 6.56575107574, -8.89196395874, 2.21000242233, 2.86666250229],
        "cov": [[26182.4980469, -6770.39941406, -5117.83105469, 95.0816574097, -2830.9206543, 1049.13452148, -2075.79907227, 692.878540039, -1080.73034668, 998.163635254, -831.83782959, 751.198608398, -869.195068359], [-6770.39941406, 5116.6171875, 1893.25769043, -782.651123047, 1013.08166504, -568.526062012, 878.13458252, -405.049285889, 620.834655762, -476.250091553, 321.717315674, -545.264038086, 430.416564941], [-5117.83105469, 1893.25769043, 2937.78735352, 485.153167725, 763.823791504, -439.345397949, 693.095581055, -112.643554688, 351.769256592, -248.522262573, 298.203735352, -124.47946167, 281.15713501], [95.0816574097, -782.651123047, 485.153167725, 915.612304688, 162.647262573, 105.591415405, 25.2587985992, 102.890182495, -15.8972444534, 42.665435791, 85.9754180908, 76.7962646484, 75.8270492554], [-2830.9206543, 1013.08166504, 763.823791504, 162.647262573, 934.479309082, -19.6888637543, 367.990631104, -57.964050293, 256.266204834, -124.410720825, 178.587875366, -94.3530502319, 152.944473267], [1049.13452148, -568.526062012, -439.345397949, 105.591415405, -19.6888637543, 377.898040771, -28.9447746277, 24.1149349213, -95.1066131592, 82.4727935791, -46.4890289307, 49.1819038391, -4.51664829254], [-2075.79907227, 878.13458252, 693.095581055, 25.2587985992, 367.990631104, -28.9447746277, 429.341064453, 26.1355686188, 165.360641479, -118.226112366, 111.219985962, -72.5699691772, 125.254020691], [692.878540039, -405.049285889, -112.643554688, 102.890182495, -57.964050293, 24.1149349213, 26.1355686188, 226.897796631, 50.3679733276, 42.1139030457, -14.0829486847, 46.1123542786, -22.5944728851], [-1080.73034668, 620.834655762, 351.769256592, -15.8972444534, 256.266204834, -95.1066131592, 165.360641479, 50.3679733276, 256.431915283, -9.64165592194, 92.3191146851, -83.4269714355, 61.7595367432], [998.163635254, -476.250091553, -248.522262573, 42.665435791, -124.410720825, 82.4727935791, -118.226112366, 42.1139030457, -9.64165592194, 159.85118103, -29.1182250977, 42.8112564087, -64.8655776978], [-831.83782959, 321.717315674, 298.203735352, 85.9754180908, 178.587875366, -46.4890289307, 111.219985962, -14.0829486847, 92.3191146851, -29.1182250977, 127.268829346, -10.4302749634, 63.65858078], [751.198608398, -545.264038086, -124.47946167, 76.7962646484, -94.3530502319, 49.1819038391, -72.5699691772, 46.1123542786, -83.4269714355, 42.8112564087, -10.4302749634, 140.824386597, -18.3559951782], [-869.195068359, 430.416564941, 281.15713501, 75.8270492554, 152.944473267, -4.51664829254, 125.254020691, -22.5944728851, 61.7595367432, -64.8655776978, 63.65858078, -18.3559951782, 151.847686768]],
        "icov": [[0.000107429994387, -0.000104952319816, 3.39292964782e-05, -8.08660915936e-05, 0.000130749031086, -0.000240812325501, 0.000374235998606, -0.000345988955814, 6.57788914395e-05, -0.00011279611499, 8.53414094308e-05, -0.000316368998028, 0.000242000154685], [-0.000104952319816, 0.00156424671877, -0.000206082317163, 0.00119581026956, -0.000241168876528, 0.000996701419353, -0.00143145222683, 0.00170458387583, -0.000926524691749, 0.000584190245718, -0.000627494649962, 0.00290362071246, -0.00230282498524], [3.39292964782e-05, -0.000206082317163, 0.0012108249357, -0.00104924186599, 0.000116903080198, 0.00125811237376, -0.00168972392567, 0.00114364631008, -0.000502101727761, -0.000311741256155, 0.000601526407991, -0.00107044330798, 0.000233495535213], [-8.08660915936e-05, 0.00119581026956, -0.00104924186599, 0.00321406475268, -0.000803026196081, -0.000316721649142, 0.000759589660447, -0.00116635963786, 0.00139693683013, -0.000359919009497, -0.00247395504266, 0.00311288237572, -0.00282385083847], [0.000130749031086, -0.000241168876528, 0.000116903080198, -0.000803026196081, 0.00267599243671, -0.00116938201245, -0.000535111990757, 0.0011679243762, -0.00266057043336, 0.00149145571049, -0.000282285123831, -0.00144555885345, 0.00116446299944], [-0.000240812325501, 0.000996701419353, 0.00125811237376, -0.000316721649142, -0.00116938201245, 0.00694283423945, -0.00462807761505, 0.00234524765983, 0.00196749460883, -0.0035991796758, 0.00129921804182, 0.00197133352049, -0.00346816028468], [0.000374235998606, -0.00143145222683, -0.00168972392567, 0.000759589660447, -0.000535111990757, -0.00462807761505, 0.0107130464166, -0.00626494595781, 0.000889363291208, 0.00243245949969, -0.00217725406401, -0.000851309800055, 0.00106850184966], [-0.000345988955814, 0.00170458387583, 0.00114364631008, -0.00116635963786, 0.0011679243762, 0.00234524765983, -0.00626494595781, 0.0124115450308, -0.00779685378075, 0.00177565007471, 0.00363664329052, -0.00216452777386, -0.000295925623504], [6.57788914395e-05, -0.000926524691749, -0.000502101727761, 0.00139693683013, -0.00266057043336, 0.00196749460883, 0.000889363291208, -0.00779685378075, 0.0160101037472, -0.0074910488911, -0.00576414866373, 0.00641465792432, -0.002440266544], [-0.00011279611499, 0.000584190245718, -0.000311741256155, -0.000359919009497, 0.00149145571049, -0.0035991796758, 0.00243245949969, 0.00177565007471, -0.0074910488911, 0.0145547017455, -6.89770968165e-05, -0.00262314802967, 0.00407984247431], [8.53414094308e-05, -0.000627494649962, 0.000601526407991, -0.00247395504266, -0.000282285123831, 0.00129921804182, -0.00217725406401, 0.00363664329052, -0.00576414866373, -6.89770968165e-05, 0.0174476560205, -0.00615174509585, -0.000694419257343], [-0.000316368998028, 0.00290362071246, -0.00107044330798, 0.00311288237572, -0.00144555885345, 0.00197133352049, -0.000851309800055, -0.00216452777386, 0.00641465792432, -0.00262314802967, -0.00615174509585, 0.0192904211581, -0.00653763767332], [0.000242000154685, -0.00230282498524, 0.000233495535213, -0.00282385083847, 0.00116446299944, -0.00346816028468, 0.00106850184966, -0.000295925623504, -0.002440266544, 0.00407984247431, -0.000694419257343, -0.00653763767332, 0.0155106978491]]
    },
    "melbands": {
        "dmean": [0.00986269116402, 0.00373007031158, 0.00156450038776, 0.0010040232446, 0.000244582246523, 0.000116346767754, 0.000148732739035, 8.56435362948e-05, 5.79285442655e-05, 6.16966863163e-05, 4.7488254495e-05, 4.48014652648e-05, 2.99533894577e-05, 3.76127245545e-05, 2.31252688536e-05, 2.61701698037e-05, 3.92661604565e-05, 2.3620279535e-05, 2.3494445486e-05, 1.12116940727e-05, 1.00536917671e-05, 1.32615541588e-05, 2.37344356719e-05, 9.36021297093e-06, 1.16155351861e-05, 7.76357410359e-06, 1.05441413325e-05, 5.53277095605e-06, 4.26396672992e-06, 4.21368986281e-06, 5.2090981626e-06, 7.77504283178e-06, 5.74484465687e-06, 7.97356642579e-06, 7.50726803744e-06, 5.20956064065e-06, 5.23194194102e-06, 4.83579015054e-06, 4.50416109743e-06, 4.42935106548e-06],
        "dmean2": [0.0132264783606, 0.0048250942491, 0.00249495916069, 0.00180879095569, 0.000421786971856, 0.000197384797502, 0.000272383826086, 0.000153687753482, 0.000104873623059, 0.000114174115879, 8.22723159217e-05, 7.64720680309e-05, 4.67710196972e-05, 6.5296102548e-05, 4.03756566811e-05, 4.03566700697e-05, 5.92301221332e-05, 4.06497238146e-05, 3.893081157e-05, 1.73355037987e-05, 1.46324136949e-05, 2.01365164685e-05, 3.17768644891e-05, 1.57835911523e-05, 2.02690025617e-05, 1.20761096696e-05, 1.5905348846e-05, 9.06505010789e-06, 6.69649762131e-06, 6.25577195024e-06, 8.04664341558e-06, 1.14223657874e-05, 8.44271289679e-06, 1.26564591483e-05, 1.11155559352e-05, 7.65472032072e-06, 7.88645047578e-06, 7.41593521525e-06, 7.22556160326e-06, 6.68039092488e-06],
        "dvar": [0.000142525619594, 2.49702916335e-05, 1.46460242831e-05, 6.39093377686e-06, 2.11853304677e-07, 1.18724926779e-07, 3.45117683764e-07, 6.36344594795e-08, 1.91542870454e-08, 2.6168049061e-08, 1.35775675147e-08, 9.65519841856e-09, 2.29617143077e-08, 4.23723882648e-08, 4.82042583627e-09, 6.59178311935e-09, 2.10915143128e-08, 4.82211781616e-09, 6.55297283103e-09, 5.72397684806e-10, 4.79109418805e-10, 1.07603337351e-09, 3.44429773591e-09, 5.7389509811e-10, 1.14959419761e-09, 3.80113884813e-10, 6.4173188985e-10, 1.50765469553e-10, 9.83415987532e-11, 8.57981463653e-11, 1.67925048866e-10, 4.27457180763e-10, 2.21932888733e-10, 4.40515846023e-10, 3.41888961586e-10, 1.51668927417e-10, 1.76252734629e-10, 1.38137307149e-10, 1.49488130208e-10, 1.28816179945e-10],
        "dvar2": [0.000329758768203, 4.86337121401e-05, 3.40323822456e-05, 1.77441015694e-05, 5.88390889789e-07, 3.23217420828e-07, 9.93449816633e-07, 1.78887958668e-07, 5.3244125553e-08, 7.48028412545e-08, 3.58609817397e-08, 2.32398402744e-08, 4.45253043324e-08, 9.91355904034e-08, 1.2010400674e-08, 1.3497208684e-08, 4.34897806656e-08, 1.09675033499e-08, 1.52963295363e-08, 1.36793509853e-09, 1.04870079287e-09, 1.96676364084e-09, 4.95527352484e-09, 1.47889689384e-09, 3.2124345406e-09, 8.83954520692e-10, 1.12400733165e-09, 3.5847477764e-10, 2.27076177306e-10, 1.86727994178e-10, 3.61718183184e-10, 8.22820367397e-10, 4.08181904943e-10, 1.01424735277e-09, 6.73406330698e-10, 2.91254270701e-10, 4.23101664815e-10, 3.13632064763e-10, 3.7013123122e-10, 2.98221641826e-10],
        "max": [0.115077793598, 0.0431687608361, 0.0237484239042, 0.0205984413624, 0.0068753156811, 0.00617026817054, 0.0110630178824, 0.00419183587655, 0.00202816119418, 0.00244539789855, 0.00450763944536, 0.00517503824085, 0.0100883319974, 0.0127451457083, 0.00220945407636, 0.00480813486502, 0.00775291072205, 0.00294333091006, 0.00509586650878, 0.000748124613892, 0.000621568353381, 0.000832548888866, 0.000474597705761, 0.000424387690146, 0.000376133190002, 0.000173969834577, 0.000320517312502, 0.000185221215361, 0.000133165332954, 0.000113733985927, 0.00016715923266, 0.000326995854266, 0.00019091674767, 0.000230556877796, 0.000220460438868, 0.000213351013372, 0.00023490122112, 0.000164778903127, 0.000149651357788, 0.000151851840201],
        "mean": [0.0236334204674, 0.00683099590242, 0.00130461668596, 0.000770458776969, 0.000239246684941, 9.64316350291e-05, 0.000103874263004, 7.35383073334e-05, 5.00903734064e-05, 5.30495854036e-05, 5.15916799486e-05, 4.91469254484e-05, 5.80850282859e-05, 5.28674645466e-05, 2.51874062087e-05, 3.73946168111e-05, 5.07833829033e-05, 2.72997222055e-05, 2.78936040559e-05, 1.45645708471e-05, 1.37745391839e-05, 1.70438088389e-05, 2.93650227832e-05, 1.00305096566e-05, 1.05889685074e-05, 8.42921053845e-06, 1.3689478692e-05, 6.52564403936e-06, 5.36295283382e-06, 4.99101406604e-06, 6.35381957181e-06, 9.00609120436e-06, 7.22340291759e-06, 8.25508868729e-06, 8.30520275485e-06, 6.67609992888e-06, 5.49345440959e-06, 5.13409122505e-06, 4.72244164484e-06, 4.58060731034e-06],
