{
"highlevel": {
    "danceability": {
        "all": {
            "danceable": 0.489772289991,
            "not_danceable": 0.510227680206
        },
        "probability": 0.510227680206,
        "value": "not_danceable"
    },
    "gender": {
        "all": {
            "female": 0.920269787312,
            "male": 0.0797302350402
        },
        "probability": 0.920269787312,
        "value": "female"
    },
    "genre_electronic": {
        "all": {
            "ambient": 0.226796790957,
            "dnb": 0.0135536622256,
            "house": 0.560761868954,
            "techno": 0.0232277940959,
            "trance": 0.17565985024
        },
        "probability": 0.560761868954,
        "value": "house"
    },
    "mood_acoustic": {
        "all": {
            "acoustic": 0.310823023319,
            "not_acoustic": 0.689176976681
        },
        "probability": 0.689176976681,
        "value": "not_acoustic"
    },
    "mood_aggressive": {
        "all": {
            "aggressive": 0.00712608778849,
            "not_aggressive": 0.992873907089
        },
        "probability": 0.992873907089,
        "value": "not_aggressive"
    },
    "mood_electronic": {
        "all": {
            "electronic": 0.616455316544,
            "not_electronic": 0.383544683456
        },
        "probability": 0.616455316544,
        "value": "electronic"
    },
    "mood_happy": {
        "all": {
            "happy": 0.147041574121,
            "not_happy": 0.852958440781
        },
        "probability": 0.852958440781,
        "value": "not_happy"
    },
    "mood_party": {
        "all": {
            "not_party": 0.5,
            "party": 0.5
        },
        "probability": 0.5,
        "value": "not_party"
    },
    "mood_relaxed": {
        "all": {
            "not_relaxed": 0.0113489376381,
            "relaxed": 0.988651037216
        },
        "probability": 0.988651037216,
        "value": "relaxed"
    },
    "mood_sad": {
        "all": {
            "not_sad": 0.5,
            "sad": 0.5
        },
        "probability": 0.5,
        "value": "not_sad"
    },
    "moods_mirex": {
        "all": {
            "Cluster1": 0.149358421564,
            "Cluster2": 0.209130823612,
            "Cluster3": 0.286441415548,
            "Cluster4": 0.212698861957,
            "Cluster5": 0.142370477319
        },
        "probability": 0.286441415548,
        "value": "Cluster3"
    },
    "timbre": {
        "all": {
            "bright": 0.00345613691024,
            "dark": 0.996543884277
        },
        "probability": 0.996543884277,
        "value": "dark"
    },
    "tonal_atonal": {
        "all": {
            "atonal": 0.980663776398,
            "tonal": 0.0193362291902
        },
        "probability": 0.980663776398,
        "value": "atonal"
    },
    "voice_instrumental": {
        "all": {
            "instrumental": 0.913767278194,
            "voice": 0.0862327292562
        },
        "probability": 0.913767278194,
        "value": "instrumental"
    }
},
"lowlevel": {
    "average_loudness": 0.937835693359,
    "barkbands_crest": {
        "dmean": 2.57478237152,
        "dmean2": 4.22433757782,
        "dvar": 6.31665945053,
        "dvar2": 16.8458461761,
        "max": 26.5852050781,
        "mean": 12.0196752548,
        "median": 11.5760450363,
        "min": 2.44849443436,
        "stdev": 4.38348579407,
        "var": 19.2149467468
    },
    "barkbands_flatness_db": {
        "dmean": 0.027558228001,
        "dmean2": 0.0416246466339,
        "dvar": 0.000732469314244,
        "dvar2": 0.00160765601322,
        "max": 0.661621689796,
        "mean": 0.194165632129,
        "median": 0.191145211458,
        "min": 0.0403674207628,
        "stdev": 0.0646840184927,
        "var": 0.00418402208015
    },
    "barkbands_kurtosis": {
        "dmean": 5.33202123642,
        "dmean2": 8.32103633881,
        "dvar": 161.99281311,
        "dvar2": 370.608459473,
        "max": 392.962554932,
        "mean": 9.57799816132,
        "median": 4.42671966553,
        "min": -1.72145152092,
        "stdev": 19.5101566315,
        "var": 380.646240234
    },
    "barkbands_skewness": {
        "dmean": 0.638405203819,
        "dmean2": 0.965758383274,
        "dvar": 0.60801833868,
        "dvar2": 1.32493698597,
        "max": 18.8027801514,
        "mean": 2.12615251541,
        "median": 1.83158254623,
        "min": -2.14005875587,
        "stdev": 1.6038210392,
        "var": 2.57224202156
    },
    "barkbands_spread": {
        "dmean": 4.58961725235,
        "dmean2": 6.7243103981,
        "dvar": 31.8160648346,
        "dvar2": 70.3302383423,
        "max": 99.3650283813,
        "mean": 14.8270454407,
        "median": 11.9397096634,
        "min": 0.270054370165,
        "stdev": 10.9247236252,
        "var": 119.349586487
    },
    "dissonance": {
        "dmean": 0.0250934064388,
        "dmean2": 0.0411745719612,
        "dvar": 0.000537488434929,
        "dvar2": 0.00140486541204,
        "max": 0.500000059605,
        "mean": 0.448997795582,
        "median": 0.457736194134,
        "min": 0.221133992076,
        "stdev": 0.0377672500908,
        "var": 0.00142636511009
    },
    "dynamic_complexity": 2.59175610542,
    "erbbands_crest": {
        "dmean": 2.63964915276,
        "dmean2": 4.17432355881,
        "dvar": 6.27744531631,
        "dvar2": 16.0925960541,
        "max": 31.2642021179,
        "mean": 10.1113815308,
        "median": 9.25404930115,
        "min": 2.20093631744,
        "stdev": 4.86322641373,
        "var": 23.650970459
    },
    "erbbands_flatness_db": {
        "dmean": 0.0202919468284,
        "dmean2": 0.028429960832,
        "dvar": 0.000434143352322,
        "dvar2": 0.000842419627588,
        "max": 0.430365949869,
        "mean": 0.174230486155,
        "median": 0.16400039196,
        "min": 0.05049546808,
        "stdev": 0.0524903684855,
        "var": 0.00275523890741
    },
    "erbbands_kurtosis": {
        "dmean": 1.19898545742,
        "dmean2": 1.82176995277,
        "dvar": 2.53583502769,
        "dvar2": 5.52057552338,
        "max": 45.3715591431,
        "mean": 1.32951450348,
        "median": 0.593537092209,
        "min": -1.76296913624,
        "stdev": 2.89183664322,
        "var": 8.36271953583
    },
    "erbbands_skewness": {
        "dmean": 0.378400325775,
        "dmean2": 0.567611753941,
        "dvar": 0.118602953851,
        "dvar2": 0.274060070515,
        "max": 5.49509954453,
        "mean": 0.77105987072,
        "median": 0.746550798416,
        "min": -3.67260289192,
        "stdev": 0.772728025913,
        "var": 0.597108602524
    },
    "erbbands_spread": {
        "dmean": 8.78580474854,
        "dmean2": 12.282702446,
        "dvar": 90.2425994873,
        "dvar2": 180.680282593,
        "max": 132.045059204,
        "mean": 35.9790306091,
        "median": 31.8760662079,
        "min": 2.09102463722,
        "stdev": 19.0813350677,
        "var": 364.097320557
    },
    "hfc": {
        "dmean": 5.69816637039,
        "dmean2": 8.51957702637,
        "dvar": 90.0295944214,
        "dvar2": 213.855957031,
        "max": 128.245666504,
        "mean": 17.6101932526,
        "median": 13.5978956223,
        "min": 1.07123409806e-16,
        "stdev": 14.4022321701,
        "var": 207.424301147
    },
    "loudness_ebu128": {
        "integrated": -10.5991725922,
        "loudness_range": 3.29172611237,
        "momentary": {
            "dmean": 0.630165815353,
            "dmean2": 0.784885585308,
            "dvar": 9.26323509216,
            "dvar2": 8.90019416809,
            "max": -6.7623295784,
            "mean": -13.0539340973,
            "median": -10.690290451,
            "min": -300.691009521,
            "stdev": 21.5346488953,
            "var": 463.741119385
        },
        "short_term": {
            "dmean": 0.0964488983154,
            "dmean2": 0.10920419544,
            "dvar": 0.237075328827,
            "dvar2": 0.223326548934,
            "max": -8.42815589905,
            "mean": -11.0734205246,
            "median": -10.8013801575,
            "min": -68.513381958,
            "stdev": 2.9572660923,
            "var": 8.74542331696
        }
    },
    "melbands_crest": {
        "dmean": 3.01054954529,
        "dmean2": 4.95636701584,
        "dvar": 8.94784641266,
        "dvar2": 22.6896858215,
        "max": 35.2656669617,
        "mean": 15.4148244858,
        "median": 14.941493988,
        "min": 1.68156099319,
        "stdev": 5.48069858551,
        "var": 30.0380592346
    },
    "melbands_flatness_db": {
        "dmean": 0.0330205187201,
        "dmean2": 0.0470940843225,
        "dvar": 0.00103636772837,
        "dvar2": 0.00220082770102,
        "max": 0.817942559719,
        "mean": 0.248692914844,
        "median": 0.249538481236,
        "min": 0.00335468654521,
        "stdev": 0.088349789381,
        "var": 0.00780568551272
    },
    "melbands_kurtosis": {
        "dmean": 10.0758619308,
        "dmean2": 15.4016561508,
        "dvar": 465.071868896,
        "dvar2": 995.075134277,
        "max": 688.22869873,
        "mean": 19.9990711212,
        "median": 9.91770648956,
        "min": -1.73299968243,
        "stdev": 35.0326805115,
        "var": 1227.28869629
    },
    "melbands_skewness": {
        "dmean": 0.803895890713,
        "dmean2": 1.20917701721,
        "dvar": 0.856530308723,
        "dvar2": 1.77772426605,
        "max": 19.4064388275,
        "mean": 2.91884183884,
        "median": 2.4681558609,
        "min": -1.31170725822,
        "stdev": 1.88916254044,
        "var": 3.56893515587
    },
    "melbands_spread": {
        "dmean": 4.84242534637,
        "dmean2": 7.26123762131,
        "dvar": 45.6052017212,
        "dvar2": 101.353385925,
        "max": 160.18699646,
        "mean": 15.3944911957,
        "median": 11.4122838974,
        "min": 0.270583212376,
        "stdev": 15.4969644547,
        "var": 240.155914307
    },
    "pitch_salience": {
        "dmean": 0.0695689618587,
        "dmean2": 0.11363542825,
        "dvar": 0.00526942266151,
        "dvar2": 0.0134646836668,
        "max": 0.853135764599,
        "mean": 0.500169873238,
        "median": 0.496708035469,
        "min": 0.0409591048956,
        "stdev": 0.129962831736,
        "var": 0.0168903358281
    },
    "silence_rate_20dB": {
        "dmean": 0,
        "dmean2": 0,
        "dvar": 0,
        "dvar2": 0,
        "max": 1,
        "mean": 1,
        "median": 1,
        "min": 1,
        "stdev": 0,
        "var": 0
    },
    "silence_rate_30dB": {
        "dmean": 0.0376078300178,
        "dmean2": 0.075222954154,
        "dvar": 0.0361922308803,
        "dvar2": 0.093994744122,
        "max": 1,
        "mean": 0.956871509552,
        "median": 1,
        "min": 0,
        "stdev": 0.203148499131,
        "var": 0.0412693098187
    },
    "silence_rate_60dB": {
        "dmean": 0.00833575613797,
        "dmean2": 0.0166731290519,
        "dvar": 0.00826546642929,
        "dvar2": 0.0183306429535,
        "max": 1,
        "mean": 0.0352781563997,
        "median": 0,
        "min": 0,
        "stdev": 0.184499457479,
        "var": 0.0340400524437
    },
    "spectral_centroid": {
        "dmean": 228.564407349,
        "dmean2": 331.948150635,
        "dvar": 78809.78125,
        "dvar2": 165748.078125,
        "max": 11652.4160156,
        "mean": 993.53918457,
        "median": 780.424926758,
        "min": 97.8729705811,
        "stdev": 1002.72094727,
        "var": 1005449.3125
    },
    "spectral_complexity": {
        "dmean": 3.41959881783,
        "dmean2": 4.90345096588,
        "dvar": 17.8325996399,
        "dvar2": 27.7707996368,
        "max": 60,
        "mean": 15.657491684,
        "median": 13,
        "min": 0,
        "stdev": 9.80548477173,
        "var": 96.1475296021
    },
    "spectral_decrease": {
        "dmean": 3.61555141382e-09,
        "dmean2": 5.74916203533e-09,
        "dvar": 4.77798513877e-17,
        "dvar2": 1.11910204749e-16,
        "max": 2.36714340202e-28,
        "mean": -1.06092477026e-08,
        "median": -9.15228959286e-09,
        "min": -8.53353228081e-08,
        "stdev": 9.13952558079e-09,
        "var": 8.35309217171e-17
    },
    "spectral_energy": {
        "dmean": 0.0139957256615,
        "dmean2": 0.0221902895719,
        "dvar": 0.000699593976606,
        "dvar2": 0.0016385082854,
        "max": 0.326042056084,
        "mean": 0.0416389219463,
        "median": 0.0359990932047,
        "min": 1.02337646396e-20,
        "stdev": 0.0350399203598,
        "var": 0.00122779607773
    },
    "spectral_energyband_high": {
        "dmean": 0.000350176269421,
        "dmean2": 0.0004693629744,
        "dvar": 3.45590990491e-07,
        "dvar2": 6.96525887633e-07,
        "max": 0.00649254908785,
        "mean": 0.000633536372334,
        "median": 0.000223064096645,
        "min": 7.2007671754e-21,
        "stdev": 0.0010620392859,
        "var": 1.12792736218e-06
    },
    "spectral_energyband_low": {
        "dmean": 0.00963656324893,
        "dmean2": 0.0154859134927,
        "dvar": 0.000550916360226,
        "dvar2": 0.00129284651484,
        "max": 0.290439218283,
        "mean": 0.0219677165151,
        "median": 0.0150722628459,
        "min": 1.41022518325e-23,
        "stdev": 0.0306621938944,
        "var": 0.000940170080867
    },
    "spectral_energyband_middle_high": {
        "dmean": 0.00174414087087,
        "dmean2": 0.00263871974312,
        "dvar": 9.92915647657e-06,
        "dvar2": 2.40179615503e-05,
        "max": 0.059322308749,
        "mean": 0.00421441765502,
        "median": 0.00250036409125,
        "min": 1.22079125567e-21,
        "stdev": 0.00484530208632,
        "var": 2.34769522649e-05
    },
    "spectral_energyband_middle_low": {
        "dmean": 0.00665376987308,
        "dmean2": 0.0111189866439,
        "dvar": 0.000189383034012,
        "dvar2": 0.00053399335593,
        "max": 0.19114588201,
        "mean": 0.0158313140273,
        "median": 0.0122490376234,
        "min": 1.77634587922e-22,
        "stdev": 0.0146293193102,
        "var": 0.000214016996324
    },
    "spectral_entropy": {
        "dmean": 0.228267297149,
        "dmean2": 0.325530081987,
        "dvar": 0.0564789883792,
        "dvar2": 0.114803910255,
        "max": 9.82887268066,
        "mean": 7.34498548508,
        "median": 7.36434745789,
        "min": 3.92057776451,
        "stdev": 0.599690139294,
        "var": 0.359628260136
    },
    "spectral_flux": {
        "dmean": 0.0321495905519,
        "dmean2": 0.0514261201024,
        "dvar": 0.00217978493311,
        "dvar2": 0.00454021245241,
        "max": 0.527937233448,
        "mean": 0.0865925177932,
        "median": 0.0707633644342,
        "min": 6.46118436531e-11,
        "stdev": 0.0672261118889,
        "var": 0.00451935036108
    },
    "spectral_kurtosis": {
        "dmean": 2.46114134789,
        "dmean2": 3.94875645638,
        "dvar": 13.9388217926,
        "dvar2": 34.968788147,
        "max": 163.70274353,
        "mean": 5.33864212036,
        "median": 3.50556850433,
        "min": -1.27742052078,
        "stdev": 7.08943939209,
        "var": 50.2601509094
    },
    "spectral_rms": {
        "dmean": 0.000958892866038,
        "dmean2": 0.00148060393985,
        "dvar": 1.91471053768e-06,
        "dvar2": 4.15292561229e-06,
        "max": 0.017835073173,
        "mean": 0.00590482121333,
        "median": 0.00592630263418,
        "min": 3.15977214012e-12,
        "stdev": 0.00239926017821,
        "var": 5.75644935452e-06
    },
    "spectral_rolloff": {
        "dmean": 322.368408203,
        "dmean2": 513.156738281,
        "dvar": 374987.34375,
        "dvar2": 777696.8125,
        "max": 19659.8144531,
        "mean": 1009.0133667,
        "median": 559.86328125,
        "min": 64.599609375,
        "stdev": 1784.71691895,
        "var": 3185214.5
    },
    "spectral_skewness": {
        "dmean": 0.319092959166,
        "dmean2": 0.469513654709,
        "dvar": 0.118839398026,
        "dvar2": 0.273889750242,
        "max": 11.0187549591,
        "mean": 1.68815135956,
        "median": 1.60097968578,
        "min": -0.0853912681341,
        "stdev": 0.754672348499,
        "var": 0.569530367851
    },
    "spectral_spread": {
        "dmean": 603845.8125,
        "dmean2": 872452.875,
        "dvar": 711736688640,
        "dvar2": 1.49642818355e+12,
        "max": 47688268,
        "mean": 4692025,
        "median": 4495880,
        "min": 752038.625,
        "stdev": 3363948.25,
        "var": 1.13161472573e+13
    },
    "spectral_strongpeak": {
        "dmean": 0.313432782888,
        "dmean2": 0.533784985542,
        "dvar": 0.302091896534,
        "dvar2": 0.747172534466,
        "max": 8.42293739319,
        "mean": 0.795516133308,
        "median": 0.559505581856,
        "min": 0,
        "stdev": 0.769305765629,
        "var": 0.591831386089
    },
    "zerocrossingrate": {
        "dmean": 0.00872881431133,
        "dmean2": 0.0101374685764,
        "dvar": 0.000100375975308,
        "dvar2": 0.000122926983749,
        "max": 0.52783203125,
        "mean": 0.0441106595099,
        "median": 0.03369140625,
        "min": 0.0029296875,
        "stdev": 0.0479840673506,
        "var": 0.00230247084983
    },
    "barkbands": {
        "dmean": [0.000412026362028, 0.0070879063569, 0.0040671476163, 0.00169477344025, 0.00276526412927, 0.00124170712661, 0.0023565357551, 0.000763287185691, 0.000480429414893, 0.000401043216698, 0.000309033843223, 0.00067777687218, 0.000210591591895, 0.000247630581725, 0.000159279064974, 0.000155661953613, 0.000150056701386, 7.48306119931e-05, 9.53626004048e-05, 8.81240703166e-05, 9.60271281656e-05, 8.20902205305e-05, 7.09214364178e-05, 5.21479269082e-05, 3.33616662829e-05, 1.19626738524e-05, 2.05981951495e-08],
        "dmean2": [0.000632210751064, 0.0115580707788, 0.0072226235643, 0.00308071565814, 0.0046724928543, 0.00188515067566, 0.00401668809354, 0.00127937248908, 0.000791326339822, 0.000622010615189, 0.000480305723613, 0.00105770817026, 0.00033554827678, 0.000396963616367, 0.000267975206953, 0.000244783528615, 0.000227368611377, 0.000116415067168, 0.000150229097926, 0.000140998003189, 0.000135545647936, 0.000110245848191, 0.000102510130091, 8.11429490568e-05, 5.44903523405e-05, 2.17142769543e-05, 3.91273253797e-08],
        "dvar": [2.44760781243e-06, 0.000296973856166, 0.000213500155951, 5.40965229447e-05, 2.35352836171e-05, 3.60052854376e-06, 1.56393853104e-05, 2.62997264144e-06, 8.53574590565e-07, 7.53311894641e-07, 4.10868778999e-07, 3.02970533994e-06, 2.89115433816e-07, 3.93890815076e-07, 2.366499956e-07, 1.51850159114e-07, 1.55699140691e-07, 1.8444707095e-08, 6.52801901424e-08, 5.28027328528e-08, 2.54713334868e-08, 2.55731755772e-08, 1.83615966876e-08, 1.01708339528e-08, 1.06535722466e-08, 3.27994831295e-09, 4.44533224521e-14],
        "dvar2": [5.45866942048e-06, 0.000708336941898, 0.000615934783127, 0.000155418150825, 6.38238343527e-05, 7.8017492342e-06, 4.77083849546e-05, 7.12299924999e-06, 2.33053765442e-06, 1.7713040279e-06, 1.00236150047e-06, 7.1052554631e-06, 6.43261444111e-07, 1.02957585568e-06, 6.32818682789e-07, 3.62196175274e-07, 3.5052386238e-07, 4.2613674367e-08, 1.75419472725e-07, 1.45630039583e-07, 4.70885517245e-08, 4.69763463684e-08, 4.24511412689e-08, 2.46508733426e-08, 2.82655658879e-08, 9.6081871348e-09, 1.32480316864e-13],
        "max": [0.0221994742751, 0.204135209322, 0.178817719221, 0.107980243862, 0.0557384192944, 0.040917173028, 0.0638611540198, 0.0340886712074, 0.0166509188712, 0.0164661519229, 0.010179140605, 0.0556325465441, 0.0226404108107, 0.00877055991441, 0.00721145281568, 0.00586650101468, 0.00593558698893, 0.00337616726756, 0.00543630635366, 0.00445179501548, 0.00285959918983, 0.00205439887941, 0.00181555422023, 0.0010948079871, 0.00172577693593, 0.00122303073294, 1.02903622974e-05],
        "mean": [0.000477875903016, 0.0153374746442, 0.00518405763432, 0.00196406105533, 0.00388767151162, 0.00312366336584, 0.00457188207656, 0.00121034507174, 0.000994099071249, 0.000735533190891, 0.000488215155201, 0.00128671363927, 0.000365870306268, 0.000393750582589, 0.000205647098483, 0.000221974565648, 0.000196226435946, 0.000147472164826, 0.000152200518642, 0.000129933119752, 0.000167928810697, 0.000145080761285, 0.00011959537369, 7.91969141574e-05, 4.29874453403e-05, 9.4674715001e-06, 1.31002471093e-08],
        "median": [2.35980751313e-05, 0.00852080993354, 0.00126556423493, 0.000324995577103, 0.00192470452748, 0.00155527959578, 0.00250617531128, 0.000405570433941, 0.000516478903592, 0.000211495527765, 0.000106884530396, 0.000279225409031, 0.000176169764018, 0.00014194403775, 6.76264608046e-05, 7.68058089307e-05, 5.25615760125e-05, 5.90372146689e-05, 5.6540575315e-05, 4.82479881612e-05, 6.0021848185e-05, 4.63442120235e-05, 3.59933255822e-05, 1.99008572963e-05, 1.07742034743e-05, 1.50122480136e-06, 1.28972899027e-09],
        "min": [2.045454944e-25, 2.92832543868e-24, 1.25873811341e-24, 1.83558663529e-24, 1.01733269386e-23, 9.49735676205e-24, 6.87451258133e-24, 4.99581154212e-24, 9.6459276695e-24, 1.99078342214e-23, 1.65765329944e-23, 1.44285625682e-23, 3.99646211589e-23, 3.22430108049e-23, 4.03833516829e-23, 4.14472631422e-23, 6.52004456e-23, 8.21910453726e-23, 1.56366241584e-22, 1.55050976953e-22, 2.53589397538e-22, 3.13484261301e-22, 4.04046023335e-22, 6.37032317781e-22, 8.72333445668e-22, 1.329096784e-21, 1.96753370333e-21],
        "stdev": [0.00179886585101, 0.0214584171772, 0.0127611290663, 0.00586859509349, 0.0051278071478, 0.00430582324043, 0.00599994836375, 0.00259116431698, 0.00136550317984, 0.00141735572834, 0.000864728935994, 0.00301833241247, 0.000664849008899, 0.000724283163436, 0.000483611191157, 0.000432550150435, 0.000436105998233, 0.000227340540732, 0.000280474312603, 0.000244700437179, 0.000285096903099, 0.000283249042695, 0.000211914419197, 0.000139443654916, 9.8711308965e-05, 4.23155652243e-05, 1.50682396338e-07],
        "var": [3.23591825691e-06, 0.000460463634226, 0.000162846408784, 3.44404070347e-05, 2.62944067799e-05, 1.85401131603e-05, 3.5999379179e-05, 6.71413226883e-06, 1.86459908491e-06, 2.00889735424e-06, 7.47756132569e-07, 9.11033112061e-06, 4.42024173708e-07, 5.24586141637e-07, 2.33879774214e-07, 1.87099630011e-07, 1.90188444549e-07, 5.16837204145e-08, 7.86658347351e-08, 5.98783103101e-08, 8.12802483097e-08, 8.02300235136e-08, 4.49077184328e-08, 1.94445330948e-08, 9.74392211361e-09, 1.79060699601e-09, 2.27051857133e-14]
    },
    "erbbands": {
        "dmean": [0.20835916698, 1.66825437546, 4.41852426529, 5.22411632538, 8.55052852631, 9.49990463257, 4.16444635391, 13.8554706573, 36.0477867126, 21.5028495789, 13.5842084885, 9.84346485138, 10.9765405655, 12.0565595627, 18.4865703583, 21.7179832458, 9.59623336792, 10.7850875854, 11.3552484512, 8.1296005249, 9.09805488586, 7.76444005966, 4.04862976074, 4.44005441666, 5.03830432892, 3.96391224861, 3.7662153244, 3.70990800858, 2.7738275528, 2.90960931778, 2.02131581306, 1.25540089607, 0.771587789059, 0.440052479506, 0.206963643432, 0.0837195813656, 0.0155325410888, 0.00102359789889, 2.7476282412e-05, 1.64414304891e-05],
        "dmean2": [0.328718811274, 2.67205548286, 7.6175570488, 9.47469139099, 14.8838214874, 16.0402870178, 6.64957857132, 20.8933906555, 61.7268943787, 35.6745605469, 22.803855896, 16.2782421112, 17.0347499847, 19.1892299652, 28.2332782745, 33.0579833984, 15.1579179764, 17.2112083435, 19.1351242065, 13.2470226288, 14.1215705872, 11.9457902908, 6.36975193024, 6.63681411743, 8.18056869507, 6.1908993721, 5.42551851273, 5.16283845901, 3.63652443886, 4.14812850952, 2.9303445816, 1.92735028267, 1.23142123222, 0.695252597332, 0.346733301878, 0.148492410779, 0.0282344315201, 0.00190244487021, 4.87701472593e-05, 2.58084673987e-05],
        "dvar": [0.320967644453, 17.1031341553, 206.70916748, 513.961669922, 380.855163574, 255.254989624, 43.1693687439, 448.632537842, 3841.51196289, 1887.11193848, 800.574279785, 351.302124023, 442.287475586, 616.424194336, 1244.07177734, 2997.68432617, 696.557739258, 573.047790527, 1610.25012207, 373.569244385, 551.085327148, 411.834411621, 45.3978500366, 101.507743835, 348.494171143, 65.8941345215, 40.3234367371, 42.5997200012, 24.5819969177, 35.1102485657, 16.0092544556, 5.5063791275, 2.76268386841, 1.56134200096, 0.457140535116, 0.134244501591, 0.0066233407706, 3.92507317883e-05, 1.57406745416e-08, 8.783244132e-10],
        "dvar2": [0.80776154995, 39.2282981873, 581.825439453, 1476.44592285, 1080.48376465, 674.377197266, 104.607032776, 975.358459473, 11978.3554688, 5184.28808594, 2161.67675781, 934.132995605, 1038.10412598, 1598.06347656, 2919.76855469, 6773.10351562, 1621.05908203, 1432.52966309, 4408.46191406, 920.305664062, 1276.9519043, 964.776733398, 109.073852539, 262.047607422, 990.233398438, 171.688186646, 77.6778793335, 78.0674438477, 42.3897476196, 82.3013839722, 37.6497344971, 12.6471443176, 7.19822740555, 4.13860464096, 1.21123611927, 0.387578696012, 0.0195233412087, 0.000116169103421, 4.6012065269e-08, 2.07139705388e-09],
        "max": [6.75763177872, 57.0887374878, 191.657028198, 294.442321777, 265.406066895, 199.683822632, 119.230682373, 470.234222412, 1096.85424805, 631.987731934, 635.264282227, 339.488464355, 347.294586182, 582.645446777, 870.676757812, 1592.20080566, 1146.88964844, 474.075866699, 534.387207031, 282.957672119, 306.897613525, 313.077056885, 147.198989868, 285.902435303, 439.438171387, 132.658050537, 104.662948608, 158.693710327, 69.1748657227, 77.3272476196, 47.6498756409, 27.3865509033, 18.6085700989, 20.3319377899, 10.8035392761, 6.36442327499, 2.16051769257, 0.178555265069, 0.00354592897929, 0.000355270662112],
        "mean": [0.352431625128, 3.67040872574, 7.08249235153, 6.16320180893, 10.9825868607, 12.8290786743, 8.15661621094, 36.4174232483, 71.8755722046, 40.8592681885, 23.6891059875, 18.8451461792, 25.4624500275, 22.2842540741, 34.3497428894, 41.1763954163, 17.1620006561, 20.4259490967, 13.9007091522, 11.9100151062, 12.4108190536, 10.9480352402, 7.7355132103, 8.23868751526, 7.2304816246, 6.34605979919, 6.30136632919, 6.54023742676, 5.02101659775, 4.666264534, 3.14614319801, 2.074249506, 1.09039890766, 0.613616943359, 0.227124676108, 0.0712389796972, 0.0126727027819, 0.000746578502003, 4.04195961892e-05, 4.91068894917e-05],
        "median": [0.137474283576, 2.19143891335, 2.83939552307, 1.32078146935, 6.60559558868, 5.77086162567, 4.88786125183, 18.441192627, 37.3906784058, 24.0177383423, 9.5919380188, 10.2457799911, 11.7936077118, 10.1721286774, 13.4354457855, 10.7994241714, 8.90494155884, 7.15688991547, 4.72850704193, 4.01706933975, 4.19022274017, 3.30795717239, 3.38554191589, 3.36817240715, 2.62660884857, 2.58095359802, 2.08466291428, 2.51886248589, 1.63117206097, 1.28038799763, 0.964284300804, 0.489183425903, 0.284726917744, 0.154429882765, 0.0611367598176, 0.0145353991538, 0.0016351552913, 8.81806263351e-05, 2.63239016931e-05, 4.27678896813e-05],
        "min": [3.68869907777e-23, 3.72592005964e-22, 1.95535540752e-21, 6.29746615555e-21, 1.44375635595e-20, 4.19299177285e-20, 5.18290886181e-20, 8.88020134347e-20, 1.55773024444e-19, 1.19040647627e-19, 8.57982492119e-20, 1.76499417634e-19, 6.16027665153e-19, 7.48443978381e-19, 5.04480291598e-19, 1.03669998164e-18, 1.88983700483e-18, 2.33822845384e-18, 1.67918046919e-18, 2.75794423934e-18, 3.5606134224e-18, 4.43949654555e-18, 5.53006883593e-18, 6.84633777004e-18, 8.04827379988e-18, 8.21188433478e-18, 7.87431771706e-18, 1.04746542712e-17, 1.21753276844e-17, 1.08955750521e-17, 1.20462246432e-17, 1.18801027879e-17, 8.81797363166e-18, 7.58796185106e-18, 6.44825999538e-18, 3.99707113671e-18, 2.3038113297e-18, 8.1231555656e-19, 2.32696349466e-19, 2.83653382924e-20],
        "stdev": [0.708935976028, 5.00124645233, 13.7482528687, 18.0463275909, 16.8445529938, 17.9661521912, 9.41002368927, 50.2298049927, 97.9575271606, 52.6434173584, 47.3767547607, 25.6409816742, 37.4053115845, 35.2413063049, 55.4425582886, 96.6235351562, 30.7040405273, 35.0782852173, 36.2316360474, 22.4878349304, 25.8627185822, 22.5274772644, 10.6786317825, 13.1170396805, 16.7858581543, 10.521818161, 11.0279092789, 11.3632612228, 9.42671775818, 9.12678623199, 5.67224407196, 3.74303603172, 1.96551215649, 1.31143307686, 0.593024790287, 0.278405368328, 0.059692196548, 0.00453621800989, 9.46031650528e-05, 3.9108144847e-05],
        "var": [0.502590239048, 25.0124645233, 189.014450073, 325.669952393, 283.738952637, 322.782623291, 88.5485534668, 2523.03344727, 9595.67773438, 2771.32958984, 2244.55688477, 657.459899902, 1399.1574707, 1241.94970703, 3073.87719727, 9336.10742188, 942.738098145, 1230.48608398, 1312.73156738, 505.702697754, 668.880249023, 507.487213135, 114.033172607, 172.056732178, 281.765045166, 110.708648682, 121.614784241, 129.123703003, 88.8629989624, 83.2982330322, 32.1743507385, 14.0103187561, 3.86323809624, 1.71985661983, 0.351678431034, 0.0775095447898, 0.00356315821409, 2.05772721529e-05, 8.94975826782e-09, 1.52944690246e-09]
    },
    "gfcc": {
        "mean": [-23.9230537415, 119.982177734, -112.863197327, 36.9783706665, -71.4311904907, 16.3203372955, -34.292427063, 5.3985877037, -16.6948719025, 3.32544541359, -3.61487650871, -1.58087229729, -5.24833583832],
        "cov": [[19066.3359375, 316.909637451, -1144.49926758, 1185.60534668, -819.855163574, 917.117553711, -377.091278076, 465.395019531, -43.3529777527, 316.894378662, -82.4433364868, 172.993484497, 13.6544132233], [316.909637451, 1356.85876465, -69.5814208984, -206.15032959, 290.92288208, -211.598724365, 239.383010864, -120.596611023, 79.8832015991, -128.874801636, 174.313796997, -79.6782684326, 79.2818450928], [-1144.49926758, -69.5814208984, 1223.90759277, 244.124984741, 310.811706543, 290.317596436, 277.389465332, 237.210494995, 116.604728699, 172.682739258, -87.5564117432, 102.783164978, -86.3825759888], [1185.60534668, -206.15032959, 244.124984741, 584.569763184, 35.7571258545, 226.418777466, 62.3961677551, 119.967407227, 84.6297912598, 83.3968658447, 11.7402610779, -11.7506303787, 18.7878513336], [-819.855163574, 290.92288208, 310.811706543, 35.7571258545, 426.634490967, 99.4906005859, 203.272903442, 49.7546691895, 71.2274856567, 31.4293251038, 50.0987892151, 25.1166534424, -12.231013298], [917.117553711, -211.598724365, 290.317596436, 226.418777466, 99.4906005859, 374.434204102, 118.442871094, 160.720275879, 42.1714019775, 113.371932983, -12.3187189102, 76.7065124512, -15.1605510712], [-377.091278076, 239.383010864, 277.389465332, 62.3961677551, 203.272903442, 118.442871094, 271.638397217, 91.1746063232, 65.2100372314, 32.5364494324, 48.9508247375, 23.7886199951, 11.7429094315], [465.395019531, -120.596611023, 237.210494995, 119.967407227, 49.7546691895, 160.720275879, 91.1746063232, 191.832839966, 72.7025299072, 100.520011902, -26.9782123566, 57.3678627014, -14.6804065704], [-43.3529777527, 79.8832015991, 116.604728699, 84.6297912598, 71.2274856567, 42.1714019775, 65.2100372314, 72.7025299072, 131.966796875, 60.4109725952, 29.8910541534, -4.68529462814, 21.0811920166], [316.894378662, -128.874801636, 172.682739258, 83.3968658447, 31.4293251038, 113.371932983, 32.5364494324, 100.520011902, 60.4109725952, 145.084503174, 6.58919668198, 55.5768203735, -14.0943117142], [-82.4433364868, 174.313796997, -87.5564117432, 11.7402610779, 50.0987892151, -12.3187189102, 48.9508247375, -26.9782123566, 29.8910541534, 6.58919668198, 138.335617065, 17.1747875214, 46.5920524597], [172.993484497, -79.6782684326, 102.783164978, -11.7506303787, 25.1166534424, 76.7065124512, 23.7886199951, 57.3678627014, -4.68529462814, 55.5768203735, 17.1747875214, 113.220748901, 12.0795278549], [13.6544132233, 79.2818450928, -86.3825759888, 18.7878513336, -12.231013298, -15.1605510712, 11.7429094315, -14.6804065704, 21.0811920166, -14.0943117142, 46.5920524597, 12.0795278549, 109.41494751]],
        "icov": [[0.000307683221763, -0.00103665830102, 0.000664067920297, -0.00088462344138, 0.000718162977137, -0.00104189047124, 0.000848567404319, -0.000749941857066, 0.000653307535686, -0.000784467090853, 0.00100293173455, -0.00094838446239, 0.000583864573855], [-0.00103665830102, 0.00513443769887, -0.00224440428428, 0.00342744379304, -0.00301121361554, 0.00418675271794, -0.00413589505479, 0.00293400418013, -0.0030572405085, 0.00357684330083, -0.00450407341123, 0.00385367311537, -0.00232815044001], [0.000664067920297, -0.00224440428428, 0.00333593366668, -0.00254732766189, 0.000951323832851, -0.00205139489844, 0.000252064375672, -0.00112946063746, 0.000570139440242, -0.00256972736679, 0.00439053215086, -0.00382263585925, 0.00236957450397], [-0.00088462344138, 0.00342744379304, -0.00254732766189, 0.00560680544004, -0.00195115490351, 0.00133991905022, -0.0017384304665, 0.00116479373537, -0.00226476741955, 0.00243182876147, -0.00460304878652, 0.00568421883509, -0.00295439222828], [0.000718162977137, -0.00301121361554, 0.000951323832851, -0.00195115490351, 0.00618876190856, -0.00329176709056, -7.30329566068e-06, -0.00022961301147, -7.32627131583e-06, -0.00146905006841, 0.00196660147049, -0.00317397154868, 0.0027092306409], [-0.00104189047124, 0.00418675271794, -0.00205139489844, 0.00133991905022, -0.00329176709056, 0.00984880048782, -0.0048164119944, 0.00041128785233, -0.000665050465614, 0.00115898333024, -0.00293364166282, 0.00144343671855, -0.00181725085713], [0.000848567404319, -0.00413589505479, 0.000252064375672, -0.0017384304665, -7.30329566068e-06, -0.0048164119944, 0.0125151053071, -0.00692148087546, 0.0031510416884, -0.00029374085716, -0.00090323400218, -8.3628219727e-05, 0.000197352244868], [-0.000749941857066, 0.00293400418013, -0.00112946063746, 0.00116479373537, -0.00022961301147, 0.00041128785233, -0.00692148087546, 0.0183742083609, -0.00885834544897, -0.00141261320096, 0.00346794608049, -0.00399027438834, 0.00060393725289], [0.000653307535686, -0.0030572405085, 0.000570139440242, -0.00226476741955, -7.32627131583e-06, -0.000665050465614, 0.0031510416884, -0.00885834544897, 0.0186804123223, -0.00770223326981, -0.00135440728627, 0.00548407202587, -0.00326700066216], [-0.000784467090853, 0.00357684330083, -0.00256972736679, 0.00243182876147, -0.00146905006841, 0.00115898333024, -0.00029374085716, -0.00141261320096, -0.00770223326981, 0.0182466562837, -0.00578343076631, -0.00192927650642, 0.00140832376201], [0.00100293173455, -0.00450407341123, 0.00439053215086, -0.00460304878652, 0.00196660147049, -0.00293364166282, -0.00090323400218, 0.00346794608049, -0.00135440728627, -0.00578343076631, 0.0182235669345, -0.00922138616443, 0.000544666661881], [-0.00094838446239, 0.00385367311537, -0.00382263585925, 0.00568421883509, -0.00317397154868, 0.00144343671855, -8.3628219727e-05, -0.00399027438834, 0.00548407202587, -0.00192927650642, -0.00922138616443, 0.0221572890878, -0.00717382179573], [0.000583864573855, -0.00232815044001, 0.00236957450397, -0.00295439222828, 0.0027092306409, -0.00181725085713, 0.000197352244868, 0.00060393725289, -0.00326700066216, 0.00140832376201, 0.000544666661881, -0.00717382179573, 0.0146135417745]]
    },
    "melbands": {
        "dmean": [0.00188616034575, 0.00201127515174, 0.000970214663539, 0.000703985104337, 0.00017246590869, 0.000300737534417, 0.000522679765709, 0.000218001063331, 9.86890590866e-05, 6.46527550998e-05, 5.78866784053e-05, 5.25487666891e-05, 5.28530727024e-05, 9.43357372307e-05, 2.84950037894e-05, 2.10727685044e-05, 2.0449871954e-05, 2.11250880966e-05, 1.01722916952e-05, 1.12686229841e-05, 1.09892989713e-05, 9.40508743952e-06, 4.45073055744e-06, 3.90967397834e-06, 3.76093612431e-06, 3.88866237699e-06, 3.72441604668e-06, 2.59030252892e-06, 2.5668437047e-06, 2.43834983849e-06, 2.08565893445e-06, 1.55229906795e-06, 1.73486716903e-06, 1.60472075095e-06, 1.23421432363e-06, 1.04435878256e-06, 7.17273394457e-07, 6.50307356409e-07, 4.05028828254e-07, 3.80392606303e-07],
        "dmean2": [0.00304063502699, 0.00328917941079, 0.0017418100033, 0.0011925753206, 0.000278749474091, 0.000454783032183, 0.000895383767784, 0.00036019529216, 0.000165793215274, 0.000107018582639, 8.95227931323e-05, 8.32600853755e-05, 8.1665959442e-05, 0.000147511222167, 4.46211306553e-05, 3.35319964506e-05, 3.26364861394e-05, 3.55716947524e-05, 1.67167308973e-05, 1.77450165211e-05, 1.73750086105e-05, 1.44512314364e-05, 7.45012494008e-06, 5.99865325057e-06, 5.76502452532e-06, 6.10156394032e-06, 6.36055619907e-06, 4.06565550293e-06, 3.74798582925e-06, 3.65669825442e-06, 3.11093890559e-06, 2.09292466025e-06, 2.42362807512e-06, 2.41723978434e-06, 1.85805674846e-06, 1.62668015946e-06, 1.13356099973e-06, 1.06514278286e-06, 6.43286853119e-07, 6.06453511409e-07],
        "dvar": [2.15949894482e-05, 3.33602329192e-05, 1.35657546707e-05, 1.63267191056e-06, 7.37305825282e-08, 2.05644909101e-07, 7.75782325491e-07, 2.06682187809e-07, 4.0202586149e-08, 1.50474672722e-08, 1.22912258149e-08, 1.25396812933e-08, 9.66188284934e-09, 6.4724012816e-08, 4.06014866172e-09, 3.72370134727e-09, 2.06999350993e-09, 5.54352475035e-09, 6.60819732268e-10, 6.87748746842e-10, 8.46140491007e-10, 7.25289883707e-10, 7.35808913799e-11, 5.40768298196e-11, 8.66059585158e-11, 1.09015185767e-10, 2.60108268257e-10, 2.10232647263e-11, 2.12788224541e-11, 2.21943349116e-11, 1.25105958579e-11, 8.10094959863e-12, 1.29292245313e-11, 1.02662990956e-11, 5.98708582711e-12, 4.75531072852e-12, 1.81257092668e-12, 2.30879356432e-12, 9.57805341116e-13, 1.29184163367e-12],
        "dvar2": [5.3635907534e-05, 8.55375183164e-05, 3.88334956369e-05, 4.4169892135e-06, 1.86026127835e-07, 4.54912992609e-07, 2.41580983129e-06, 5.69205496959e-07, 1.09709638707e-07, 4.0588293615e-08, 2.83119589994e-08, 3.21484954213e-08, 2.34279617928e-08, 1.52776593154e-07, 8.32794366801e-09, 8.13119971355e-09, 5.15661202627e-09, 1.51465560094e-08, 1.69037028819e-09, 1.61212254657e-09, 1.99832816961e-09, 1.71285885475e-09, 1.94359417449e-10, 1.22257676205e-10, 2.27737773084e-10, 2.92565083271e-10, 7.58174301119e-10, 5.15522693978e-11, 4.32810523532e-11, 4.85889661839e-11, 2.40540625612e-11, 1.48467661776e-11, 2.68392599811e-11, 2.48919947154e-11, 1.45155866493e-11, 1.15219968982e-11, 4.28709238248e-12, 6.2426088604e-12, 2.56917187177e-12, 3.42783895886e-12],
        "max": [0.0485675632954, 0.076775804162, 0.0459705479443, 0.0152863422409, 0.00398843968287, 0.00968501344323, 0.0149771478027, 0.00630996841937, 0.00412344187498, 0.00226749433205, 0.00184996542521, 0.00258908537216, 0.00150401494466, 0.00837333127856, 0.00155194976833, 0.00269998051226, 0.000787208380643, 0.00101189303678, 0.000369649700588, 0.000404929829529, 0.000365326239262, 0.000432578934124, 0.00010181718244, 0.000263613066636, 0.000283386965748, 0.000242454581894, 0.000373769231373, 7.43562559364e-05, 8.70910953381e-05, 7.36091678846e-05, 8.12729849713e-05, 4.01382058044e-05, 5.28513992322e-05, 4.30749969382e-05, 3.1195984775e-05, 2.44531838689e-05, 1.47229839058e-05, 1.7824509996e-05, 1.29925729198e-05, 1.98182679014e-05],
        "mean": [0.00378615176305, 0.00410977425054, 0.00120068562683, 0.00096303713508, 0.000302676548017, 0.000798131746706, 0.0010499143973, 0.000399745593313, 0.000167217978742, 0.000127459818032, 0.00013225551811, 9.54683200689e-05, 9.27738365135e-05, 0.000173341933987, 4.51114901807e-05, 3.78963814001e-05, 3.66752137779e-05, 2.41306333919e-05, 1.42294511534e-05, 1.60823037731e-05, 1.39351523103e-05, 1.24679581859e-05, 6.42145460006e-06, 8.04489536677e-06, 6.42257464278e-06, 5.94621997152e-06, 4.52885524282e-06, 4.05920309277e-06, 4.10652864957e-06, 3.59464775102e-06, 3.83839960705e-06, 2.72818510894e-06, 2.86460658572e-06, 2.49212803283e-06, 1.77725792128e-06, 1.74379488271e-06, 1.05926403648e-06, 7.96149549842e-07, 6.4027898361e-07, 4.72715612432e-07],
