{
"highlevel": {
    "danceability": {
        "all": {
            "danceable": 0.998374462128,
            "not_danceable": 0.00162551680114
        },
        "probability": 0.998374462128,
        "value": "danceable"
    },
    "gender": {
        "all": {
            "female": 0.411234647036,
            "male": 0.588765382767
        },
        "probability": 0.588765382767,
        "value": "male"
    },
    "genre_electronic": {
        "all": {
            "ambient": 0.208316504955,
            "dnb": 0.0146107170731,
            "house": 0.511814057827,
            "techno": 0.226267904043,
            "trance": 0.0389908105135
        },
        "probability": 0.511814057827,
        "value": "house"
    },
    "mood_acoustic": {
        "all": {
            "acoustic": 0.0147514650598,
            "not_acoustic": 0.985248506069
        },
        "probability": 0.985248506069,
        "value": "not_acoustic"
    },
    "mood_aggressive": {
        "all": {
            "aggressive": 0.102022528648,
            "not_aggressive": 0.897977471352
        },
        "probability": 0.897977471352,
        "value": "not_aggressive"
    },
    "mood_electronic": {
        "all": {
            "electronic": 0.940957486629,
            "not_electronic": 0.059042531997
        },
        "probability": 0.940957486629,
        "value": "electronic"
    },
    "mood_happy": {
        "all": {
            "happy": 0.586636424065,
            "not_happy": 0.413363575935
        },
        "probability": 0.586636424065,
        "value": "happy"
    },
    "mood_party": {
        "all": {
            "not_party": 0.547306478024,
            "party": 0.452693521976
        },
        "probability": 0.547306478024,
        "value": "not_party"
    },
    "mood_relaxed": {
        "all": {
            "not_relaxed": 0.114709049463,
            "relaxed": 0.885290980339
        },
        "probability": 0.885290980339,
        "value": "relaxed"
    },
    "mood_sad": {
        "all": {
            "not_sad": 0.916634380817,
            "sad": 0.0833656266332
        },
        "probability": 0.916634380817,
        "value": "not_sad"
    },
    "moods_mirex": {
        "all": {
            "Cluster1": 0.121643155813,
            "Cluster2": 0.130119428039,
            "Cluster3": 0.376611828804,
            "Cluster4": 0.175433218479,
            "Cluster5": 0.196192368865
        },
        "probability": 0.376611828804,
        "value": "Cluster3"
    },
    "timbre": {
        "all": {
            "bright": 0.00549831707031,
            "dark": 0.994501709938
        },
        "probability": 0.994501709938,
        "value": "dark"
    },
    "tonal_atonal": {
        "all": {
            "atonal": 0.969972491264,
            "tonal": 0.0300274956971
        },
        "probability": 0.969972491264,
        "value": "atonal"
    },
    "voice_instrumental": {
        "all": {
            "instrumental": 0.963859558105,
            "voice": 0.0361404232681
        },
        "probability": 0.963859558105,
        "value": "instrumental"
    }
},
"lowlevel": {
    "average_loudness": 0.970915853977,
    "barkbands_crest": {
        "dmean": 2.65013790131,
        "dmean2": 3.69009995461,
        "dvar": 6.23840475082,
        "dvar2": 12.6184673309,
        "max": 26.4769039154,
        "mean": 15.1913366318,
        "median": 15.014837265,
        "min": 2.31912589073,
        "stdev": 5.16167259216,
        "var": 26.6428661346
    },
    "barkbands_flatness_db": {
        "dmean": 0.0474580340087,
        "dmean2": 0.0612533353269,
        "dvar": 0.00315102026798,
        "dvar2": 0.00573212746531,
        "max": 0.823866903782,
        "mean": 0.332387119532,
        "median": 0.301631867886,
        "min": 0.0241270959377,
        "stdev": 0.178413048387,
        "var": 0.0318312160671
    },
    "barkbands_kurtosis": {
        "dmean": 25.4479789734,
        "dmean2": 33.3902244568,
        "dvar": 3212.79882812,
        "dvar2": 5284.43603516,
        "max": 1185.8470459,
        "mean": 48.7802352905,
        "median": 15.3721084595,
        "min": -1.86472034454,
        "stdev": 97.2705230713,
        "var": 9461.5546875
    },
    "barkbands_skewness": {
        "dmean": 1.34093344212,
        "dmean2": 1.85898804665,
        "dvar": 2.75574660301,
        "dvar2": 4.69770956039,
        "max": 23.1181411743,
        "mean": 4.04360294342,
        "median": 3.18140506744,
        "min": -3.30889081955,
        "stdev": 3.85429000854,
        "var": 14.8555517197
    },
    "barkbands_spread": {
        "dmean": 5.93900585175,
        "dmean2": 8.23499107361,
        "dvar": 172.939880371,
        "dvar2": 305.384216309,
        "max": 114.511558533,
        "mean": 13.9640684128,
        "median": 3.57957220078,
        "min": 0.0410118885338,
        "stdev": 22.9461078644,
        "var": 526.523864746
    },
    "dissonance": {
        "dmean": 0.0412106215954,
        "dmean2": 0.0711486339569,
        "dvar": 0.00239279516973,
        "dvar2": 0.00694758305326,
        "max": 0.500000178814,
        "mean": 0.427324712276,
        "median": 0.452611804008,
        "min": 0.0308114197105,
        "stdev": 0.0718654617667,
        "var": 0.00516464468092
    },
    "dynamic_complexity": 3.46925163269,
    "erbbands_crest": {
        "dmean": 2.48061394691,
        "dmean2": 4.03062820435,
        "dvar": 5.27543020248,
        "dvar2": 13.1853055954,
        "max": 31.5049247742,
        "mean": 10.7015590668,
        "median": 10.1298332214,
        "min": 2.70477366447,
        "stdev": 4.41671943665,
        "var": 19.5074119568
    },
    "erbbands_flatness_db": {
        "dmean": 0.0265969913453,
        "dmean2": 0.0424834936857,
        "dvar": 0.00152150809299,
        "dvar2": 0.0032838115003,
        "max": 0.592444360256,
        "mean": 0.216004893184,
        "median": 0.155592441559,
        "min": 0.038228943944,
        "stdev": 0.130743533373,
        "var": 0.0170938707888
    },
    "erbbands_kurtosis": {
        "dmean": 3.35526108742,
        "dmean2": 5.31852531433,
        "dvar": 41.5685920715,
        "dvar2": 106.710174561,
        "max": 157.612060547,
        "mean": 4.16342353821,
        "median": 1.64015507698,
        "min": -1.87932491302,
        "stdev": 8.85985183716,
        "var": 78.4969711304
    },
    "erbbands_skewness": {
        "dmean": 0.64248663187,
        "dmean2": 0.971912801266,
        "dvar": 0.485418319702,
        "dvar2": 1.09187984467,
        "max": 8.23727321625,
        "mean": 0.991508841515,
        "median": 1.01918125153,
        "min": -3.47960209846,
        "stdev": 1.41899883747,
        "var": 2.0135576725
    },
    "erbbands_spread": {
        "dmean": 13.9273710251,
        "dmean2": 21.6185340881,
        "dvar": 359.965301514,
        "dvar2": 753.457641602,
        "max": 162.462280273,
        "mean": 50.9236793518,
        "median": 45.743309021,
        "min": 0.454464793205,
        "stdev": 41.8382110596,
        "var": 1750.43603516
    },
    "hfc": {
        "dmean": 8.67169094086,
        "dmean2": 12.3950166702,
        "dvar": 319.801361084,
        "dvar2": 722.625244141,
        "max": 173.522735596,
        "mean": 15.7934951782,
        "median": 10.4910583496,
        "min": 1.14545853644e-16,
        "stdev": 21.0271720886,
        "var": 442.141967773
    },
    "loudness_ebu128": {
        "integrated": -10.5460529327,
        "loudness_range": 5.40654850006,
        "momentary": {
            "dmean": 0.704909384251,
            "dmean2": 0.999321460724,
            "dvar": 0.400358021259,
            "dvar2": 0.911314964294,
            "max": -8.09594249725,
            "mean": -11.8223342896,
            "median": -10.20129776,
            "min": -96.7855529785,
            "stdev": 6.28804922104,
            "var": 39.5395622253
        },
        "short_term": {
            "dmean": 0.105498760939,
            "dmean2": 0.135564938188,
            "dvar": 0.00822656508535,
            "dvar2": 0.0136590218171,
            "max": -9.30211544037,
            "mean": -11.5620765686,
            "median": -10.1256408691,
            "min": -62.5652770996,
            "stdev": 5.20988273621,
            "var": 27.1428775787
        }
    },
    "melbands_crest": {
        "dmean": 3.73915505409,
        "dmean2": 5.31732034683,
        "dvar": 11.6808624268,
        "dvar2": 24.6487903595,
        "max": 38.4414710999,
        "mean": 25.0424404144,
        "median": 25.4399490356,
        "min": 1.07800793648,
        "stdev": 8.22228908539,
        "var": 67.6060409546
    },
    "melbands_flatness_db": {
        "dmean": 0.0542420893908,
        "dmean2": 0.0699587762356,
        "dvar": 0.00429443549365,
        "dvar2": 0.00772604113445,
        "max": 0.987816572189,
        "mean": 0.446271121502,
        "median": 0.411231487989,
        "min": 0.000509868434165,
        "stdev": 0.211141169071,
        "var": 0.0445805937052
    },
    "melbands_kurtosis": {
        "dmean": 86.6707763672,
        "dmean2": 125.474113464,
        "dvar": 80430.0546875,
        "dvar2": 186312.890625,
        "max": 4164.55908203,
        "mean": 131.939041138,
        "median": 39.933052063,
        "min": -1.77250063419,
        "stdev": 330.962371826,
        "var": 109536.101562
    },
    "melbands_skewness": {
        "dmean": 2.09626793861,
        "dmean2": 3.06039690971,
        "dvar": 12.9637622833,
        "dvar2": 29.7972259521,
        "max": 50.3859863281,
        "mean": 6.21047210693,
        "median": 4.89915561676,
        "min": -3.07925891876,
        "stdev": 5.71410989761,
        "var": 32.6510543823
    },
    "melbands_spread": {
        "dmean": 4.79962444305,
        "dmean2": 6.88260364532,
        "dvar": 140.747406006,
        "dvar2": 268.98223877,
        "max": 179.498214722,
        "mean": 9.49523448944,
        "median": 2.69529628754,
        "min": 0.0459151230752,
        "stdev": 18.4440822601,
        "var": 340.184204102
    },
    "pitch_salience": {
        "dmean": 0.0881144478917,
        "dmean2": 0.12672996521,
        "dvar": 0.00673221889883,
        "dvar2": 0.0147329010069,
        "max": 0.996359884739,
        "mean": 0.401208817959,
        "median": 0.397357523441,
        "min": 0.0208863951266,
        "stdev": 0.190932288766,
        "var": 0.0364551395178
    },
    "silence_rate_20dB": {
        "dmean": 0,
        "dmean2": 0,
        "dvar": 0,
        "dvar2": 0,
        "max": 1,
        "mean": 1,
        "median": 1,
        "min": 1,
        "stdev": 0,
        "var": 0
    },
    "silence_rate_30dB": {
        "dmean": 0.0804256871343,
        "dmean2": 0.160857915878,
        "dvar": 0.0739579424262,
        "dvar2": 0.134979441762,
        "max": 1,
        "mean": 0.639683187008,
        "median": 1,
        "min": 0,
        "stdev": 0.480117291212,
        "var": 0.230512619019
    },
    "silence_rate_60dB": {
        "dmean": 0.0147853279486,
        "dmean2": 0.0295718573034,
        "dvar": 0.0145621243864,
        "dvar2": 0.0371288433671,
        "max": 1,
        "mean": 0.0442729480565,
        "median": 0,
        "min": 0,
        "stdev": 0.205683991313,
        "var": 0.0423059016466
    },
    "spectral_centroid": {
        "dmean": 248.473358154,
        "dmean2": 377.981231689,
        "dvar": 224141,
        "dvar2": 451929.1875,
        "max": 11509.5439453,
        "mean": 770.24420166,
        "median": 410.172424316,
        "min": 53.4890289307,
        "stdev": 867.297912598,
        "var": 752205.6875
    },
    "spectral_complexity": {
        "dmean": 2.57402825356,
        "dmean2": 3.94443082809,
        "dvar": 16.4692401886,
        "dvar2": 33.2541770935,
        "max": 53,
        "mean": 7.09277009964,
        "median": 6,
        "min": 0,
        "stdev": 5.66494274139,
        "var": 32.0915756226
    },
    "spectral_decrease": {
        "dmean": 5.7827267419e-09,
        "dmean2": 6.77476519328e-09,
        "dvar": 6.877782462e-17,
        "dvar2": 1.10236937484e-16,
        "max": 1.00761488943e-28,
        "mean": -2.24383729375e-08,
        "median": -9.62713819774e-09,
        "min": -7.61264828952e-08,
        "stdev": 2.2474635486e-08,
        "var": 5.05109251612e-16
    },
    "spectral_energy": {
        "dmean": 0.0220099017024,
        "dmean2": 0.0263225473464,
        "dvar": 0.00100467388984,
        "dvar2": 0.00162429804914,
        "max": 0.28869253397,
        "mean": 0.0861201882362,
        "median": 0.0389996282756,
        "min": 1.03838397597e-20,
        "stdev": 0.0849526450038,
        "var": 0.00721695180982
    },
    "spectral_energyband_high": {
        "dmean": 0.000720791984349,
        "dmean2": 0.000993155757897,
        "dvar": 4.45861496701e-06,
        "dvar2": 9.8786331364e-06,
        "max": 0.0208143796772,
        "mean": 0.00101424951572,
        "median": 0.00019872795383,
        "min": 7.51436960175e-21,
        "stdev": 0.00250936276279,
        "var": 6.29690157439e-06
    },
    "spectral_energyband_low": {
        "dmean": 0.020271519199,
        "dmean2": 0.0204458478838,
        "dvar": 0.00075500854291,
        "dvar2": 0.000911625742447,
        "max": 0.285801947117,
        "mean": 0.0743261575699,
        "median": 0.0257177464664,
        "min": 9.0829831169e-24,
        "stdev": 0.0830804929137,
        "var": 0.00690236780792
    },
    "spectral_energyband_middle_high": {
        "dmean": 0.000404122081818,
        "dmean2": 0.000638667668682,
        "dvar": 1.0728391544e-06,
        "dvar2": 2.33899800151e-06,
        "max": 0.0178103465587,
        "mean": 0.000564668909647,
        "median": 0.000138838484418,
        "min": 1.1807996176e-21,
        "stdev": 0.00130985770375,
        "var": 1.71572708041e-06
    },
    "spectral_energyband_middle_low": {
        "dmean": 0.0114959748462,
        "dmean2": 0.0205503478646,
        "dvar": 0.000700522214174,
        "dvar2": 0.00197150185704,
        "max": 0.218884214759,
        "mean": 0.0127972252667,
        "median": 0.00749318487942,
        "min": 1.31936304822e-22,
        "stdev": 0.0214460175484,
        "var": 0.000459931674413
    },
    "spectral_entropy": {
        "dmean": 0.322477221489,
        "dmean2": 0.493101418018,
        "dvar": 0.180521577597,
        "dvar2": 0.370941251516,
        "max": 9.81128025055,
        "mean": 6.65156936646,
        "median": 6.99453830719,
        "min": 3.4317612648,
        "stdev": 1.32976877689,
        "var": 1.76828491688
    },
    "spectral_flux": {
        "dmean": 0.0446451939642,
        "dmean2": 0.0578561015427,
        "dvar": 0.00363548658788,
        "dvar2": 0.00506674172357,
        "max": 0.524402201176,
        "mean": 0.117121756077,
        "median": 0.0799243301153,
        "min": 6.64420046759e-11,
        "stdev": 0.106433220208,
        "var": 0.0113280303776
    },
    "spectral_kurtosis": {
        "dmean": 28.1410980225,
        "dmean2": 46.7501678467,
        "dvar": 4183.75,
        "dvar2": 10845.2666016,
        "max": 967.892211914,
        "mean": 65.2088165283,
        "median": 2.63162541389,
        "min": -1.25811946392,
        "stdev": 122.810791016,
        "var": 15082.4902344
    },
    "spectral_rms": {
        "dmean": 0.00124160549603,
        "dmean2": 0.00148661574349,
        "dvar": 2.79550658888e-06,
        "dvar2": 4.68896996608e-06,
        "max": 0.0167824681848,
        "mean": 0.007852117531,
        "median": 0.00616834033281,
        "min": 3.18285653909e-12,
        "stdev": 0.00472908420488,
        "var": 2.2364238248e-05
    },
    "spectral_rolloff": {
        "dmean": 463.297943115,
        "dmean2": 746.86114502,
        "dvar": 1908305.25,
        "dvar2": 3500192.25,
        "max": 19121.484375,
        "mean": 867.813537598,
        "median": 215.33203125,
        "min": 43.06640625,
        "stdev": 1980.3684082,
        "var": 3921859
    },
    "spectral_skewness": {
        "dmean": 1.08623290062,
        "dmean2": 1.7329672575,
        "dvar": 4.09591388702,
        "dvar2": 9.36976146698,
        "max": 26.5097999573,
        "mean": 4.40344333649,
        "median": 1.60563087463,
        "min": -0.098967961967,
        "stdev": 5.25306940079,
        "var": 27.5947380066
    },
    "spectral_spread": {
        "dmean": 786977.6875,
        "dmean2": 1226347.125,
        "dvar": 1.25002907648e+12,
        "dvar2": 2.32367744614e+12,
        "max": 42100188,
        "mean": 5427930.5,
        "median": 6662782.5,
        "min": 133236.296875,
        "stdev": 3458988.25,
        "var": 1.19645992387e+13
    },
    "spectral_strongpeak": {
        "dmean": 0.182431995869,
        "dmean2": 0.284335315228,
        "dvar": 0.0543676838279,
        "dvar2": 0.13473559916,
        "max": 2.99450850487,
        "mean": 0.514716684818,
        "median": 0.402654856443,
        "min": 0,
        "stdev": 0.378674656153,
        "var": 0.143394485116
    },
    "zerocrossingrate": {
        "dmean": 0.012249911204,
        "dmean2": 0.0124401040375,
        "dvar": 0.000407859071856,
        "dvar2": 0.000396802148316,
        "max": 0.6943359375,
        "mean": 0.0385774709284,
        "median": 0.015625,
        "min": 0.00146484375,
        "stdev": 0.051835115999,
        "var": 0.00268687913194
    },
    "barkbands": {
        "dmean": [0.00468932697549, 0.0181843731552, 0.00840778183192, 0.0073581780307, 0.00334575376473, 0.00106500007678, 0.000664125313051, 0.000334453303367, 0.000143968049088, 0.000115673450637, 4.98094741488e-05, 4.6956098231e-05, 6.15421085968e-05, 4.02482437494e-05, 3.12068295898e-05, 2.70783330052e-05, 1.71229494299e-05, 2.15607087739e-05, 6.45523759886e-05, 4.15427603002e-05, 0.000120683136629, 0.000140261618071, 0.000162024531164, 0.000112044530397, 0.000123814301332, 5.72026401642e-05, 1.44421601362e-05],
        "dmean2": [0.00412928545848, 0.017503041774, 0.0149169210345, 0.0138699803501, 0.00582181848586, 0.00173673138488, 0.0011894418858, 0.000598384882323, 0.000249415752478, 0.000206464595976, 8.26726827654e-05, 7.7348195191e-05, 0.000101023564639, 6.67724380037e-05, 5.01077192894e-05, 4.24822028435e-05, 2.69629199465e-05, 3.44383661286e-05, 9.81486155069e-05, 6.54666655464e-05, 0.000181860828889, 0.000213141654967, 0.000228334160056, 0.000157942384249, 0.000176913556061, 8.0115183664e-05, 2.13705861825e-05],
        "dvar": [4.22936282121e-05, 0.000770681130234, 0.00053783756448, 0.000368379143765, 4.14469468524e-05, 3.79959215024e-06, 2.78929769593e-06, 1.01681098386e-06, 1.7889811943e-07, 1.05169107201e-07, 4.77958934653e-08, 4.05981488427e-08, 4.10622043034e-08, 3.05412406476e-08, 1.43169929245e-08, 7.94530663484e-09, 4.17342871373e-09, 4.21417256646e-09, 3.53947093856e-08, 1.99388185962e-08, 1.28257198639e-07, 1.61846642754e-07, 2.20717922161e-07, 1.05543776385e-07, 1.3534122445e-07, 3.04781373472e-08, 2.11027528785e-09],
        "dvar2": [3.42741222994e-05, 0.000926908513065, 0.00144178385381, 0.00106123322621, 0.000110790431791, 8.8836895884e-06, 7.84836265666e-06, 3.00480019177e-06, 5.12262658958e-07, 2.89977492685e-07, 1.19727630477e-07, 1.00400029623e-07, 1.03778965865e-07, 7.3249410093e-08, 3.38623777907e-08, 1.80265793404e-08, 9.99099381005e-09, 9.90274884316e-09, 8.15395253539e-08, 5.09590378783e-08, 3.07856765858e-07, 3.79532025363e-07, 4.79129312225e-07, 2.27821502108e-07, 3.12460173291e-07, 6.75143496665e-08, 5.01757657645e-09],
        "max": [0.0810147225857, 0.251475036144, 0.134133547544, 0.162324488163, 0.0734596922994, 0.0274330805987, 0.0340420342982, 0.02755837515, 0.0106858508661, 0.00639869365841, 0.00914195738733, 0.00608807057142, 0.00553769804537, 0.00922474451363, 0.00363823631778, 0.00219770940021, 0.00218145130202, 0.00151762051973, 0.00296499044634, 0.00172638206277, 0.00550047680736, 0.00481492094696, 0.00511979591101, 0.00357379694469, 0.00375118735246, 0.00159371725749, 0.000426561309723],
        "mean": [0.0110298674554, 0.0547213181853, 0.00600855611265, 0.00511261960492, 0.00442536966875, 0.00210042949766, 0.000641242018901, 0.000330698938342, 0.000162848416949, 0.000104172540887, 5.45020884601e-05, 5.40081964573e-05, 8.75387340784e-05, 5.3124531405e-05, 3.75279742002e-05, 3.24638458551e-05, 1.96073433472e-05, 2.793186286e-05, 8.32567675388e-05, 4.86288845423e-05, 0.000166921381606, 0.000198276960873, 0.00022058673494, 0.000168713668245, 0.0001500131184, 6.40641301288e-05, 1.62443302543e-05],
        "median": [0.0044282367453, 0.0159857794642, 0.000874783960171, 0.00134324794635, 0.00297265965492, 0.000749267230276, 0.000156884547323, 5.30406978214e-05, 2.84186535282e-05, 1.21777120512e-05, 6.14373902863e-06, 4.27105078415e-06, 5.80084179092e-06, 3.31426826961e-06, 2.85412693302e-06, 4.20729611506e-06, 1.97834242499e-06, 1.02764734038e-05, 4.98702320328e-06, 7.07855815563e-06, 2.19760240725e-05, 5.42223388038e-05, 4.5192638936e-05, 3.59693731298e-05, 1.57088325068e-05, 3.41781378665e-06, 1.41050395541e-06],
        "min": [3.98004308056e-24, 1.45883573886e-24, 1.25839002854e-24, 8.66983871425e-25, 2.94116493877e-24, 8.19185665051e-24, 1.12704541752e-23, 1.37224768378e-23, 1.03946584316e-23, 2.29515956485e-23, 2.14704903663e-23, 4.27183200089e-23, 3.46760787177e-23, 4.95750579763e-23, 5.13630995704e-23, 9.48649856501e-23, 7.17048057119e-23, 1.165514472e-22, 1.53773426183e-22, 2.17418320119e-22, 3.37356883611e-22, 4.55205760875e-22, 3.1471536394e-22, 7.19836711974e-22, 1.00273101734e-21, 1.24517803858e-21, 2.26990416404e-21],
        "stdev": [0.0157481674105, 0.0700649619102, 0.0191126801074, 0.0146170938388, 0.00586496153846, 0.00289786467329, 0.00150718260556, 0.00111280044075, 0.00054230861133, 0.000327779795043, 0.000242356953095, 0.000228682678426, 0.000259434513282, 0.000217358770897, 0.000135707014124, 0.00010295042739, 6.79982549627e-05, 7.01099488651e-05, 0.000216008396819, 0.000139605035656, 0.000404546008212, 0.000471645529615, 0.000556695275009, 0.000398220145144, 0.000409575121012, 0.000194303036551, 4.83917719976e-05],
        "var": [0.000248004798777, 0.00490909907967, 0.000365294574294, 0.000213659441215, 3.43977735611e-05, 8.39762014948e-06, 2.27159944188e-06, 1.23832489862e-06, 2.9409861213e-07, 1.07439589669e-07, 5.87368909066e-08, 5.22957641635e-08, 6.73062601209e-08, 4.72448355993e-08, 1.8416391967e-08, 1.05987902899e-08, 4.62376315014e-09, 4.91540541603e-09, 4.66596254967e-08, 1.94895672934e-08, 1.63657475127e-07, 2.22449500598e-07, 3.09909609086e-07, 1.58579283038e-07, 1.6775177869e-07, 3.77536686358e-08, 2.34176344982e-09]
    },
    "erbbands": {
        "dmean": [1.06841468811, 3.55803751945, 8.56739616394, 18.2892475128, 17.5059070587, 10.1317462921, 6.90576934814, 9.44985675812, 8.79363536835, 10.4046478271, 4.96567773819, 3.66606593132, 3.02075576782, 2.80813860893, 1.95426809788, 1.97981393337, 2.75535821915, 2.00425362587, 1.81216144562, 1.60441482067, 1.33034133911, 0.96575564146, 1.16417574883, 1.43358373642, 3.80210065842, 2.0913002491, 3.32155370712, 5.5661110878, 4.94282865524, 6.56880569458, 3.89954781532, 2.43763661385, 1.90489721298, 1.61625981331, 0.748425006866, 0.329557985067, 0.0876028612256, 0.0220076330006, 0.00241739116609, 0.000137765193358],
        "dmean2": [0.876824498177, 4.06724309921, 14.0836744308, 33.4226417542, 31.9180221558, 17.1537494659, 11.3234052658, 15.3912038803, 15.7458734512, 18.8474807739, 8.82068729401, 6.38129806519, 5.30217838287, 4.90974760056, 3.23176217079, 3.25529694557, 4.5412569046, 3.23306298256, 3.03900003433, 2.48831415176, 2.06061220169, 1.51982748508, 1.8520475626, 2.26371574402, 5.7414226532, 3.14252233505, 5.11407661438, 8.23454380035, 7.58100271225, 10.1327552795, 5.25040388107, 3.331387043, 2.87471723557, 2.28192234039, 1.11362218857, 0.480563163757, 0.124313257635, 0.0332272872329, 0.00348225096241, 0.000190749793546],
        "dvar": [2.1561923027, 45.0444374084, 494.299316406, 2269.09643555, 1782.98278809, 296.488067627, 121.400970459, 289.028564453, 432.962921143, 919.271362305, 233.062698364, 118.568389893, 75.5098876953, 69.4639205933, 74.7526168823, 72.8389816284, 83.6866149902, 59.079914093, 67.2367095947, 35.497303009, 20.1144523621, 13.0805416107, 12.6629543304, 18.2585029602, 131.114028931, 41.7629318237, 102.757888794, 265.418518066, 212.251327515, 395.658111572, 116.662757874, 46.4438285828, 31.8187198639, 21.805803299, 5.40717840195, 1.08897614479, 0.0687925219536, 0.005261445418, 5.53048157599e-05, 1.26411691781e-07],
        "dvar2": [1.74439406395, 75.4038925171, 1245.73071289, 6315.46337891, 5161.70214844, 724.516845703, 289.582122803, 686.560241699, 1199.72033691, 2641.31567383, 681.784118652, 339.498809814, 209.902099609, 187.437164307, 181.623382568, 179.592086792, 207.789886475, 133.801391602, 166.918289185, 77.9508056641, 46.0313491821, 30.8229503632, 29.8533725739, 43.6479454041, 305.971405029, 100.188735962, 253.431274414, 636.173278809, 502.125244141, 911.010314941, 237.797012329, 87.0789337158, 75.3618469238, 49.388004303, 13.3903398514, 2.60205316544, 0.144589647651, 0.0128790661693, 0.000124973725178, 2.72095235232e-07],
        "max": [14.4843864441, 50.0115852356, 132.036834717, 370.240692139, 362.037689209, 219.835784912, 156.928543091, 290.508392334, 353.920593262, 629.781616211, 438.079223633, 336.679840088, 238.655685425, 288.204620361, 324.626647949, 260.344451904, 278.235015869, 495.017700195, 359.760437012, 198.761322021, 108.650169373, 105.57711792, 97.9295272827, 84.8438720703, 189.831130981, 78.0280532837, 162.579727173, 220.367019653, 188.331939697, 211.362060547, 135.056167603, 76.6087646484, 64.7642364502, 48.9884719849, 26.4465484619, 9.52003192902, 2.34528398514, 0.738345265388, 0.0795744881034, 0.00422809366137],
        "mean": [2.93869757652, 6.77508068085, 7.20626592636, 13.9527025223, 15.6265106201, 15.1163845062, 12.2114830017, 17.7003250122, 9.53754425049, 9.59853649139, 5.44706487656, 4.1273059845, 3.02960205078, 2.8519153595, 2.17233586311, 2.41056084633, 3.97405099869, 3.00220513344, 2.27570509911, 2.03865146637, 1.57882630825, 1.13557898998, 1.4486271143, 1.8510838747, 5.05256462097, 2.62924456596, 4.35060596466, 7.90547704697, 7.08111715317, 7.73099565506, 5.81141042709, 3.82605552673, 2.68968153, 2.01273918152, 0.867045521736, 0.36283275485, 0.0963356718421, 0.0223299432546, 0.00289371283725, 0.000236915613641],
        "median": [0.920905768871, 1.19488298893, 1.0342965126, 3.86737775803, 6.81044387817, 10.7495107651, 6.88699626923, 6.17773914337, 3.09759902954, 1.65128445625, 1.05719232559, 0.713569283485, 0.415224403143, 0.385320872068, 0.229127317667, 0.224967718124, 0.28996193409, 0.220053851604, 0.165805667639, 0.201412498951, 0.23286652565, 0.130916565657, 0.425065159798, 0.391333043575, 0.277307987213, 0.302982389927, 0.741069316864, 1.14413309097, 2.03817367554, 1.22938227654, 1.35649180412, 0.929793834686, 0.535602033138, 0.252709567547, 0.0730976238847, 0.0176016278565, 0.0055946521461, 0.00139657896943, 0.000272293749731, 0.000157295580721],
        "min": [7.28742004961e-23, 2.99019934935e-22, 1.48328761227e-21, 1.08055459679e-20, 7.73842407224e-21, 9.81272243768e-21, 2.12681302523e-20, 9.35306689546e-20, 1.59935500684e-19, 2.09340219862e-19, 4.83518707696e-19, 2.46438300983e-19, 7.43293228104e-19, 9.18957749082e-19, 9.64733200398e-19, 2.14651797314e-18, 1.35316563552e-18, 2.14648364515e-18, 3.37475462415e-18, 2.78657440791e-18, 6.69324235508e-18, 4.92634196687e-18, 7.47639669312e-18, 8.75112833918e-18, 8.69055224856e-18, 8.83923051905e-18, 1.25344100971e-17, 1.30949788177e-17, 1.698705716e-17, 1.37671333757e-17, 1.07455848731e-17, 1.56415353971e-17, 1.01881577845e-17, 8.71015063882e-18, 8.13726437172e-18, 5.25650325015e-18, 2.52958366046e-18, 1.02833656526e-18, 3.07711704858e-19, 3.35843955932e-20],
        "stdev": [3.94020080566, 10.9060544968, 20.2381362915, 38.0542373657, 33.1890602112, 17.5895233154, 14.5086545944, 24.9552745819, 18.8595199585, 29.4008979797, 18.1517734528, 13.8675374985, 9.42269706726, 9.26753234863, 9.53525161743, 9.79673957825, 11.9071826935, 10.4917259216, 9.34578800201, 7.18080568314, 4.9871506691, 3.83495950699, 3.81704306602, 4.63944387436, 13.1417560577, 6.9942445755, 10.5685157776, 19.2956771851, 16.9391384125, 21.4088802338, 13.8587932587, 8.83431148529, 6.5067448616, 5.34402704239, 2.44043374062, 1.10860562325, 0.294021695852, 0.0724329426885, 0.00826407596469, 0.00040055939462],
        "var": [15.525182724, 118.94203186, 409.582122803, 1448.12512207, 1101.51367188, 309.391357422, 210.501052856, 622.76574707, 355.681518555, 864.412841797, 329.486907959, 192.30859375, 88.7872161865, 85.8871612549, 90.9210205078, 95.9761047363, 141.781005859, 110.076309204, 87.3437576294, 51.5639686584, 24.871673584, 14.7069139481, 14.569817543, 21.524438858, 172.705764771, 48.9194602966, 111.693519592, 372.323150635, 286.934387207, 458.340179443, 192.066146851, 78.0450515747, 42.337726593, 28.5586242676, 5.95571708679, 1.22900652885, 0.0864487588406, 0.00524653075263, 6.82949466864e-05, 1.60447839903e-07]
    },
    "gfcc": {
        "mean": [-110.824119568, 114.5909729, -20.8546257019, 41.2923622131, -51.3679733276, 7.64161109924, -29.0197162628, -5.36142301559, -15.162405014, 0.817345023155, -6.26848602295, 0.0432395301759, -3.81070351601],
        "cov": [[22460.9082031, -8784.99023438, -3128.77880859, 3604.46972656, -1752.52783203, 1671.36743164, -979.58770752, 360.556060791, -485.68145752, 933.516967773, 116.303344727, 759.910827637, -100.828231812], [-8784.99023438, 7517.59033203, 1469.5904541, -2722.16333008, 1411.49133301, -984.528686523, 911.708496094, -163.796279907, 621.348693848, -547.706420898, 197.373718262, -524, 290.484527588], [-3128.77880859, 1469.5904541, 1933.06030273, 47.4930953979, 257.936859131, -132.806686401, 339.273254395, 20.2997570038, 154.01612854, -135.650100708, 183.470596313, 53.0954742432, 204.949157715], [3604.46972656, -2722.16333008, 47.4930953979, 1671.31530762, -422.359069824, 462.209686279, -208.33039856, 149.879516602, -143.361557007, 184.188934326, 47.4417114258, 294.203125, 17.8887424469], [-1752.52783203, 1411.49133301, 257.936859131, -422.359069824, 816.51965332, -23.1602401733, 296.552490234, -21.6459827423, 185.314147949, -46.3482131958, 79.7181396484, -113.037879944, 102.124580383], [1671.36743164, -984.528686523, -132.806686401, 462.209686279, -23.1602401733, 459.115844727, 33.5664749146, 36.4599227905, -63.9545822144, 103.715820312, 25.2896537781, 58.2868881226, -23.5306224823], [-979.58770752, 911.708496094, 339.273254395, -208.33039856, 296.552490234, 33.5664749146, 363.554016113, 120.672561646, 134.325881958, -42.154384613, 100.096824646, -24.5697650909, 82.7256622314], [360.556060791, -163.796279907, 20.2997570038, 149.879516602, -21.6459827423, 36.4599227905, 120.672561646, 239.685256958, 112.451805115, 26.3414764404, 25.3850727081, 73.6102676392, 45.4067878723], [-485.68145752, 621.348693848, 154.01612854, -143.361557007, 185.314147949, -63.9545822144, 134.325881958, 112.451805115, 282.496673584, 46.1457748413, 96.280921936, 14.0877456665, 112.504356384], [933.516967773, -547.706420898, -135.650100708, 184.188934326, -46.3482131958, 103.715820312, -42.154384613, 26.3414764404, 46.1457748413, 199.643829346, 83.0833129883, 65.1548690796, 19.6455745697], [116.303344727, 197.373718262, 183.470596313, 47.4417114258, 79.7181396484, 25.2896537781, 100.096824646, 25.3850727081, 96.280921936, 83.0833129883, 197.89515686, 95.9666442871, 90.4244003296], [759.910827637, -524, 53.0954742432, 294.203125, -113.037879944, 58.2868881226, -24.5697650909, 73.6102676392, 14.0877456665, 65.1548690796, 95.9666442871, 189.52645874, 85.9949188232], [-100.828231812, 290.484527588, 204.949157715, 17.8887424469, 102.124580383, -23.5306224823, 82.7256622314, 45.4067878723, 112.504356384, 19.6455745697, 90.4244003296, 85.9949188232, 155.381072998]],
        "icov": [[0.000143220386235, -3.25952169078e-05, 0.00022435230494, -0.000199445392354, 0.000160889350809, -0.000305672641844, 0.000228733100812, -0.00021628329705, 0.000157742062584, -0.000101531892142, -0.000296142796287, 0.000235725703533, -0.000389194203308], [-3.25952169078e-05, 0.00156052608509, -0.000429282925325, 0.00130383879878, -0.000400362390792, 0.00108215166256, -0.00118245254271, 0.000719038071111, -0.00110630469862, 0.00233356864192, -0.0018931736704, 0.00241287774406, -0.00140367087442], [0.00022435230494, -0.000429282925325, 0.00133776466828, -0.00108200707473, 0.000503860588651, -0.000178625181434, -0.00059969862923, 0.000464966025902, 0.000175036868313, -0.000101908684883, -0.00022452500707, -0.000217876513489, -0.000729241408408], [-0.000199445392354, 0.00130383879878, -0.00108200707473, 0.00297940010205, -0.000534675258677, -0.000312833610224, 0.000692275702022, -0.000976247771177, -0.000201964867301, 0.00181564735249, -0.00154089927673, 0.000939460645895, -0.000968559761532], [0.000160889350809, -0.000400362390792, 0.000503860588651, -0.000534675258677, 0.00273336633109, -0.00077747926116, -0.00141960044857, 0.00118947436567, -0.00067073648097, -0.000544308917597, 0.000278166669887, 0.000865469744895, -0.00134260999039], [-0.000305672641844, 0.00108215166256, -0.000178625181434, -0.000312833610224, -0.00077747926116, 0.00597769347951, -0.00482098758221, 0.003002559999, -0.000810850411654, -0.000421217031544, 0.00102988677099, -0.000266350805759, 0.00134414737113], [0.000228733100812, -0.00118245254271, -0.00059969862923, 0.000692275702022, -0.00141960044857, -0.00482098758221, 0.0142808062956, -0.0107295028865, 0.00435571791604, 0.00167344382498, -0.00729690352455, 0.00600824505091, -0.00363856600598], [-0.00021628329705, 0.000719038071111, 0.000464966025902, -0.000976247771177, 0.00118947436567, 0.003002559999, -0.0107295028865, 0.0153459496796, -0.00801797769964, -0.000385365943657, 0.00784070044756, -0.0088935252279, 0.00512868538499], [0.000157742062584, -0.00110630469862, 0.000175036868313, -0.000201964867301, -0.00067073648097, -0.000810850411654, 0.00435571791604, -0.00801797769964, 0.0114732654765, -0.00340044475161, -0.00367993256077, 0.00512435706332, -0.00626674387604], [-0.000101531892142, 0.00233356864192, -0.000101908684883, 0.00181564735249, -0.000544308917597, -0.000421217031544, 0.00167344382498, -0.000385365943657, -0.00340044475161, 0.0135846491903, -0.00877740141004, 0.00517453206703, -0.00199872930534], [-0.000296142796287, -0.0018931736704, -0.00022452500707, -0.00154089927673, 0.000278166669887, 0.00102988677099, -0.00729690352455, 0.00784070044756, -0.00367993256077, -0.00877740141004, 0.0204377118498, -0.0154256355017, 0.00580514362082], [0.000235725703533, 0.00241287774406, -0.000217876513489, 0.000939460645895, 0.000865469744895, -0.000266350805759, 0.00600824505091, -0.0088935252279, 0.00512435706332, 0.00517453206703, -0.0154256355017, 0.027292503044, -0.0158802010119], [-0.000389194203308, -0.00140367087442, -0.000729241408408, -0.000968559761532, -0.00134260999039, 0.00134414737113, -0.00363856600598, 0.00512868538499, -0.00626674387604, -0.00199872930534, 0.00580514362082, -0.0158802010119, 0.0216058902442]]
    },
    "melbands": {
        "dmean": [0.0067198802717, 0.00369779043831, 0.00299688521773, 0.000943160383031, 0.000253107282333, 0.000206606433494, 0.000137902432471, 0.000108356580313, 3.52287424903e-05, 2.15286527236e-05, 1.58040784299e-05, 1.25881651911e-05, 6.86634302838e-06, 5.38126641914e-06, 5.51493940293e-06, 6.19850834482e-06, 3.64650372831e-06, 3.17373724101e-06, 2.4192802357e-06, 2.05641390494e-06, 1.47999230649e-06, 1.07270955141e-06, 9.0968552513e-07, 1.10712585411e-06, 1.07045832465e-06, 2.83193958239e-06, 1.89319484889e-06, 1.38742268518e-06, 1.93857931663e-06, 2.59861235463e-06, 3.81762401958e-06, 2.8564513741e-06, 2.92231925414e-06, 3.95510778617e-06, 2.27315194934e-06, 1.69067232036e-06, 1.54994336299e-06, 1.3426682699e-06, 1.40090332934e-06, 1.38411758144e-06],
        "dmean2": [0.00567151047289, 0.00487737869844, 0.00542385969311, 0.00166783528402, 0.000414826703491, 0.000336633704137, 0.000247433461482, 0.000196454624529, 6.24466265435e-05, 3.74253941118e-05, 2.79266259895e-05, 2.22438393394e-05, 1.1355413335e-05, 8.84788369149e-06, 9.23508378037e-06, 1.00644683698e-05, 5.95740584686e-06, 5.4103866205e-06, 3.84336590287e-06, 3.21226730193e-06, 2.32840443459e-06, 1.69583154275e-06, 1.44692558024e-06, 1.79988717264e-06, 1.73263845227e-06, 4.35092533735e-06, 2.95472023026e-06, 2.16164289668e-06, 3.15577040055e-06, 3.9580631892e-06, 5.88705597693e-06, 4.38352890342e-06, 4.64226832264e-06, 6.1043401729e-06, 3.12922679768e-06, 2.32921820498e-06, 2.19628373088e-06, 2.15528916669e-06, 1.94468771042e-06, 2.03603758564e-06],
        "dvar": [8.39163476485e-05, 6.16734396317e-05, 5.84524641454e-05, 3.73752595806e-06, 1.3721852099e-07, 1.42079016996e-07, 1.08757340911e-07, 1.00934364866e-07, 1.24906218701e-08, 4.19508161542e-09, 2.09885553382e-09, 1.33264665969e-09, 9.61543733524e-10, 5.73443903473e-10, 4.61190946544e-10, 3.72775643687e-10, 2.20796728123e-10, 2.36959118993e-10, 8.70659724872e-11, 4.79657182029e-11, 2.75701943914e-11, 1.64307161626e-11, 1.02514663425e-11, 1.06088844307e-11, 1.14034684473e-11, 6.65844671066e-11, 3.24771425031e-11, 2.05784486673e-11, 3.83981110796e-11, 6.22433424247e-11, 1.34691022224e-10, 6.89213686123e-11, 7.69500296816e-11, 1.45845308053e-10, 3.87634993548e-11, 2.07323741508e-11, 1.90325533111e-11, 1.58300005049e-11, 1.64109420497e-11, 1.65168642652e-11],
        "dvar2": [7.55416549509e-05, 0.000126227285364, 0.000161657488206, 1.03110869532e-05, 3.12466568175e-07, 3.37701436592e-07, 3.02421568676e-07, 2.91847612743e-07, 3.65097569954e-08, 1.21200161018e-08, 5.8475735365e-09, 3.64020924515e-09, 2.33844255071e-09, 1.42050848861e-09, 1.17531406829e-09, 9.37173560978e-10, 4.9484977227e-10, 6.13022577145e-10, 2.05467087788e-10, 1.06619414686e-10, 6.54519563548e-11, 3.99810080876e-11, 2.38816310477e-11, 2.58842756257e-11, 2.82187554573e-11, 1.48096354624e-10, 7.90652820992e-11, 5.1492934916e-11, 9.84024528528e-11, 1.51370069257e-10, 3.39478639644e-10, 1.59829927071e-10, 1.92859755943e-10, 3.3504787833e-10, 7.72175240416e-11, 4.32149351026e-11, 3.51771251017e-11, 4.00661830102e-11, 3.51526516229e-11, 3.90208247658e-11],
        "max": [0.0918246433139, 0.0538807809353, 0.0620708167553, 0.0204269457608, 0.0062671112828, 0.00628151930869, 0.00585595238954, 0.00687877368182, 0.00349921849556, 0.00198089308105, 0.00118812732399, 0.00121397839393, 0.0013680390548, 0.000785692245699, 0.000597042962909, 0.000465767458081, 0.00103992898948, 0.000717039569281, 0.000356721167918, 0.000201911403565, 0.000130591652123, 0.000123721401906, 6.85093400534e-05, 8.58630082803e-05, 7.5892181485e-05, 0.00012565003999, 8.68589268066e-05, 6.07089787081e-05, 8.41460205265e-05, 0.000180284012458, 0.000167922888068, 0.000121865210531, 0.000109755383164, 0.000129304346046, 8.32704390632e-05, 6.2127262936e-05, 4.94199812238e-05, 5.01947906741e-05, 4.54848959635e-05, 4.79851514683e-05],
        "mean": [0.0199475176632, 0.0051754177548, 0.00239405292086, 0.00116114702541, 0.000457592279417, 0.00039451054181, 0.000140871838084, 0.000100253782875, 3.95720053348e-05, 2.40049375861e-05, 1.50542218762e-05, 1.21901675811e-05, 7.5221496445e-06, 5.985619282e-06, 7.07269828126e-06, 8.96841265785e-06, 5.12869837621e-06, 3.78900313081e-06, 2.867089961e-06, 2.57629903899e-06, 1.66317352068e-06, 1.20417143989e-06, 1.0190545936e-06, 1.45814328789e-06, 1.26522922983e-06, 3.79844618692e-06, 2.47391767516e-06, 1.60156241691e-06, 2.23265578825e-06, 3.60278886546e-06, 5.18624074175e-06, 4.26381984653e-06, 3.43135297953e-06, 4.52223684988e-06, 3.32844069817e-06, 2.63594643002e-06, 2.3114139367e-06, 1.85651367701e-06, 1.83400277365e-06, 1.65892322457e-06],
