{
"highlevel": {
    "danceability": {
        "all": {
            "danceable": 0.999999880791,
            "not_danceable": 1.00000008274e-07
        },
        "probability": 0.999999880791,
        "value": "danceable"
    },
    "gender": {
        "all": {
            "female": 0.543142974377,
            "male": 0.456857055426
        },
        "probability": 0.543142974377,
        "value": "female"
    },
    "genre_electronic": {
        "all": {
            "ambient": 0.066748842597,
            "dnb": 0.008550404571,
            "house": 0.362191140652,
            "techno": 0.444802165031,
            "trance": 0.117707431316
        },
        "probability": 0.444802165031,
        "value": "techno"
    },
    "mood_acoustic": {
        "all": {
            "acoustic": 0.00168112502433,
            "not_acoustic": 0.998318850994
        },
        "probability": 0.998318850994,
        "value": "not_acoustic"
    },
    "mood_aggressive": {
        "all": {
            "aggressive": 0.625771760941,
            "not_aggressive": 0.374228239059
        },
        "probability": 0.625771760941,
        "value": "aggressive"
    },
    "mood_electronic": {
        "all": {
            "electronic": 0.990868389606,
            "not_electronic": 0.0091316178441
        },
        "probability": 0.990868389606,
        "value": "electronic"
    },
    "mood_happy": {
        "all": {
            "happy": 0.634823799133,
            "not_happy": 0.365176230669
        },
        "probability": 0.634823799133,
        "value": "happy"
    },
    "mood_party": {
        "all": {
            "not_party": 0.0933765769005,
            "party": 0.9066234231
        },
        "probability": 0.9066234231,
        "value": "party"
    },
    "mood_relaxed": {
        "all": {
            "not_relaxed": 0.382230550051,
            "relaxed": 0.617769479752
        },
        "probability": 0.617769479752,
        "value": "relaxed"
    },
    "mood_sad": {
        "all": {
            "not_sad": 0.980612277985,
            "sad": 0.0193877164274
        },
        "probability": 0.980612277985,
        "value": "not_sad"
    },
    "moods_mirex": {
        "all": {
            "Cluster1": 0.13614359498,
            "Cluster2": 0.128479525447,
            "Cluster3": 0.477791726589,
            "Cluster4": 0.104068212211,
            "Cluster5": 0.153516948223
        },
        "probability": 0.477791726589,
        "value": "Cluster3"
    },
    "timbre": {
        "all": {
            "bright": 7.4946678069e-05,
            "dark": 0.999925076962
        },
        "probability": 0.999925076962,
        "value": "dark"
    },
    "tonal_atonal": {
        "all": {
            "atonal": 1,
            "tonal": 3.00000096379e-14
        },
        "probability": 1,
        "value": "atonal"
    },
    "voice_instrumental": {
        "all": {
            "instrumental": 0.21082264185,
            "voice": 0.78917735815
        },
        "probability": 0.78917735815,
        "value": "voice"
    }
},
"lowlevel": {
    "average_loudness": 0.968782961369,
    "barkbands_crest": {
        "dmean": 2.58537173271,
        "dmean2": 3.78720831871,
        "dvar": 8.52651977539,
        "dvar2": 14.749666214,
        "max": 26.6398658752,
        "mean": 20.9724750519,
        "median": 23.940618515,
        "min": 2.23900270462,
        "stdev": 5.91851949692,
        "var": 35.0288734436
    },
    "barkbands_flatness_db": {
        "dmean": 0.0531342290342,
        "dmean2": 0.08151602,
        "dvar": 0.00255096657202,
        "dvar2": 0.00540623907,
        "max": 0.572936892509,
        "mean": 0.288636624813,
        "median": 0.28527328372,
        "min": 0.0315632522106,
        "stdev": 0.107517980039,
        "var": 0.0115601159632
    },
    "barkbands_kurtosis": {
        "dmean": 63.3209838867,
        "dmean2": 101.085617065,
        "dvar": 7439.14208984,
        "dvar2": 18678.484375,
        "max": 869.526855469,
        "mean": 98.5719223022,
        "median": 53.6086006165,
        "min": -1.80553913116,
        "stdev": 113.249031067,
        "var": 12825.34375
    },
    "barkbands_skewness": {
        "dmean": 2.53562736511,
        "dmean2": 3.88345003128,
        "dvar": 6.62114572525,
        "dvar2": 16.5662155151,
        "max": 24.6942653656,
        "mean": 7.18241167068,
        "median": 6.54670143127,
        "min": -2.34730482101,
        "stdev": 4.41498994827,
        "var": 19.4921360016
    },
    "barkbands_spread": {
        "dmean": 3.54267501831,
        "dmean2": 5.57885694504,
        "dvar": 24.0998840332,
        "dvar2": 56.8682899475,
        "max": 88.7190628052,
        "mean": 6.56688499451,
        "median": 3.20321702957,
        "min": 0.0698689445853,
        "stdev": 9.03191661835,
        "var": 81.5755157471
    },
    "dissonance": {
        "dmean": 0.0179389771074,
        "dmean2": 0.0296127609909,
        "dvar": 0.000364096660633,
        "dvar2": 0.000933272356633,
        "max": 0.500000119209,
        "mean": 0.468498378992,
        "median": 0.474709004164,
        "min": 0.237336084247,
        "stdev": 0.0250549614429,
        "var": 0.000627751054708
    },
    "dynamic_complexity": 2.41754174232,
    "erbbands_crest": {
        "dmean": 2.89303088188,
        "dmean2": 4.76293325424,
        "dvar": 7.64323234558,
        "dvar2": 21.4200954437,
        "max": 24.7340927124,
        "mean": 8.80375766754,
        "median": 7.8350777626,
        "min": 2.17334914207,
        "stdev": 4.08352231979,
        "var": 16.6751556396
    },
    "erbbands_flatness_db": {
        "dmean": 0.0236147902906,
        "dmean2": 0.0361999496818,
        "dvar": 0.00078069238225,
        "dvar2": 0.00182156206574,
        "max": 0.416018366814,
        "mean": 0.136138781905,
        "median": 0.117698550224,
        "min": 0.0524768456817,
        "stdev": 0.0604503974319,
        "var": 0.00365425040945
    },
    "erbbands_kurtosis": {
        "dmean": 1.37228560448,
        "dmean2": 2.19112706184,
        "dvar": 4.53588819504,
        "dvar2": 10.9953069687,
        "max": 62.8974990845,
        "mean": 1.10392081738,
        "median": 0.123931407928,
        "min": -1.80006945133,
        "stdev": 3.44868946075,
        "var": 11.8934593201
    },
    "erbbands_skewness": {
        "dmean": 0.511423945427,
        "dmean2": 0.802997350693,
        "dvar": 0.26695895195,
        "dvar2": 0.627569496632,
        "max": 5.69662618637,
        "mean": 0.822189152241,
        "median": 0.846537590027,
        "min": -2.02851772308,
        "stdev": 0.937835097313,
        "var": 0.879534721375
    },
    "erbbands_spread": {
        "dmean": 15.0107030869,
        "dmean2": 23.2159423828,
        "dvar": 255.540939331,
        "dvar2": 568.405090332,
        "max": 168.415802002,
        "mean": 64.6722412109,
        "median": 53.6240501404,
        "min": 2.05752396584,
        "stdev": 40.9675941467,
        "var": 1678.34375
    },
    "hfc": {
        "dmean": 14.6968402863,
        "dmean2": 23.5099811554,
        "dvar": 353.512512207,
        "dvar2": 740.130737305,
        "max": 293.834991455,
        "mean": 38.4899291992,
        "median": 31.7003879547,
        "min": 1.25735211817e-16,
        "stdev": 29.1757030487,
        "var": 851.221679688
    },
    "loudness_ebu128": {
        "integrated": -11.4947652817,
        "loudness_range": 7.83144664764,
        "momentary": {
            "dmean": 0.247750431299,
            "dmean2": 0.314870774746,
            "dvar": 0.0891261994839,
            "dvar2": 0.078578658402,
            "max": -9.43444728851,
            "mean": -13.252907753,
            "median": -11.2695617676,
            "min": -70.7313537598,
            "stdev": 6.51893234253,
            "var": 42.4964790344
        },
        "short_term": {
            "dmean": 0.0482903793454,
            "dmean2": 0.0306731574237,
            "dvar": 0.0222275741398,
            "dvar2": 0.00780012924224,
            "max": -10.1238460541,
            "mean": -12.9114236832,
            "median": -11.213341713,
            "min": -59.128616333,
            "stdev": 5.27702951431,
            "var": 27.8470420837
        }
    },
    "melbands_crest": {
        "dmean": 3.24793672562,
        "dmean2": 4.95602083206,
        "dvar": 8.69341945648,
        "dvar2": 23.0414085388,
        "max": 36.3598442078,
        "mean": 25.2687702179,
        "median": 25.8584575653,
        "min": 1.72498059273,
        "stdev": 6.87715816498,
        "var": 47.2953033447
    },
    "melbands_flatness_db": {
        "dmean": 0.0573389530182,
        "dmean2": 0.0879624262452,
        "dvar": 0.00303557538427,
        "dvar2": 0.00636462587863,
        "max": 0.72097837925,
        "mean": 0.392080277205,
        "median": 0.38547796011,
        "min": 0.00826530624181,
        "stdev": 0.125783011317,
        "var": 0.0158213656396
    },
    "melbands_kurtosis": {
        "dmean": 94.706993103,
        "dmean2": 154.684326172,
        "dvar": 15417.4658203,
        "dvar2": 43661.4023438,
        "max": 1133.81884766,
        "mean": 182.313186646,
        "median": 126.848815918,
        "min": -1.7258285284,
        "stdev": 183.333633423,
        "var": 33611.21875
    },
    "melbands_skewness": {
        "dmean": 2.39216971397,
        "dmean2": 3.66609120369,
        "dvar": 5.68132400513,
        "dvar2": 14.8744602203,
        "max": 25.9272003174,
        "mean": 8.97537899017,
        "median": 7.67238426208,
        "min": -0.476250082254,
        "stdev": 5.45738124847,
        "var": 29.7830104828
    },
    "melbands_spread": {
        "dmean": 2.34380102158,
        "dmean2": 3.49231004715,
        "dvar": 25.934633255,
        "dvar2": 50.2944526672,
        "max": 187.10446167,
        "mean": 4.75240945816,
        "median": 1.70579373837,
        "min": 0.207094326615,
        "stdev": 11.3173112869,
        "var": 128.081542969
    },
    "pitch_salience": {
        "dmean": 0.0830105766654,
        "dmean2": 0.122203335166,
        "dvar": 0.00713660102338,
        "dvar2": 0.0124531630427,
        "max": 0.978962957859,
        "mean": 0.264675587416,
        "median": 0.186014130712,
        "min": 0.0328157991171,
        "stdev": 0.186490282416,
        "var": 0.034778624773
    },
    "silence_rate_20dB": {
        "dmean": 0.105230309069,
        "dmean2": 0.210473746061,
        "dvar": 0.0941580533981,
        "dvar2": 0.178508996964,
        "max": 1,
        "mean": 0.489671111107,
        "median": 0,
        "min": 0,
        "stdev": 0.499894380569,
        "var": 0.249894395471
    },
    "silence_rate_30dB": {
        "dmean": 0.0414430163801,
        "dmean2": 0.0828912034631,
        "dvar": 0.0397210195661,
        "dvar2": 0.106847114861,
        "max": 1,
        "mean": 0.171753108501,
        "median": 0,
        "min": 0,
        "stdev": 0.377189397812,
        "var": 0.142271846533
    },
    "silence_rate_60dB": {
        "dmean": 0.00461864937097,
        "dmean2": 0.00917545706034,
        "dvar": 0.00459800846875,
        "dvar2": 0.010841707699,
        "max": 1,
        "mean": 0.0536728464067,
        "median": 0,
        "min": 0,
        "stdev": 0.225358277559,
        "var": 0.0507863536477
    },
    "spectral_centroid": {
        "dmean": 286.463317871,
        "dmean2": 458.298797607,
        "dvar": 162652.625,
        "dvar2": 368278.46875,
        "max": 10650.1923828,
        "mean": 759.11907959,
        "median": 529.585571289,
        "min": 88.455619812,
        "stdev": 660.51550293,
        "var": 436280.71875
    },
    "spectral_complexity": {
        "dmean": 4.67307472229,
        "dmean2": 6.84376764297,
        "dvar": 33.2983551025,
        "dvar2": 66.5517425537,
        "max": 56,
        "mean": 14.2044563293,
        "median": 12,
        "min": 0,
        "stdev": 8.77716064453,
        "var": 77.0385513306
    },
    "spectral_decrease": {
        "dmean": 3.85138498871e-08,
        "dmean2": 6.54994281035e-08,
        "dvar": 2.19845410932e-15,
        "dvar2": 6.72525228934e-15,
        "max": 1.41736491104e-28,
        "mean": -8.34124662674e-08,
        "median": -7.81972602226e-08,
        "min": -3.08668404614e-07,
        "stdev": 6.04845169505e-08,
        "var": 3.65837680381e-15
    },
    "spectral_energy": {
        "dmean": 0.146163240075,
        "dmean2": 0.248532503843,
        "dvar": 0.0316719375551,
        "dvar2": 0.0967988744378,
        "max": 1.17554843426,
        "mean": 0.318308442831,
        "median": 0.298503667116,
        "min": 1.08696112679e-20,
        "stdev": 0.229857027531,
        "var": 0.0528342537582
    },
    "spectral_energyband_high": {
        "dmean": 0.00101634091698,
        "dmean2": 0.0014459269587,
        "dvar": 4.37116841567e-06,
        "dvar2": 9.16809221962e-06,
        "max": 0.0303671956062,
        "mean": 0.00169938465115,
        "median": 0.000437144277385,
        "min": 7.83497721392e-21,
        "stdev": 0.0028990234714,
        "var": 8.40433676785e-06
    },
    "spectral_energyband_low": {
        "dmean": 0.147430226207,
        "dmean2": 0.249027967453,
        "dvar": 0.03157242015,
        "dvar2": 0.0966006889939,
        "max": 1.14786529541,
        "mean": 0.300517082214,
        "median": 0.279362350702,
        "min": 8.20706841312e-23,
        "stdev": 0.231918364763,
        "var": 0.0537861287594
    },
    "spectral_energyband_middle_high": {
        "dmean": 0.00129479449242,
        "dmean2": 0.00193978799507,
        "dvar": 5.88901411902e-06,
        "dvar2": 1.44157638715e-05,
        "max": 0.0179550498724,
        "mean": 0.00189110287465,
        "median": 0.00102379347663,
        "min": 1.44985243068e-21,
        "stdev": 0.00253696111031,
        "var": 6.43617204332e-06
    },
    "spectral_energyband_middle_low": {
        "dmean": 0.00616198778152,
        "dmean2": 0.00940223969519,
        "dvar": 6.81299352436e-05,
        "dvar2": 0.000167816571775,
        "max": 0.102869533002,
        "mean": 0.0151982326061,
        "median": 0.0118796061724,
        "min": 2.49686416701e-22,
        "stdev": 0.0118287662044,
        "var": 0.000139919706271
    },
    "spectral_entropy": {
        "dmean": 0.335270553827,
        "dmean2": 0.503300845623,
        "dvar": 0.131197199225,
        "dvar2": 0.298087149858,
        "max": 9.79678821564,
        "mean": 7.33329248428,
        "median": 7.50840616226,
        "min": 4.74290895462,
        "stdev": 0.78056281805,
        "var": 0.609278321266
    },
    "spectral_flux": {
        "dmean": 0.0963330343366,
        "dmean2": 0.147708252072,
        "dvar": 0.0100948596373,
        "dvar2": 0.0260192267597,
        "max": 0.780375421047,
        "mean": 0.212567031384,
        "median": 0.186308041215,
        "min": 1.04257429079e-10,
        "stdev": 0.138828545809,
        "var": 0.0192733649164
    },
    "spectral_kurtosis": {
        "dmean": 4.54084157944,
        "dmean2": 7.04248857498,
        "dvar": 129.389785767,
        "dvar2": 288.692504883,
        "max": 170.958755493,
        "mean": 8.17645931244,
        "median": 3.20274829865,
        "min": -1.16017568111,
        "stdev": 15.4852428436,
        "var": 239.792739868
    },
    "spectral_rms": {
        "dmean": 0.0037637995556,
        "dmean2": 0.00628650188446,
        "dvar": 1.66331374203e-05,
        "dvar2": 4.87573197461e-05,
        "max": 0.0338655635715,
        "mean": 0.0160890351981,
        "median": 0.0170652586967,
        "min": 3.25645500149e-12,
        "stdev": 0.00718947453424,
        "var": 5.16885411344e-05
    },
    "spectral_rolloff": {
        "dmean": 108.266387939,
        "dmean2": 159.48097229,
        "dvar": 176290.640625,
        "dvar2": 328894.34375,
        "max": 19143.0175781,
        "mean": 288.557312012,
        "median": 86.1328125,
        "min": 64.599609375,
        "stdev": 883.127624512,
        "var": 779914.4375
    },
    "spectral_skewness": {
        "dmean": 0.452117830515,
        "dmean2": 0.672452092171,
        "dvar": 0.565066516399,
        "dvar2": 1.2578984499,
        "max": 10.7385253906,
        "mean": 1.92583823204,
        "median": 1.5310395956,
        "min": 0.00223191920668,
        "stdev": 1.31102371216,
        "var": 1.71878302097
    },
    "spectral_spread": {
        "dmean": 748011.625,
        "dmean2": 1124998.125,
        "dvar": 721898962944,
        "dvar2": 1.38158381466e+12,
        "max": 39268948,
        "mean": 5502090,
        "median": 5390202.5,
        "min": 427469.46875,
        "stdev": 2385073.25,
        "var": 5.68857460736e+12
    },
    "spectral_strongpeak": {
        "dmean": 0.40869474411,
        "dmean2": 0.65917134285,
        "dvar": 0.136488392949,
        "dvar2": 0.363332539797,
        "max": 3.48895692825,
        "mean": 1.22871553898,
        "median": 1.36451113224,
        "min": 0,
        "stdev": 0.612319767475,
        "var": 0.374935477972
    },
    "zerocrossingrate": {
        "dmean": 0.00693108234555,
        "dmean2": 0.00891563575715,
        "dvar": 9.85500591923e-05,
        "dvar2": 0.00013565273548,
        "max": 0.51220703125,
        "mean": 0.0215265508741,
        "median": 0.013671875,
        "min": 0.001953125,
        "stdev": 0.0275610741228,
        "var": 0.000759612827096
    },
    "barkbands": {
        "dmean": [0.00543781742454, 0.148117244244, 0.00797792058438, 0.00274574290961, 0.00380171160214, 0.00156140734907, 0.000948654895183, 0.000372957147192, 0.000320159975672, 0.0002251034457, 0.00018031145737, 0.000216387197725, 0.00020845423569, 0.000263546913629, 0.000111507702968, 8.22896545287e-05, 6.92271933076e-05, 8.9519598987e-05, 9.97109236778e-05, 0.000127150138724, 0.000157169124577, 0.000250905490248, 0.000231749669183, 0.000216011845623, 0.000143863071571, 4.30892687291e-05, 2.89128297482e-06],
        "dmean2": [0.0096236243844, 0.246720448136, 0.0118876835331, 0.00471410434693, 0.00608378928155, 0.00263089849614, 0.00135953328572, 0.000563289271668, 0.00046062815818, 0.000341076141922, 0.000297521648463, 0.000336642959155, 0.000332494935719, 0.000467908626888, 0.000198000969249, 0.000134200250614, 0.000113669084385, 0.000146486738231, 0.000155537767569, 0.000200793961994, 0.000232978025451, 0.000398647331167, 0.000355923955794, 0.000324875552906, 0.000205837161047, 6.31322545814e-05, 4.57042278867e-06],
        "dvar": [4.61969502794e-05, 0.0310180354863, 0.000265675625997, 2.4070024665e-05, 2.91856395052e-05, 3.75746685677e-06, 2.82098881144e-06, 3.30612635935e-07, 2.36048734337e-07, 2.1324215993e-07, 1.35372786758e-07, 1.65501248262e-07, 1.82268550475e-07, 3.85703316397e-07, 3.98665811474e-08, 1.49447867415e-08, 9.81256498278e-09, 1.80654318171e-08, 2.62980321963e-08, 5.59943842404e-08, 1.12482190673e-07, 3.76829603965e-07, 2.37508942291e-07, 2.17331063368e-07, 8.68393428277e-08, 6.99922253489e-09, 4.81087183979e-11],
        "dvar2": [0.000152777924086, 0.0947802737355, 0.000501026224811, 6.60974037601e-05, 8.02013310022e-05, 1.11010831461e-05, 6.01685906076e-06, 7.41882786315e-07, 5.04019681102e-07, 5.05484081259e-07, 3.1627126873e-07, 3.15912956239e-07, 4.54873259059e-07, 1.06663799215e-06, 1.10218053351e-07, 3.72167470175e-08, 2.51337208823e-08, 4.53596733507e-08, 5.7471392978e-08, 1.29195967702e-07, 2.13649528291e-07, 9.31214970024e-07, 5.34970922672e-07, 4.78563322304e-07, 1.68152567426e-07, 1.42503671086e-08, 1.14380512006e-10],
        "max": [0.0442703664303, 1.10754287243, 0.118378736079, 0.0488022901118, 0.0652573257685, 0.0206690728664, 0.0156979970634, 0.00798780005425, 0.00900352466851, 0.00561510352418, 0.00291610090062, 0.00339523423463, 0.00369269168004, 0.00450239470229, 0.00166227645241, 0.00191675883252, 0.00126838346478, 0.00157394155394, 0.00186081626453, 0.00278295273893, 0.00381491612643, 0.00605791434646, 0.00616149697453, 0.00913583301008, 0.00855587329715, 0.00177686661482, 0.000165262783412],
        "mean": [0.00883519183844, 0.282117158175, 0.00859801471233, 0.00294089922681, 0.00724742654711, 0.00243164645508, 0.00147123739589, 0.000597824866418, 0.000449876562925, 0.00028963648947, 0.000196834516828, 0.000250710232649, 0.000231749785598, 0.000240592184127, 0.000126582133817, 0.000111287867185, 9.80863624136e-05, 0.000116120674647, 0.000153943939949, 0.000195401880774, 0.000237085172557, 0.000338763435138, 0.000368598790374, 0.000348468194716, 0.000243953880272, 6.7444598244e-05, 3.70901398128e-06],
        "median": [0.00507685774937, 0.257479757071, 0.00228849472478, 0.00173024530523, 0.00536169437692, 0.00174297729973, 0.000404954946134, 0.00028112102882, 0.000166266356246, 7.16234135325e-05, 5.15951105626e-05, 7.67611491028e-05, 7.12198525434e-05, 8.88333815965e-05, 6.45144609734e-05, 6.11789291725e-05, 5.19954774063e-05, 5.6976252381e-05, 6.0334608861e-05, 7.73053834564e-05, 7.8828074038e-05, 7.54349239287e-05, 5.66568305658e-05, 5.48861426068e-05, 4.03456724598e-05, 1.44150944834e-05, 3.27103435893e-07],
        "min": [2.01496090448e-23, 5.36036791114e-23, 4.54572379721e-24, 1.43993021395e-23, 6.95826878354e-23, 7.09548640483e-23, 7.84994066836e-24, 2.45179341961e-23, 4.03330791551e-23, 7.9952737751e-23, 8.29636494323e-23, 5.72405109002e-23, 6.24236489027e-23, 1.57517574609e-22, 1.19310062231e-22, 8.69314430807e-23, 1.22340853207e-22, 1.47328685023e-22, 3.66820926773e-22, 2.53854480045e-22, 4.81606827536e-22, 5.29617230394e-22, 6.08963359352e-22, 8.26529379477e-22, 1.27988872621e-21, 1.80596953734e-21, 2.42269387436e-21],
        "stdev": [0.00925923604518, 0.229735344648, 0.0183521639556, 0.00431992439553, 0.0066471840255, 0.00226151593961, 0.00242459611036, 0.000784238392953, 0.000638591707684, 0.000519539986271, 0.000383445119951, 0.000454724038718, 0.000429555191658, 0.000511077174451, 0.00018355663633, 0.000138370043715, 0.00011849735165, 0.000149988482008, 0.000219683774048, 0.000294398720143, 0.000424725236371, 0.000657028518617, 0.000666209845804, 0.000651969807222, 0.000452963460702, 0.000121350953123, 8.90079172677e-06],
        "var": [8.5733459855e-05, 0.0527783259749, 0.000336801924277, 1.86617471627e-05, 4.41850534116e-05, 5.11445477969e-06, 5.8786658883e-06, 6.15029819073e-07, 4.07799376489e-07, 2.69921827112e-07, 1.47030164044e-07, 2.06773961509e-07, 1.84517659818e-07, 2.61199886609e-07, 3.36930376932e-08, 1.91462685706e-08, 1.40416220873e-08, 2.24965450712e-08, 4.82609578967e-08, 8.66706031388e-08, 1.80391538152e-07, 4.31686459024e-07, 4.43835574515e-07, 4.25064655474e-07, 2.05175908263e-07, 1.47260532657e-08, 7.92240995029e-11]
    },
    "erbbands": {
        "dmean": [5.31968641281, 30.7045955658, 15.9770917892, 6.26910114288, 14.0676994324, 11.4024171829, 11.2740087509, 14.7251338959, 16.9897499084, 8.92834377289, 7.63988542557, 6.4532995224, 6.1789264679, 8.17817020416, 6.61523246765, 8.29208374023, 9.74951076508, 12.470916748, 9.01083946228, 4.82431554794, 3.97077488899, 4.32328701019, 4.54967689514, 5.13836765289, 4.9484128952, 5.84210062027, 5.39863204956, 7.46235513687, 9.62435436249, 7.76440858841, 6.44603824615, 4.89762020111, 3.3104159832, 1.9303432703, 0.881880998611, 0.269277483225, 0.067560069263, 0.0104363840073, 0.000356434728019, 0.000163188000442],
        "dmean2": [8.73700714111, 51.309589386, 23.3697071075, 9.48835277557, 22.8502159119, 18.4906101227, 18.7781105042, 25.6638183594, 27.586435318, 13.5115671158, 11.7945337296, 9.61338996887, 9.8723487854, 12.6235237122, 10.7710189819, 13.0094594955, 15.1294822693, 21.8337001801, 16.2116832733, 7.92779588699, 6.55115222931, 7.09117221832, 7.35806941986, 8.21810340881, 7.66782236099, 9.1764497757, 8.0279083252, 11.3908405304, 15.4590196609, 12.0991458893, 9.73879432678, 7.43038272858, 4.93632173538, 2.82763648033, 1.27086782455, 0.393258154392, 0.0998931899667, 0.0155866779387, 0.000547738920432, 0.000274556456134],
        "dvar": [43.6200332642, 1254.12915039, 440.078735352, 115.188529968, 458.126556396, 232.877700806, 189.888534546, 387.925720215, 1026.85681152, 199.055023193, 124.419136047, 106.415458679, 147.518493652, 306.850738525, 167.860015869, 250.324462891, 388.886352539, 973.985595703, 388.335144043, 54.6421966553, 36.7329330444, 39.5735435486, 45.8796615601, 71.5774078369, 67.3214263916, 121.457267761, 131.535919189, 280.951904297, 545.585449219, 268.556884766, 196.289108276, 112.375717163, 50.3926925659, 15.6000795364, 3.45840740204, 0.301506489515, 0.0167465303093, 0.000443923461717, 5.99208703989e-07, 3.76472080177e-08],
        "dvar2": [132.127944946, 3712.15014648, 895.966552734, 268.096801758, 1249.81726074, 643.76348877, 534.920471191, 1208.5, 2695.8125, 458.703460693, 264.546508789, 220.042312622, 268.55682373, 727.761230469, 392.765869141, 459.163909912, 936.90612793, 2663.80151367, 1092.76208496, 138.981170654, 91.4799346924, 101.589981079, 113.683853149, 165.180862427, 142.407867432, 275.53012085, 246.173431396, 605.088256836, 1358.15991211, 636.043884277, 442.350280762, 257.375091553, 103.512428284, 31.260471344, 6.93899202347, 0.612319171429, 0.0344740636647, 0.000941188365687, 1.3502691445e-06, 1.13187425654e-07],
        "max": [44.3548278809, 213.655914307, 184.80960083, 97.1452331543, 244.723022461, 173.186447144, 216.615997314, 200.346405029, 278.638885498, 148.518676758, 177.285995483, 239.38444519, 158.450469971, 180.222122192, 98.4020462036, 131.810012817, 195.922698975, 232.885681152, 142.09487915, 117.362136841, 129.148742676, 84.289932251, 98.8590927124, 106.653709412, 99.6153411865, 114.502044678, 125.586006165, 197.182723999, 239.031707764, 217.713226318, 205.588546753, 199.904937744, 158.333770752, 109.191772461, 44.0131912231, 12.4290332794, 2.32042479515, 0.336400330067, 0.0327030420303, 0.00200072489679],
        "mean": [10.4232788086, 53.5098953247, 24.5755443573, 8.72613239288, 21.6177330017, 20.271490097, 19.526599884, 20.4490013123, 21.3510150909, 16.6352005005, 13.5093460083, 9.57083892822, 8.77064037323, 9.55568504333, 7.82416772842, 10.115105629, 11.2290353775, 11.365278244, 8.98328590393, 6.54806470871, 5.80847883224, 6.18782901764, 6.31714487076, 7.49202632904, 8.00602340698, 8.98394584656, 8.40296077728, 10.7333755493, 13.0714578629, 11.5710821152, 9.93263435364, 7.73212623596, 5.3323841095, 3.22916221619, 1.43661737442, 0.439970135689, 0.0992425382137, 0.015191516839, 0.000606803863775, 0.000367465458112],
        "median": [6.4354019165, 49.1256828308, 16.3592853546, 4.98157215118, 14.6283054352, 15.098654747, 15.2996673584, 13.8346271515, 4.64726352692, 7.79103136063, 6.59089565277, 3.71644568443, 2.45412755013, 2.61227726936, 2.57464408875, 3.34757375717, 3.52157688141, 4.01427316666, 4.15052556992, 3.58203649521, 3.44587254524, 3.30449271202, 3.26223516464, 3.18479609489, 3.37192344666, 3.60679888725, 2.9960873127, 3.21584868431, 2.85538029671, 2.05855083466, 1.49210226536, 1.15279579163, 0.879049003124, 0.491907030344, 0.259673088789, 0.0952828302979, 0.0189277473837, 0.00206326716579, 0.000245659990469, 0.000342720886692],
        "min": [2.60242430793e-21, 8.21217399662e-21, 8.16905801499e-21, 2.40311122154e-20, 1.18991146037e-19, 2.42142105827e-19, 7.19463809018e-19, 3.31953059889e-19, 9.6864297296e-20, 3.38825379816e-19, 4.72717641751e-19, 8.43676868714e-19, 2.25887226139e-18, 1.97858810788e-18, 4.23450878205e-18, 2.40657859465e-18, 2.42482702614e-18, 9.0497157249e-18, 4.34604002558e-18, 7.06389495653e-18, 4.30075064627e-18, 6.86444640801e-18, 9.24170930815e-18, 2.0119623227e-17, 1.47360935725e-17, 1.04421990127e-17, 1.55491277422e-17, 2.06406295532e-17, 1.89788352831e-17, 1.62865791106e-17, 1.82692450121e-17, 1.29647508108e-17, 1.64519209345e-17, 1.23719460345e-17, 9.99089588793e-18, 7.25196522215e-18, 3.30278701573e-18, 1.2869793992e-18, 3.39400632233e-19, 3.58548415848e-20],
        "stdev": [9.96232223511, 42.4038543701, 27.5531806946, 11.9079933167, 22.9964923859, 18.3790397644, 16.5667228699, 21.1355800629, 38.5378990173, 21.1659355164, 16.1225643158, 13.58244133, 14.815779686, 18.4258861542, 13.7217330933, 17.9447116852, 20.4888782501, 25.9000549316, 16.2874794006, 8.22966194153, 7.19725322723, 7.49223041534, 7.8963470459, 10.5040712357, 11.2088775635, 13.6816892624, 14.8339519501, 19.7327480316, 25.0141162872, 20.9515018463, 18.3504905701, 14.2379617691, 10.2988481522, 6.01901483536, 2.70453643799, 0.803802371025, 0.181169897318, 0.0301224384457, 0.00102223292924, 0.000257569277892],
        "var": [99.2478713989, 1798.08691406, 759.17779541, 141.800308228, 528.838684082, 337.789093018, 274.456329346, 446.712738037, 1485.16955566, 447.996856689, 259.937072754, 184.482711792, 219.507324219, 339.513305664, 188.285949707, 322.012664795, 419.794128418, 670.812866211, 265.282012939, 67.7273330688, 51.8004570007, 56.133518219, 62.3522949219, 110.335502625, 125.638946533, 187.188613892, 220.046142578, 389.381347656, 625.705993652, 438.965393066, 336.740478516, 202.719558716, 106.066268921, 36.2285423279, 7.31451797485, 0.646098256111, 0.0328225307167, 0.000907361274585, 1.04496007225e-06, 6.63419328362e-08]
    },
    "gfcc": {
        "mean": [7.13045597076, 108.121322632, -58.5513648987, 54.0379447937, -39.692741394, 23.2545814514, -27.6156158447, 9.84823513031, -11.4199542999, 9.45283031464, -4.34985733032, 3.38372325897, -2.59617900848],
        "cov": [[10691.3017578, -3109.03027344, -4.74433326721, 1341.3762207, -976.8359375, 1192.83581543, -6.59324884415, 663.11340332, -248.458724976, 533.796875, -135.811660767, 107.998344421, -333.090301514], [-3109.03027344, 2829.78808594, 339.097869873, -737.43951416, 790.265686035, -467.923950195, 324.988830566, -302.360351562, 348.325653076, -258.48651123, 223.776748657, -171.694152832, 195.568359375], [-4.74433326721, 339.097869873, 830.009338379, 295.220458984, 283.675109863, 141.81477356, 163.665557861, 57.4392127991, 151.0209198, 41.6198730469, 133.739471436, 6.75703573227, 75.7484817505], [1341.3762207, -737.43951416, 295.220458984, 628.587341309, -86.274559021, 238.92048645, 35.644695282, 117.995689392, 13.5743017197, 98.9820098877, 29.1674594879, 53.1372261047, 11.7763643265], [-976.8359375, 790.265686035, 283.675109863, -86.274559021, 475.89050293, -82.9303588867, 141.2240448, -54.6755561829, 141.670410156, -53.1206283569, 103.183410645, -21.5969543457, 98.9649887085], [1192.83581543, -467.923950195, 141.81477356, 238.92048645, -82.9303588867, 272.075012207, 9.96364688873, 107.92805481, -21.0859565735, 83.5262069702, 3.10155487061, 28.4077396393, -33.3906822205], [-6.59324884415, 324.988830566, 163.665557861, 35.644695282, 141.2240448, 9.96364688873, 157.210006714, -1.54689049721, 108.475784302, 0.861451268196, 72.4169235229, -22.225982666, 43.5149612427], [663.11340332, -302.360351562, 57.4392127991, 117.995689392, -54.6755561829, 107.92805481, -1.54689049721, 105.449203491, 3.82497811317, 55.0960998535, -2.72227430344, 17.7402687073, -21.7821083069], [-248.458724976, 348.325653076, 151.0209198, 13.5743017197, 141.670410156, -21.0859565735, 108.475784302, 3.82497811317, 156.932983398, 3.62422680855, 83.2791976929, -22.6828479767, 57.1567153931], [533.796875, -258.48651123, 41.6198730469, 98.9820098877, -53.1206283569, 83.5262069702, 0.861451268196, 55.0960998535, 3.62422680855, 73.357093811, 9.10856246948, 17.1286792755, -16.8185100555], [-135.811660767, 223.776748657, 133.739471436, 29.1674594879, 103.183410645, 3.10155487061, 72.4169235229, -2.72227430344, 83.2791976929, 9.10856246948, 85.9028167725, -1.64731621742, 40.9780731201], [107.998344421, -171.694152832, 6.75703573227, 53.1372261047, -21.5969543457, 28.4077396393, -22.225982666, 17.7402687073, -22.6828479767, 17.1286792755, -1.64731621742, 43.4645576477, 1.03117263317], [-333.090301514, 195.568359375, 75.7484817505, 11.7763643265, 98.9649887085, -33.3906822205, 43.5149612427, -21.7821083069, 57.1567153931, -16.8185100555, 40.9780731201, 1.03117263317, 68.2845458984]],
        "icov": [[0.000346045882907, -0.000353521085344, 0.000402899109758, -0.000625514250714, 0.000351187423803, -0.000784404575825, -0.000523427384906, -0.00105219928082, 0.00068959465716, -0.00123142346274, 0.000355480675353, 0.000144578283653, 0.000370778259821], [-0.000353521085344, 0.00377669651061, -0.00165969284717, 0.00348196551204, -0.00192232918926, 0.00137310463469, -0.0012010850478, 0.0038841359783, -0.00264863390476, 0.00589651614428, -0.00353084085509, 0.00390900345519, -0.000109342843643], [0.000402899109758, -0.00165969284717, 0.0034022773616, -0.00273371511139, -0.000372404872905, -0.00192059634719, -0.000191269922652, -0.00260878494009, 0.00134517240804, -0.00286622275598, -8.82270323928e-05, -0.000891506380867, 0.000540792825632], [-0.000625514250714, 0.00348196551204, -0.00273371511139, 0.00676141260192, -0.000801616115496, 0.000369696004782, -0.00118867575657, 0.00360635109246, -0.00265742326155, 0.00501430267468, -0.00256595364772, 0.00135721976403, -0.00292802229524], [0.000351187423803, -0.00192232918926, -0.000372404872905, -0.000801616115496, 0.00593089871109, -0.000792452075984, -0.00147994793952, -0.00216156360693, 0.000990235479549, -0.00131476821844, 0.000860470288899, -0.00270901969634, -0.00258770491928], [-0.000784404575825, 0.00137310463469, -0.00192059634719, 0.000369696004782, -0.000792452075984, 0.0110687864944, -0.0010773598915, -0.00230461033061, 0.0016842414625, 8.8124852482e-06, -0.00266115088016, 0.000732217449695, 0.000998657429591], [-0.000523427384906, -0.0012010850478, -0.000191269922652, -0.00118867575657, -0.00147994793952, -0.0010773598915, 0.0169343091547, 0.00139685731847, -0.00626684678718, 0.000235678686295, -0.0031962429639, 0.0026183812879, -0.000241866437136], [-0.00105219928082, 0.0038841359783, -0.00260878494009, 0.00360635109246, -0.00216156360693, -0.00230461033061, 0.00139685731847, 0.027399033308, -0.0107467323542, -9.49247041717e-05, 0.00210203044116, -0.00165917933919, 0.00360647682101], [0.00068959465716, -0.00264863390476, 0.00134517240804, -0.00265742326155, 0.000990235479549, 0.0016842414625, -0.00626684678718, -0.0107467323542, 0.0253053102642, -0.00832335278392, -0.00922045391053, 0.00776175968349, -0.0079458868131], [-0.00123142346274, 0.00589651614428, -0.00286622275598, 0.00501430267468, -0.00131476821844, 8.8124852482e-06, 0.000235678686295, -9.49247041717e-05, -0.00832335278392, 0.0406291373074, -0.0119571527466, -0.00076630723197, 0.00531057128683], [0.000355480675353, -0.00353084085509, -8.82270323928e-05, -0.00256595364772, 0.000860470288899, -0.00266115088016, -0.0031962429639, 0.00210203044116, -0.00922045391053, -0.0119571527466, 0.0362852811813, -0.010628300719, -0.00429594004527], [0.000144578283653, 0.00390900345519, -0.000891506380867, 0.00135721976403, -0.00270901969634, 0.000732217449695, 0.0026183812879, -0.00165917933919, 0.00776175968349, -0.00076630723197, -0.010628300719, 0.040913451463, -0.00857427995652], [0.000370778259821, -0.000109342843643, 0.000540792825632, -0.00292802229524, -0.00258770491928, 0.000998657429591, -0.000241866437136, 0.00360647682101, -0.0079458868131, 0.00531057128683, -0.00429594004527, -0.00857427995652, 0.0328812450171]]
    },
    "melbands": {
        "dmean": [0.0453092679381, 0.017207890749, 0.0011533688521, 0.000915292766877, 0.000382916885428, 0.000328698166413, 0.000231414756854, 9.71977933659e-05, 6.15970493527e-05, 4.0134498704e-05, 3.15773249895e-05, 3.40971237165e-05, 2.39068067458e-05, 2.10489197343e-05, 2.63668789557e-05, 1.87881050806e-05, 2.44326020038e-05, 1.66001755133e-05, 7.66475568525e-06, 5.91903472014e-06, 4.55828831036e-06, 4.60931778434e-06, 4.01889110435e-06, 4.35903803009e-06, 4.39365157945e-06, 3.7598254039e-06, 4.66593201054e-06, 3.77629362447e-06, 3.36307584803e-06, 3.98949350711e-06, 4.59955390397e-06, 6.18531430518e-06, 4.14801115767e-06, 4.68745065518e-06, 3.99149894292e-06, 3.24138613905e-06, 3.0685080219e-06, 2.58632303485e-06, 1.84310852092e-06, 1.61764785389e-06],
        "dmean2": [0.0742201730609, 0.0276045687497, 0.00167081644759, 0.00145212200005, 0.000636547920294, 0.000567769166082, 0.000362640566891, 0.00014932002523, 9.59971293923e-05, 5.96195641265e-05, 5.01037575305e-05, 5.27511328983e-05, 3.98337215302e-05, 3.28872665705e-05, 4.12828376284e-05, 3.17900812661e-05, 4.29712090408e-05, 2.99794373859e-05, 1.33072562676e-05, 9.54952156462e-06, 7.66389803175e-06, 7.63141451898e-06, 6.54002587908e-06, 7.21337346477e-06, 7.11675556886e-06, 5.87476461078e-06, 7.63381103752e-06, 5.9823405536e-06, 5.13269878866e-06, 5.94657785769e-06, 7.21969536244e-06, 1.02611375041e-05, 6.43057001071e-06, 7.44932640373e-06, 6.12196163274e-06, 4.95207586937e-06, 4.7636654017e-06, 3.95036340706e-06, 2.80752601611e-06, 2.38844131673e-06],
        "dvar": [0.00299119739793, 0.000315915094689, 2.69483825832e-06, 1.82434791896e-06, 2.02936547566e-07, 1.99200073325e-07, 1.88770172826e-07, 2.38724897628e-08, 7.76715047834e-09, 4.13958956003e-09, 3.83985332419e-09, 5.22927701141e-09, 2.25053931047e-09, 1.57720270177e-09, 2.61467092422e-09, 1.66555447212e-09, 3.73480801841e-09, 1.32349997628e-09, 1.4972763307e-10, 8.91354767774e-11, 5.52952475474e-11, 4.8210508502e-11, 3.17562712238e-11, 4.38993910667e-11, 5.53378697032e-11, 3.99569717591e-11, 6.8190127156e-11, 5.35496647025e-11, 5.26006599388e-11, 6.82606124403e-11, 1.11288880889e-10, 2.33429803265e-10, 9.35050994966e-11, 9.28359472629e-11, 7.61263968529e-11, 5.09581023211e-11, 4.39983049993e-11, 3.276341351e-11, 1.39393479398e-11, 1.11782527679e-11],
        "dvar2": [0.00937001407146, 0.00089481624309, 6.19325783191e-06, 4.90613410875e-06, 5.81560868795e-07, 6.15434373685e-07, 4.53127427136e-07, 5.95338534026e-08, 1.66620974795e-08, 8.5862241761e-09, 7.22577331302e-09, 1.25983623533e-08, 5.4336832811e-09, 3.2142331019e-09, 4.73348782393e-09, 4.4028221069e-09, 1.0228982994e-08, 3.73365205419e-09, 3.98887839426e-10, 2.19930962331e-10, 1.39897995965e-10, 1.25062793455e-10, 7.88814083497e-11, 1.1049084564e-10, 1.29876345789e-10, 8.93954216208e-11, 1.66857236361e-10, 1.21272630826e-10, 1.06899523955e-10, 1.3046502767e-10, 2.56819704392e-10, 6.0001092983e-10, 2.16314050006e-10, 2.25049562319e-10, 1.74691011656e-10, 1.15739126616e-10, 1.04104766474e-10, 7.01830191185e-11, 2.92242445521e-11, 2.28202040597e-11],
        "max": [0.353163540363, 0.130494460464, 0.019183691591, 0.0158558543772, 0.00719195930287, 0.00451607769355, 0.00389285269193, 0.00185312714893, 0.00117993820459, 0.00135757657699, 0.000771831022575, 0.000799021392595, 0.000355555879651, 0.000351262569893, 0.000486473581987, 0.000354148331098, 0.000449955899967, 0.000277612241916, 0.000179213195224, 0.000127114806673, 0.00016558165953, 0.000104594590084, 7.38859598641e-05, 7.56431618356e-05, 0.000102605234133, 8.78977298271e-05, 0.000132355213282, 8.12944199424e-05, 8.71496376931e-05, 9.77899981081e-05, 0.000132720917463, 0.000158751368872, 0.000142900767969, 0.000137851995532, 0.000143236014992, 0.000116721843369, 0.000117844501801, 0.000115405986435, 9.94715446723e-05, 8.83561078808e-05],
        "mean": [0.086236089468, 0.0307986699045, 0.00185730471276, 0.00168643193319, 0.000687466468662, 0.000459546805359, 0.000319990242133, 0.000171757434146, 0.000106160427094, 5.65365517105e-05, 4.39767936768e-05, 3.97749281547e-05, 2.65132093773e-05, 2.46699983109e-05, 3.24221364281e-05, 1.94450894924e-05, 2.157579911e-05, 1.55911293405e-05, 9.51424590312e-06, 7.66539506003e-06, 6.37138964521e-06, 6.25892425887e-06, 5.64944230064e-06, 5.52330220671e-06, 6.18078684056e-06, 5.84801682635e-06, 6.70323606755e-06, 5.61035449209e-06, 4.97427708979e-06, 5.8174523474e-06, 6.14679584032e-06, 7.91105412645e-06, 5.93045433561e-06, 6.81847086526e-06, 6.0036609284e-06, 4.81883444081e-06, 4.73625777886e-06, 4.01398756367e-06, 3.01164050143e-06, 2.59672833636e-06],
