{
"highlevel": {
    "danceability": {
        "all": {
            "danceable": 0.999017715454,
            "not_danceable": 0.000982312834822
        },
        "probability": 0.999017715454,
        "value": "danceable"
    },
    "gender": {
        "all": {
            "female": 0.0325389951468,
            "male": 0.967460989952
        },
        "probability": 0.967460989952,
        "value": "male"
    },
    "genre_electronic": {
        "all": {
            "ambient": 0.137761920691,
            "dnb": 0.0085755828768,
            "house": 0.800263285637,
            "techno": 0.0377165675163,
            "trance": 0.0156826321036
        },
        "probability": 0.800263285637,
        "value": "house"
    },
    "mood_acoustic": {
        "all": {
            "acoustic": 0.0514969117939,
            "not_acoustic": 0.94850307703
        },
        "probability": 0.94850307703,
        "value": "not_acoustic"
    },
    "mood_aggressive": {
        "all": {
            "aggressive": 0.0953436791897,
            "not_aggressive": 0.904656350613
        },
        "probability": 0.904656350613,
        "value": "not_aggressive"
    },
    "mood_electronic": {
        "all": {
            "electronic": 0.919236242771,
            "not_electronic": 0.0807637795806
        },
        "probability": 0.919236242771,
        "value": "electronic"
    },
    "mood_happy": {
        "all": {
            "happy": 0.001394351013,
            "not_happy": 0.998605668545
        },
        "probability": 0.998605668545,
        "value": "not_happy"
    },
    "mood_party": {
        "all": {
            "not_party": 0.108512654901,
            "party": 0.891487360001
        },
        "probability": 0.891487360001,
        "value": "party"
    },
    "mood_relaxed": {
        "all": {
            "not_relaxed": 0.112798444927,
            "relaxed": 0.887201547623
        },
        "probability": 0.887201547623,
        "value": "relaxed"
    },
    "mood_sad": {
        "all": {
            "not_sad": 0.821659862995,
            "sad": 0.178340107203
        },
        "probability": 0.821659862995,
        "value": "not_sad"
    },
    "moods_mirex": {
        "all": {
            "Cluster1": 0.0815650299191,
            "Cluster2": 0.362973213196,
            "Cluster3": 0.154527157545,
            "Cluster4": 0.346662968397,
            "Cluster5": 0.054271645844
        },
        "probability": 0.362973213196,
        "value": "Cluster2"
    },
    "timbre": {
        "all": {
            "bright": 0.000906350731384,
            "dark": 0.999093651772
        },
        "probability": 0.999093651772,
        "value": "dark"
    },
    "tonal_atonal": {
        "all": {
            "atonal": 0.930767893791,
            "tonal": 0.0692321136594
        },
        "probability": 0.930767893791,
        "value": "atonal"
    },
    "voice_instrumental": {
        "all": {
            "instrumental": 0.233136668801,
            "voice": 0.7668633461
        },
        "probability": 0.7668633461,
        "value": "voice"
    }
},
"lowlevel": {
    "average_loudness": 0.137657701969,
    "barkbands_crest": {
        "dmean": 2.80860900879,
        "dmean2": 4.40081930161,
        "dvar": 10.4352035522,
        "dvar2": 23.2643432617,
        "max": 26.936164856,
        "mean": 13.9565877914,
        "median": 12.8509235382,
        "min": 2.30669951439,
        "stdev": 6.95589780807,
        "var": 48.384513855
    },
    "barkbands_flatness_db": {
        "dmean": 0.05024760589,
        "dmean2": 0.0691466704011,
        "dvar": 0.00385365705006,
        "dvar2": 0.0068506677635,
        "max": 0.998833477497,
        "mean": 0.24830275774,
        "median": 0.189377754927,
        "min": 0.0160278342664,
        "stdev": 0.183590590954,
        "var": 0.0337055064738
    },
    "barkbands_kurtosis": {
        "dmean": 73.8583297729,
        "dmean2": 115.252960205,
        "dvar": 185409.046875,
        "dvar2": 497990.53125,
        "max": 20736.7539062,
        "mean": 121.783950806,
        "median": 5.14166879654,
        "min": -1.97721970081,
        "stdev": 570.823669434,
        "var": 325839.6875
    },
    "barkbands_skewness": {
        "dmean": 1.89895009995,
        "dmean2": 2.81947636604,
        "dvar": 14.5757875443,
        "dvar2": 33.6721992493,
        "max": 128.755661011,
        "mean": 3.74241495132,
        "median": 1.52734160423,
        "min": -48.4707832336,
        "stdev": 7.4025759697,
        "var": 54.7981300354
    },
    "barkbands_spread": {
        "dmean": 8.07559204102,
        "dmean2": 12.6767044067,
        "dvar": 182.211715698,
        "dvar2": 465.543426514,
        "max": 152.901412964,
        "mean": 19.237613678,
        "median": 11.1758499146,
        "min": 0.0135920299217,
        "stdev": 22.7317047119,
        "var": 516.730407715
    },
    "dissonance": {
        "dmean": 0.0386512689292,
        "dmean2": 0.0634460225701,
        "dvar": 0.00181576563045,
        "dvar2": 0.0046389773488,
        "max": 0.500000119209,
        "mean": 0.420925676823,
        "median": 0.442928493023,
        "min": 0.0646271854639,
        "stdev": 0.0687499791384,
        "var": 0.00472655938938
    },
    "dynamic_complexity": 9.75100517273,
    "erbbands_crest": {
        "dmean": 3.56463336945,
        "dmean2": 5.42232370377,
        "dvar": 15.616604805,
        "dvar2": 30.8672065735,
        "max": 32.9784927368,
        "mean": 14.0349740982,
        "median": 12.5806999207,
        "min": 2.0965731144,
        "stdev": 7.87504529953,
        "var": 62.0163421631
    },
    "erbbands_flatness_db": {
        "dmean": 0.035386454314,
        "dmean2": 0.0491591319442,
        "dvar": 0.00163393979892,
        "dvar2": 0.00307382107712,
        "max": 0.557339012623,
        "mean": 0.20192553103,
        "median": 0.177357584238,
        "min": 0.0134039968252,
        "stdev": 0.101638235152,
        "var": 0.0103303315118
    },
    "erbbands_kurtosis": {
        "dmean": 9.67772674561,
        "dmean2": 14.9382820129,
        "dvar": 619.046081543,
        "dvar2": 1538.77258301,
        "max": 674.715454102,
        "mean": 15.8885984421,
        "median": 1.12664175034,
        "min": -1.84326219559,
        "stdev": 44.7188301086,
        "var": 1999.77380371
    },
    "erbbands_skewness": {
        "dmean": 0.934262931347,
        "dmean2": 1.36242318153,
        "dvar": 1.56029677391,
        "dvar2": 3.20173597336,
        "max": 21.264005661,
        "mean": 1.42659056187,
        "median": 0.671769022942,
        "min": -4.39508533478,
        "stdev": 2.6454706192,
        "var": 6.99851465225
    },
    "erbbands_spread": {
        "dmean": 11.2974796295,
        "dmean2": 16.9105167389,
        "dvar": 227.474868774,
        "dvar2": 503.015350342,
        "max": 224.075653076,
        "mean": 33.0005645752,
        "median": 26.0063476562,
        "min": 0.344844996929,
        "stdev": 28.6499347687,
        "var": 820.818786621
    },
    "hfc": {
        "dmean": 12.6692848206,
        "dmean2": 20.1911849976,
        "dvar": 1611.92602539,
        "dvar2": 3748.86694336,
        "max": 625.168212891,
        "mean": 14.8671894073,
        "median": 1.54274749756,
        "min": 1.05930946235e-16,
        "stdev": 43.9497528076,
        "var": 1931.58093262
    },
    "loudness_ebu128": {
        "integrated": -18.6244983673,
        "loudness_range": 9.11762046814,
        "momentary": {
            "dmean": 2.3094201088,
            "dmean2": 3.32103872299,
            "dvar": 24.0711288452,
            "dvar2": 34.6826553345,
            "max": -11.3103084564,
            "mean": -25.7520961761,
            "median": -22.498090744,
            "min": -300.691009521,
            "stdev": 22.9200897217,
            "var": 525.330505371
        },
        "short_term": {
            "dmean": 0.25015732646,
            "dmean2": 0.298904687166,
            "dvar": 0.195209622383,
            "dvar2": 0.22359585762,
            "max": -15.466468811,
            "mean": -20.9560508728,
            "median": -19.5821113586,
            "min": -71.5560836792,
            "stdev": 4.66091871262,
            "var": 21.7241611481
        }
    },
    "melbands_crest": {
        "dmean": 3.3547539711,
        "dmean2": 5.19844484329,
        "dvar": 15.0106906891,
        "dvar2": 32.7827568054,
        "max": 39.6849555969,
        "mean": 18.7488574982,
        "median": 19.0377445221,
        "min": 1.60810470581,
        "stdev": 8.06978321075,
        "var": 65.1214065552
    },
    "melbands_flatness_db": {
        "dmean": 0.0601586736739,
        "dmean2": 0.082270078361,
        "dvar": 0.00561981601641,
        "dvar2": 0.00993682164699,
        "max": 1,
        "mean": 0.329690396786,
        "median": 0.27114507556,
        "min": 0.00315925572067,
        "stdev": 0.222292646766,
        "var": 0.0494140200317
    },
    "melbands_kurtosis": {
        "dmean": 48.4790687561,
        "dmean2": 80.2327346802,
        "dvar": 32676.4921875,
        "dvar2": 96750.1015625,
        "max": 5601.59960938,
        "mean": 70.8879089355,
        "median": 9.84173107147,
        "min": -1.89881408215,
        "stdev": 217.23487854,
        "var": 47190.9921875
    },
    "melbands_skewness": {
        "dmean": 1.67001283169,
        "dmean2": 2.5604622364,
        "dvar": 7.08830308914,
        "dvar2": 17.9324245453,
        "max": 48.8941650391,
        "mean": 3.65328645706,
        "median": 2.26202440262,
        "min": -5.35213422775,
        "stdev": 4.68545150757,
        "var": 21.9534549713
    },
    "melbands_spread": {
        "dmean": 9.11688709259,
        "dmean2": 14.1864080429,
        "dvar": 252.342346191,
        "dvar2": 599.020690918,
        "max": 213.863464355,
        "mean": 20.9878025055,
        "median": 11.3595600128,
        "min": 0.0222251247615,
        "stdev": 27.8369026184,
        "var": 774.893188477
    },
    "pitch_salience": {
        "dmean": 0.100413739681,
        "dmean2": 0.155224874616,
        "dvar": 0.0142951700836,
        "dvar2": 0.0334586426616,
        "max": 0.947463333607,
        "mean": 0.411309927702,
        "median": 0.432788848877,
        "min": 0.00694050500169,
        "stdev": 0.227972447872,
        "var": 0.0519714355469
    },
    "silence_rate_20dB": {
        "dmean": 0.0209111273289,
        "dmean2": 0.0418267175555,
        "dvar": 0.020476218313,
        "dvar2": 0.0445542111993,
        "max": 1,
        "mean": 0.892788589001,
        "median": 1,
        "min": 0,
        "stdev": 0.309366673231,
        "var": 0.09570774436
    },
    "silence_rate_30dB": {
        "dmean": 0.0328603424132,
        "dmean2": 0.0657276958227,
        "dvar": 0.0317794717848,
        "dvar2": 0.0639755055308,
        "max": 1,
        "mean": 0.837102651596,
        "median": 1,
        "min": 0,
        "stdev": 0.369261801243,
        "var": 0.136354267597
    },
    "silence_rate_60dB": {
        "dmean": 0.146697968245,
        "dmean2": 0.293427228928,
        "dvar": 0.125183925033,
        "dvar2": 0.228239253163,
        "max": 1,
        "mean": 0.489545553923,
        "median": 0,
        "min": 0,
        "stdev": 0.499899089336,
        "var": 0.249899104238
    },
    "spectral_centroid": {
        "dmean": 338.270904541,
        "dmean2": 516.775756836,
        "dvar": 262637.1875,
        "dvar2": 565861.125,
        "max": 11693.0703125,
        "mean": 1111.25769043,
        "median": 804.868896484,
        "min": 52.1348228455,
        "stdev": 1250.38635254,
        "var": 1563466.125
    },
    "spectral_complexity": {
        "dmean": 3.92318367958,
        "dmean2": 6.13358926773,
        "dvar": 48.2331504822,
        "dvar2": 109.025772095,
        "max": 59,
        "mean": 5.16225719452,
        "median": 2,
        "min": 0,
        "stdev": 7.91390752792,
        "var": 62.6299324036
    },
    "spectral_decrease": {
        "dmean": 9.58655466121e-09,
        "dmean2": 1.53083323795e-08,
        "dvar": 9.40503244742e-16,
        "dvar2": 2.4522425445e-15,
        "max": 6.4676007063e-14,
        "mean": -2.2567411051e-08,
        "median": -5.31973687323e-10,
        "min": -4.6597739356e-07,
        "stdev": 5.46678791125e-08,
        "var": 2.98857703043e-15
    },
    "spectral_energy": {
        "dmean": 0.0371990501881,
        "dmean2": 0.0593665167689,
        "dvar": 0.0136031489819,
        "dvar2": 0.0353952236474,
        "max": 1.76881921291,
        "mean": 0.0865227133036,
        "median": 0.00229615764692,
        "min": 9.72385141283e-21,
        "stdev": 0.207521125674,
        "var": 0.0430650189519
    },
    "spectral_energyband_high": {
        "dmean": 0.000587181362789,
        "dmean2": 0.00093193660723,
        "dvar": 8.58587827679e-06,
        "dvar2": 1.76237463165e-05,
        "max": 0.0619061775506,
        "mean": 0.000571157725062,
        "median": 4.80637572764e-06,
        "min": 6.96686731692e-21,
        "stdev": 0.00353867886588,
        "var": 1.25222486531e-05
    },
    "spectral_energyband_low": {
        "dmean": 0.030536705628,
        "dmean2": 0.048200070858,
        "dvar": 0.0128443101421,
        "dvar2": 0.0336137376726,
        "max": 1.76309037209,
        "mean": 0.0769271999598,
        "median": 0.00010576468776,
        "min": 1.63917502159e-23,
        "stdev": 0.199855938554,
        "var": 0.0399423986673
    },
    "spectral_energyband_middle_high": {
        "dmean": 0.00333096389659,
        "dmean2": 0.00573159428313,
        "dvar": 0.000140070871566,
        "dvar2": 0.000377889809897,
        "max": 0.260408163071,
        "mean": 0.00257988134399,
        "median": 7.19067174941e-05,
        "min": 1.11894555151e-21,
        "stdev": 0.0100210905075,
        "var": 0.000100422257674
    },
    "spectral_energyband_middle_low": {
        "dmean": 0.00533761503175,
        "dmean2": 0.00862849596888,
        "dvar": 0.00040700568934,
        "dvar2": 0.00110192922875,
        "max": 0.52959805727,
        "mean": 0.00518688652664,
        "median": 0.000480213871924,
        "min": 1.53295818237e-22,
        "stdev": 0.0178417060524,
        "var": 0.000318326463457
    },
    "spectral_entropy": {
        "dmean": 0.422951251268,
        "dmean2": 0.577614188194,
        "dvar": 0.305267751217,
        "dvar2": 0.54248547554,
        "max": 9.82991790771,
        "mean": 6.8975944519,
        "median": 7.23705291748,
        "min": 2.70059370995,
        "stdev": 1.37390756607,
        "var": 1.88762199879
    },
    "spectral_flux": {
        "dmean": 0.0481536537409,
        "dmean2": 0.0696860700846,
        "dvar": 0.00825592596084,
        "dvar2": 0.0171181708574,
        "max": 1.19367563725,
        "mean": 0.0795107781887,
        "median": 0.0254729297012,
        "min": 6.2144171753e-11,
        "stdev": 0.128360673785,
        "var": 0.0164764635265
    },
    "spectral_kurtosis": {
        "dmean": 7.47499656677,
        "dmean2": 11.2641687393,
        "dvar": 281.762207031,
        "dvar2": 652.905029297,
        "max": 442.811096191,
        "mean": 16.5788230896,
        "median": 6.0567946434,
        "min": -1.26774644852,
        "stdev": 31.9477462769,
        "var": 1020.65844727
    },
    "spectral_rms": {
        "dmean": 0.00161713385023,
        "dmean2": 0.00232948665507,
        "dvar": 9.70048859017e-06,
        "dvar2": 2.05379219551e-05,
        "max": 0.0415412709117,
        "mean": 0.00511779123917,
        "median": 0.001496714307,
        "min": 3.08004620073e-12,
        "stdev": 0.00763023737818,
        "var": 5.82205248065e-05
    },
    "spectral_rolloff": {
        "dmean": 910.322387695,
        "dmean2": 1539.05297852,
        "dvar": 4988796,
        "dvar2": 11626651,
        "max": 19810.546875,
        "mean": 2370.85546875,
        "median": 796.728515625,
        "min": 43.06640625,
        "stdev": 4144.66113281,
        "var": 17178216
    },
    "spectral_skewness": {
        "dmean": 0.643958747387,
        "dmean2": 0.960991382599,
        "dvar": 0.894311845303,
        "dvar2": 1.80170178413,
        "max": 18.3046588898,
        "mean": 2.69023370743,
        "median": 2.00877380371,
        "min": -0.0746309384704,
        "stdev": 2.14698195457,
        "var": 4.60953140259
    },
    "spectral_spread": {
        "dmean": 1142369.375,
        "dmean2": 1700560.875,
        "dvar": 2.45326964326e+12,
        "dvar2": 5.79198202675e+12,
        "max": 42914340,
        "mean": 5686902.5,
        "median": 4697282.5,
        "min": 302040.84375,
        "stdev": 4519052.5,
        "var": 2.04218354893e+13
    },
    "spectral_strongpeak": {
        "dmean": 0.310340166092,
        "dmean2": 0.48636162281,
        "dvar": 0.276478946209,
        "dvar2": 0.661663234234,
        "max": 9.57835578918,
        "mean": 0.642301261425,
        "median": 0.30178207159,
        "min": 0,
        "stdev": 0.800215363503,
        "var": 0.640344619751
    },
    "zerocrossingrate": {
        "dmean": 0.0180446300656,
        "dmean2": 0.0209726486355,
        "dvar": 0.00127510016318,
        "dvar2": 0.00215257657692,
        "max": 0.83203125,
        "mean": 0.0746890082955,
        "median": 0.041015625,
        "min": 0.0009765625,
        "stdev": 0.102968029678,
        "var": 0.0106024155393
    },
    "barkbands": {
        "dmean": [0.00451760319993, 0.0260591283441, 0.00325066642836, 0.00182040885556, 0.00165616720915, 0.000685782870278, 0.00038233367377, 0.000223840877879, 0.000777539797127, 0.000672472408041, 0.000567272538319, 0.000491470040288, 0.000400518765673, 0.000486217002617, 0.000181531489943, 0.000296460289974, 0.000183814248885, 0.00018867108156, 0.000151988002472, 0.00010746785847, 9.47252920014e-05, 9.45840729401e-05, 8.65971305757e-05, 0.000107877487608, 9.86933227978e-05, 6.93264737492e-05, 9.19111516851e-06],
        "dmean2": [0.00825661700219, 0.0414208881557, 0.00514642288908, 0.00312427664176, 0.00261804764159, 0.00110389129259, 0.000679391436279, 0.000404012709623, 0.00131466297898, 0.00112376082689, 0.000922742707189, 0.000867179536726, 0.000703381432686, 0.000870685908012, 0.000326757814037, 0.0005453293561, 0.000335811113473, 0.000346399086993, 0.000279051455436, 0.000192495412193, 0.000164627446793, 0.000158657436259, 0.000143489334732, 0.00016774906544, 0.000145890749991, 0.000107493440737, 1.7232800019e-05],
        "dvar": [0.00056629505707, 0.0102247809991, 0.000284516019747, 8.71099473443e-05, 4.6843149903e-05, 1.06170864456e-05, 5.65497794014e-06, 1.81851896741e-06, 9.31811428018e-06, 1.14995928016e-05, 6.90818887961e-06, 4.81700271848e-06, 3.27086877405e-06, 3.29833278556e-06, 6.80315167756e-07, 2.94765641229e-06, 5.71293242047e-07, 5.71511918679e-07, 3.41454381214e-07, 1.71951228367e-07, 1.38422961982e-07, 1.61672033983e-07, 2.02860221066e-07, 5.73095348955e-07, 4.60320478624e-07, 2.59853095486e-07, 7.85794629365e-09],
        "dvar2": [0.00198973552324, 0.0256144460291, 0.000719250470866, 0.000228579563554, 0.00012069910008, 2.83083390968e-05, 1.648264697e-05, 5.30486022399e-06, 2.45886494668e-05, 2.98604063573e-05, 1.79076723725e-05, 1.33552948682e-05, 8.77515412867e-06, 9.0686198746e-06, 1.91629601431e-06, 8.53877099871e-06, 1.62763501521e-06, 1.62868707321e-06, 9.74837007561e-07, 4.8234278438e-07, 3.51401439502e-07, 3.69097136854e-07, 4.49180106443e-07, 1.30295256895e-06, 8.53163328429e-07, 5.66777089261e-07, 2.32839401093e-08],
        "max": [0.503979325294, 1.74025845528, 0.404089748859, 0.164180070162, 0.158742517233, 0.0851449072361, 0.0743982195854, 0.037660036236, 0.0602394491434, 0.096084445715, 0.0857904851437, 0.0363619700074, 0.0442389659584, 0.037612374872, 0.0198996607214, 0.0683826208115, 0.0201391931623, 0.0185841713101, 0.0134145468473, 0.0111206658185, 0.00906318333, 0.00946350302547, 0.0123568521813, 0.0236547924578, 0.0170025527477, 0.0109771993011, 0.00294672674499],
        "mean": [0.0134547902271, 0.0612501129508, 0.00358544662595, 0.00149725214578, 0.00169363396708, 0.000655043462757, 0.000271356781013, 0.000153023167513, 0.000612844072748, 0.000583746121265, 0.000563601905014, 0.000343813473592, 0.000282178341877, 0.000321741390508, 0.000120635515486, 0.000187680780073, 0.000119870863273, 0.000119144315249, 9.7314165032e-05, 7.31887776055e-05, 7.29957610019e-05, 8.25327588245e-05, 8.2654376456e-05, 0.00011079286196, 0.000109096290544, 7.11739776307e-05, 6.39160998617e-06],
        "median": [5.14079783898e-06, 3.757779632e-05, 7.9169512901e-06, 7.32799744583e-05, 0.000103338476038, 7.38243852538e-06, 6.90146953275e-06, 4.48289665655e-06, 1.7416639821e-05, 8.9856039267e-06, 7.29091698304e-06, 4.25133157478e-06, 3.68025393982e-06, 2.41872362494e-06, 1.24001053337e-06, 1.49250604409e-06, 1.01986074696e-06, 9.96097810457e-07, 7.92127138993e-07, 6.41158635517e-07, 6.19251466105e-07, 6.86738076183e-07, 5.86605779063e-07, 6.70586359774e-07, 5.96919335294e-07, 3.1953553048e-07, 3.19756622957e-07],
        "min": [3.6535143727e-25, 1.80831886924e-24, 2.10763961656e-25, 6.0140876939e-25, 6.02670601712e-24, 3.58217201111e-24, 9.62870999138e-24, 1.31053422741e-23, 1.19301280631e-23, 2.00530619363e-23, 2.222735034e-23, 2.98439585744e-23, 2.60720501328e-23, 3.76420411046e-23, 4.65139810523e-23, 6.92203734879e-23, 6.80322290578e-23, 1.12334436614e-22, 1.09261438424e-22, 1.92462875777e-22, 2.02698024167e-22, 3.24496910999e-22, 3.90830141926e-22, 6.13331856475e-22, 8.64734733532e-22, 1.39852997323e-21, 1.82038663302e-21],
        "stdev": [0.063480310142, 0.171415701509, 0.0163104031235, 0.00808612816036, 0.00655898544937, 0.00295301433653, 0.00177034339868, 0.00100236351136, 0.00274650915526, 0.00320974527858, 0.00242141727358, 0.00175385735929, 0.00150393135846, 0.00146170752123, 0.000642203493044, 0.00128454505466, 0.00058414565865, 0.00058183906367, 0.000451541040093, 0.000332874216838, 0.000350767426426, 0.000440169213107, 0.000519018736668, 0.000849534000736, 0.000854268320836, 0.000580601219554, 6.8621164246e-05],
        "var": [0.00402974989265, 0.0293833427131, 0.000266029237537, 6.53854731354e-05, 4.30202890129e-05, 8.72029340826e-06, 3.13411555908e-06, 1.00473266684e-06, 7.54331313146e-06, 1.03024649434e-05, 5.86326132179e-06, 3.07601567329e-06, 2.26180964091e-06, 2.13658881876e-06, 4.12425322338e-07, 1.6500558786e-06, 3.41226183309e-07, 3.38536693789e-07, 2.0388930011e-07, 1.10805245868e-07, 1.23037793287e-07, 1.93748931565e-07, 2.69380478812e-07, 7.2170803378e-07, 7.29774399133e-07, 3.37097787906e-07, 4.70886396542e-09]
    },
    "erbbands": {
        "dmean": [0.966685175896, 5.06928253174, 5.4055981636, 4.34762954712, 6.93013334274, 4.20334100723, 3.52962636948, 6.4147567749, 5.52491283417, 5.61490821838, 5.85122346878, 13.754486084, 26.5166034698, 25.9156360626, 16.0090408325, 20.3777542114, 18.9698352814, 28.32604599, 12.5357589722, 9.04106330872, 17.7309780121, 10.6029815674, 11.0413446426, 8.63059711456, 7.2247095108, 5.20443820953, 3.82489442825, 3.66593408585, 3.51882433891, 2.77125525475, 2.6071126461, 2.23335337639, 1.74862718582, 1.08352053165, 0.724583148956, 0.388687998056, 0.107605151832, 0.017333265394, 0.00157932855655, 9.65069411905e-05],
        "dmean2": [1.63781285286, 7.67257785797, 8.45506858826, 6.95720338821, 10.9916706085, 6.87742805481, 6.10239934921, 10.1233024597, 9.42443084717, 10.1857271194, 10.0679292679, 23.0097522736, 43.952507019, 41.9857254028, 27.0381889343, 35.8740997314, 32.9233360291, 50.8240776062, 22.370716095, 16.3726730347, 32.5479202271, 19.4151191711, 20.3551330566, 15.7870330811, 13.0934514999, 9.2876625061, 6.68297719955, 6.37911605835, 6.00069236755, 4.57615041733, 4.28920984268, 3.55552101135, 2.72514510155, 1.62179410458, 1.09126806259, 0.611475646496, 0.166403159499, 0.0287878736854, 0.00293424888514, 0.000167729784152],
        "dvar": [16.6063137054, 449.006469727, 634.860534668, 471.669158936, 695.567687988, 392.487091064, 359.326049805, 955.02520752, 1128.79882812, 1177.50085449, 1019.54656982, 3175.48461914, 20927.0898438, 16482.9003906, 7043.2578125, 8007.03466797, 7467.61035156, 12107.3544922, 2106.89672852, 1385.60583496, 11081.8339844, 1918.55566406, 2115.35668945, 1076.57275391, 724.025390625, 434.720184326, 208.669616699, 229.333648682, 228.056381226, 160.042098999, 206.329864502, 214.143600464, 154.019271851, 55.2863349915, 25.855682373, 8.53596973419, 0.611187696457, 0.0194818396121, 0.000220257759793, 2.84015101215e-07],
        "dvar2": [51.9124031067, 1002.52697754, 1587.67712402, 1185.20788574, 1789.61474609, 1066.06274414, 1032.48632812, 2426.74658203, 3248.39428711, 3447.22900391, 2800.72436523, 8315.3984375, 53731.6640625, 42868.5234375, 18615.0175781, 22305.015625, 19774.5527344, 33471.5273438, 5906.76220703, 3918.15405273, 32155.8203125, 5463.16943359, 6059.25195312, 3072.16040039, 2040.2479248, 1217.98852539, 535.358032227, 589.687683105, 542.054199219, 336.120544434, 461.57321167, 493.979827881, 334.285797119, 101.809410095, 51.5634994507, 19.5006828308, 1.2571413517, 0.0483779460192, 0.000646028493065, 8.19134015728e-07],
        "max": [59.1178855896, 374.819122314, 524.458251953, 489.830627441, 498.138275146, 518.81652832, 535.656188965, 782.225158691, 1070.9107666, 995.11315918, 722.36328125, 1244.56713867, 5002.95507812, 5165.8046875, 1675.48352051, 1554.0177002, 2190.01708984, 2331.32495117, 1031.71923828, 656.129455566, 4327.43994141, 1199.64294434, 1279.01757812, 693.123474121, 758.484313965, 642.023498535, 341.683013916, 409.467285156, 337.355255127, 312.624481201, 427.189666748, 424.619995117, 364.850067139, 196.577270508, 135.76184082, 70.4756469727, 18.8474559784, 3.6640381813, 0.462866783142, 0.0147396661341],
        "mean": [2.04538178444, 12.434589386, 8.93417167664, 4.30420398712, 7.20350074768, 4.10140371323, 2.7352077961, 6.53225803375, 4.37868738174, 3.83051848412, 4.41797018051, 11.2121181488, 22.8331546783, 25.9077377319, 13.0289134979, 14.3767185211, 13.7021350861, 18.4548091888, 8.59363174438, 5.89409732819, 11.2802238464, 6.87055397034, 6.9634013176, 5.5093255043, 4.80776309967, 3.57779455185, 2.87987136841, 2.86697769165, 2.97727966309, 2.54579997063, 2.483938694, 2.23478198051, 1.84762918949, 1.22364473343, 0.766961157322, 0.385704189539, 0.114233054221, 0.0169358290732, 0.001191941672, 0.000140777599881],
        "median": [0.00114660197869, 0.00788114685565, 0.0214909240603, 0.17042003572, 0.424552738667, 0.204261183739, 0.0615640580654, 0.0729906111956, 0.112423852086, 0.110007762909, 0.144473224878, 0.299679964781, 0.456532716751, 0.536265254021, 0.187687829137, 0.213115468621, 0.209940284491, 0.108482263982, 0.119326420128, 0.0598905906081, 0.093055807054, 0.0569531954825, 0.05893625319, 0.0481042936444, 0.0377144366503, 0.0288805831224, 0.0256871245801, 0.0237184856087, 0.0240598544478, 0.0211175270379, 0.0167504772544, 0.0135871469975, 0.010830049403, 0.00711275544018, 0.00404436979443, 0.00178243045229, 0.000550514669158, 0.000201981907594, 6.28395791864e-05, 9.34090348892e-06],
        "min": [6.60786181815e-23, 6.51590121009e-22, 8.10976828958e-22, 7.13695875375e-21, 4.52990195166e-21, 2.14996228859e-20, 2.28880697779e-20, 2.1668574526e-20, 1.31488319979e-19, 2.347044855e-19, 2.77895850431e-19, 2.82721208534e-19, 6.25210714121e-19, 8.48853571783e-19, 1.26764612033e-18, 1.45023011053e-18, 1.92865100751e-18, 2.31233335796e-18, 1.8945227762e-18, 3.32940279271e-18, 3.09200381806e-18, 4.94791897315e-18, 6.43003679289e-18, 6.73069295732e-18, 6.65726992461e-18, 8.99943058828e-18, 7.63196041502e-18, 7.36809228116e-18, 1.18535519446e-17, 1.10217109965e-17, 1.14479455856e-17, 1.17813787818e-17, 9.54880341929e-18, 7.85281929294e-18, 6.11012303663e-18, 4.28192153399e-18, 2.39474370803e-18, 9.90844914192e-19, 2.48705318698e-19, 2.692360449e-20],
        "stdev": [6.30735301971, 37.578754425, 28.7279777527, 20.7744503021, 25.715051651, 17.2919025421, 14.5706567764, 30.2036705017, 25.8094215393, 25.3471736908, 26.5035114288, 52.6480484009, 138.542984009, 118.051834106, 72.2275009155, 71.1655273438, 72.9873275757, 87.7411880493, 36.1953277588, 28.8561000824, 78.5927124023, 33.8138084412, 35.0870666504, 25.3341808319, 21.4173736572, 16.8187217712, 13.3633518219, 14.1990461349, 15.8722286224, 14.7502880096, 16.2545642853, 16.3703231812, 14.3366909027, 9.47196483612, 6.1030960083, 3.18775749207, 0.928070068359, 0.144539803267, 0.0118137560785, 0.000477622321341],
        "var": [39.782699585, 1412.1628418, 825.29675293, 431.577758789, 661.263916016, 299.009918213, 212.304046631, 912.261657715, 666.126281738, 642.479248047, 702.436096191, 2771.81689453, 19194.1601562, 13936.2353516, 5216.81152344, 5064.53271484, 5327.14990234, 7698.51611328, 1310.10168457, 832.674560547, 6176.81445312, 1143.37353516, 1231.10217285, 641.820678711, 458.703918457, 282.869384766, 178.579162598, 201.612915039, 251.927642822, 217.570983887, 264.210845947, 267.987487793, 205.540710449, 89.7181091309, 37.2477836609, 10.1617984772, 0.861313998699, 0.0208917539567, 0.000139564843266, 2.28123084867e-07]
    },
    "gfcc": {
        "mean": [-204.450180054, 76.3141479492, -76.1270141602, 14.9345331192, -38.7214736938, 18.4087657928, -21.1388645172, 4.30324697495, -21.3100070953, -7.96265602112, -16.1212215424, -3.00803399086, -7.10351514816],
        "cov": [[35292.8320312, 1574.83935547, -3800.3581543, 725.466186523, -1613.81896973, 908.535339355, -1459.7532959, 541.987365723, -899.518310547, 517.114868164, -418.509155273, 402.100158691, -368.99798584], [1574.83935547, 4126.99609375, 1253.77148438, -60.373664856, 902.710571289, 122.155403137, 843.747802734, -10.5914459229, 363.344482422, -250.638885498, 289.091064453, -227.752853394, 202.319168091], [-3800.3581543, 1253.77148438, 3267.88989258, 991.428771973, 1205.62145996, 169.418029785, 597.245849609, 17.738079071, 420.984344482, -111.7865448, 174.536056519, -185.509292603, 111.397399902], [725.466186523, -60.373664856, 991.428771973, 1145.99621582, 490.870758057, 73.7497787476, -89.3130569458, 35.5131454468, 135.476699829, 103.689506531, 18.4548873901, -46.7373390198, -31.2160892487], [-1613.81896973, 902.710571289, 1205.62145996, 490.870758057, 1044.09997559, 202.436416626, 572.899475098, 37.8028106689, 360.997344971, -13.6881055832, 237.287841797, -83.9114608765, 132.79598999], [908.535339355, 122.155403137, 169.418029785, 73.7497787476, 202.436416626, 598.543395996, 370.483459473, 278.439483643, 50.5994186401, 55.2980651855, 11.8812770844, 51.3115844727, -4.82172632217], [-1459.7532959, 843.747802734, 597.245849609, -89.3130569458, 572.899475098, 370.483459473, 826.421081543, 245.266693115, 330.435699463, -38.5397949219, 196.399612427, -30.8582401276, 120.531646729], [541.987365723, -10.5914459229, 17.738079071, 35.5131454468, 37.8028106689, 278.439483643, 245.266693115, 333.793365479, 113.139846802, 86.914855957, 2.72650051117, 44.4610824585, -5.4810295105], [-899.518310547, 363.344482422, 420.984344482, 135.476699829, 360.997344971, 50.5994186401, 330.435699463, 113.139846802, 330.742858887, 63.6791534424, 154.328826904, -22.3299884796, 78.5232620239], [517.114868164, -250.638885498, -111.7865448, 103.689506531, -13.6881055832, 55.2980651855, -38.5397949219, 86.914855957, 63.6791534424, 182.96395874, 77.3798370361, 76.5933074951, -3.10833716393], [-418.509155273, 289.091064453, 174.536056519, 18.4548873901, 237.287841797, 11.8812770844, 196.399612427, 2.72650051117, 154.328826904, 77.3798370361, 227.403793335, 63.9752616882, 85.5665512085], [402.100158691, -227.752853394, -185.509292603, -46.7373390198, -83.9114608765, 51.3115844727, -30.8582401276, 44.4610824585, -22.3299884796, 76.5933074951, 63.9752616882, 140.619384766, 43.250453949], [-368.99798584, 202.319168091, 111.397399902, -31.2160892487, 132.79598999, -4.82172632217, 120.531646729, -5.4810295105, 78.5232620239, -3.10833716393, 85.5665512085, 43.250453949, 114.579963684]],
        "icov": [[6.7979330197e-05, -0.000119724369142, 0.000109763910586, -0.000146484628203, 6.40086946078e-05, -0.00018256403564, 0.000195943051949, -9.51193942456e-05, 3.37690689776e-05, -2.76262871921e-05, -1.2262967175e-05, -9.17012584978e-05, 1.10447672341e-05], [-0.000119724369142, 0.000639486999717, -0.000247687363299, 0.000339570047799, -0.000144569508848, 0.000181483657798, -0.000244711322011, -0.000147386919707, 0.000132445056806, 0.000624341657385, -0.000957806070801, 0.00130841834471, -0.000608297414146], [0.000109763910586, -0.000247687363299, 0.000854103651363, -0.000728266255464, -0.000249578180956, -0.000220969915972, 6.03246298851e-05, -2.80282347376e-05, -0.000136056318297, 0.000454853987321, 0.000108361884486, -0.000221470283577, 8.54673708091e-05], [-0.000146484628203, 0.000339570047799, -0.000728266255464, 0.00269967596978, -0.00176639435813, -0.000106710911496, 0.00187271297909, -0.00077009195229, -0.00075021997327, -0.000388273299905, 0.000177303649252, 0.000358316843631, 0.000644038664177], [6.40086946078e-05, -0.000144569508848, -0.000249578180956, -0.00176639435813, 0.00457575917244, -0.00114478822798, -0.00181913853157, 0.00179280689918, -0.000718412280548, 6.67375161356e-06, -0.00189363909885, 0.00222699763253, -0.00206314539537], [-0.00018256403564, 0.000181483657798, -0.000220969915972, -0.000106710911496, -0.00114478822798, 0.00574944028631, -0.00428680563346, -0.00113406102173, 0.00303010409698, -0.00260220142081, 0.00317558925599, -0.00301068928093, 0.00191912858281], [0.000195943051949, -0.000244711322011, 6.03246298851e-05, 0.00187271297909, -0.00181913853157, -0.00428680563346, 0.0102222440764, -0.0051333499141, -0.00350035913289, 0.00622353842482, -0.00629275571555, 0.00350321177393, -0.00161150330678], [-9.51193942456e-05, -0.000147386919707, -2.80282347376e-05, -0.00077009195229, 0.00179280689918, -0.00113406102173, -0.0051333499141, 0.0108490744606, -0.00342674762942, -0.00486783310771, 0.00712252035737, -0.0052133044228, 0.0024300031364], [3.37690689776e-05, 0.000132445056806, -0.000136056318297, -0.00075021997327, -0.000718412280548, 0.00303010409698, -0.00350035913289, -0.00342674762942, 0.0121671771631, -0.00523335020989, -0.00277692358941, 0.00584883475676, -0.00433313054964], [-2.76262871921e-05, 0.000624341657385, 0.000454853987321, -0.000388273299905, 6.67375161356e-06, -0.00260220142081, 0.00622353842482, -0.00486783310771, -0.00523335020989, 0.0180785432458, -0.00969497300684, -0.00189198332373, 0.00339484098367], [-1.2262967175e-05, -0.000957806070801, 0.000108361884486, 0.000177303649252, -0.00189363909885, 0.00317558925599, -0.00629275571555, 0.00712252035737, -0.00277692358941, -0.00969497300684, 0.0206441301852, -0.0123299947008, 0.00176090234891], [-9.17012584978e-05, 0.00130841834471, -0.000221470283577, 0.000358316843631, 0.00222699763253, -0.00301068928093, 0.00350321177393, -0.0052133044228, 0.00584883475676, -0.00189198332373, -0.0123299947008, 0.0259055029601, -0.0135653261095], [1.10447672341e-05, -0.000608297414146, 8.54673708091e-05, 0.000644038664177, -0.00206314539537, 0.00191912858281, -0.00161150330678, 0.0024300031364, -0.00433313054964, 0.00339484098367, 0.00176090234891, -0.0135653261095, 0.021080058068]]
    },
    "melbands": {
        "dmean": [0.00785468704998, 0.00393140781671, 0.000778095505666, 0.00041439285269, 0.000122723547975, 0.000138821691507, 8.44902388053e-05, 5.71189848415e-05, 5.07696204295e-05, 0.000104286657006, 0.000130544911372, 9.89909094642e-05, 5.9690715716e-05, 4.87059187435e-05, 5.32097728865e-05, 4.07954103139e-05, 5.46633782506e-05, 2.00141021196e-05, 1.33994590215e-05, 1.61082734849e-05, 1.98701054615e-05, 9.95459686237e-06, 1.13255628094e-05, 8.59779811435e-06, 6.83832377035e-06, 5.80333198741e-06, 4.24700647272e-06, 3.21781976709e-06, 2.4404027954e-06, 2.1952462248e-06, 2.13391331272e-06, 2.06042864193e-06, 1.73082901256e-06, 1.45134163176e-06, 1.54551162268e-06, 1.42558553762e-06, 1.36782148275e-06, 1.25018209474e-06, 1.16563990105e-06, 8.5004870698e-07],
        "dmean2": [0.0128766931593, 0.00590952066705, 0.00122892775107, 0.000655777519569, 0.000213518127566, 0.000220039437409, 0.000144792124047, 0.000104593898868, 8.56933620526e-05, 0.000175431690877, 0.000217354448978, 0.000161647883942, 9.97190727503e-05, 8.5331077571e-05, 9.23950865399e-05, 7.3321571108e-05, 9.82076307992e-05, 3.57389835699e-05, 2.39584005612e-05, 2.96587077173e-05, 3.64858715329e-05, 1.82465591934e-05, 2.08440469578e-05, 1.58174134413e-05, 1.25470905914e-05, 1.0600870155e-05, 7.6583619375e-06, 5.77731088924e-06, 4.27244549428e-06, 3.84293480238e-06, 3.73615694116e-06, 3.53035602529e-06, 2.89085437544e-06, 2.4170319648e-06, 2.53414009421e-06, 2.37430822381e-06, 2.17920205614e-06, 1.97436065719e-06, 1.77929041456e-06, 1.29416298478e-06],
        "dvar": [0.000968441949226, 0.000281356129562, 1.26060276671e-05, 2.72286342806e-06, 4.71533496693e-07, 4.53016355095e-07, 2.61576929006e-07, 1.29639602164e-07, 8.7718071029e-08, 1.65357008086e-07, 5.02735758801e-07, 2.5160346695e-07, 8.59338413761e-08, 5.97592233476e-08, 6.13570421137e-08, 2.53042333753e-08, 4.74865409217e-08, 4.98500840607e-09, 3.99716837407e-09, 6.42488329206e-09, 1.40304639018e-08, 1.88512694344e-09, 2.15200546272e-09, 1.24786436739e-09, 7.28043958453e-10, 5.42127565062e-10, 2.73474826118e-10, 1.69562197616e-10, 8.68475985571e-11, 7.5147721379e-11, 8.69977909157e-11, 8.12758263469e-11, 5.86951598436e-11, 4.6818264543e-11, 7.22312556989e-11, 7.43024808347e-11, 9.44757397314e-11, 8.09150246806e-11, 7.3807633616e-11, 3.35243117988e-11],
        "dvar2": [0.00268666166812, 0.000661173311528, 3.1822710298e-05, 6.91708282829e-06, 1.36298069719e-06, 1.17555759971e-06, 7.55239398131e-07, 3.80630012842e-07, 2.28888097809e-07, 4.38522960167e-07, 1.29408272187e-06, 6.56797851661e-07, 2.30226177678e-07, 1.65171144317e-07, 1.63058402336e-07, 7.01454609953e-08, 1.30782069618e-07, 1.39541285193e-08, 1.11530864544e-08, 1.8500077914e-08, 4.07561699944e-08, 5.38421174312e-09, 6.14924200448e-09, 3.5565124179e-09, 2.08659534096e-09, 1.53680590476e-09, 7.73060060411e-10, 4.75555872459e-10, 2.21438936632e-10, 1.94684893207e-10, 2.25972754397e-10, 1.97922372935e-10, 1.34056363232e-10, 9.8721336661e-11, 1.58912938364e-10, 1.77889217245e-10, 2.27637492189e-10, 1.81864884263e-10, 1.53950435733e-10, 6.21102544396e-11],
        "max": [0.51715272665, 0.294788300991, 0.0853662341833, 0.036144990474, 0.0198957081884, 0.0174934733659, 0.016284249723, 0.0104222986847, 0.00797592010349, 0.00797045323998, 0.0243179872632, 0.0198897980154, 0.00572991138324, 0.00455031497404, 0.00570897804573, 0.00355709670112, 0.00474016275257, 0.00149530405179, 0.00157839339226, 0.00256225373596, 0.00490220636129, 0.00108406599611, 0.00125965941697, 0.000775181222707, 0.000627852568869, 0.000663554412313, 0.000443389464635, 0.000403706741054, 0.000248624826781, 0.000238080901909, 0.000298479106277, 0.000191709128558, 0.000193314219359, 0.000188455014722, 0.000255967897829, 0.000233217739151, 0.000375143310521, 0.000320634018863, 0.000232786449487, 0.000142331249663],
        "mean": [0.0191249065101, 0.00866558216512, 0.000827671086881, 0.000430206040619, 9.54705683398e-05, 0.000138072238769, 6.65550396661e-05, 3.7970039557e-05, 3.98627162213e-05, 8.41286237119e-05, 0.000110559914901, 9.7339048807e-05, 5.26040748809e-05, 3.31896881107e-05, 4.07934421673e-05, 2.67361519946e-05, 3.55604861397e-05, 1.38120776683e-05, 9.07653884497e-06, 1.01185460153e-05, 1.26156137412e-05, 6.37593757347e-06, 7.33419847165e-06, 5.38609310752e-06, 4.3331933739e-06, 3.78870799977e-06, 2.85727014671e-06, 2.19203343477e-06, 1.82291023521e-06, 1.66065876783e-06, 1.65932249274e-06, 1.70099679053e-06, 1.51700101014e-06, 1.33987884965e-06, 1.44447176353e-06, 1.36863161515e-06, 1.35192408379e-06, 1.29759962419e-06, 1.22589881357e-06, 9.64101559475e-07],
