{
"highlevel": {
    "danceability": {
        "all": {
            "danceable": 0.99999833107,
            "not_danceable": 1.65308142641e-06
        },
        "probability": 0.99999833107,
        "value": "danceable"
    },
    "gender": {
        "all": {
            "female": 0.196123287082,
            "male": 0.803876698017
        },
        "probability": 0.803876698017,
        "value": "male"
    },
    "genre_electronic": {
        "all": {
            "ambient": 0.0101579064503,
            "dnb": 0.000915607786737,
            "house": 0.414175748825,
            "techno": 0.570695459843,
            "trance": 0.00405529420823
        },
        "probability": 0.570695459843,
        "value": "techno"
    },
    "mood_acoustic": {
        "all": {
            "acoustic": 0.00382130313665,
            "not_acoustic": 0.996178686619
        },
        "probability": 0.996178686619,
        "value": "not_acoustic"
    },
    "mood_aggressive": {
        "all": {
            "aggressive": 0.103393405676,
            "not_aggressive": 0.896606564522
        },
        "probability": 0.896606564522,
        "value": "not_aggressive"
    },
    "mood_electronic": {
        "all": {
            "electronic": 0.968898057938,
            "not_electronic": 0.0311019420624
        },
        "probability": 0.968898057938,
        "value": "electronic"
    },
    "mood_happy": {
        "all": {
            "happy": 0.524606525898,
            "not_happy": 0.475393474102
        },
        "probability": 0.524606525898,
        "value": "happy"
    },
    "mood_party": {
        "all": {
            "not_party": 0.119116596878,
            "party": 0.880883395672
        },
        "probability": 0.880883395672,
        "value": "party"
    },
    "mood_relaxed": {
        "all": {
            "not_relaxed": 0.0770940184593,
            "relaxed": 0.922905981541
        },
        "probability": 0.922905981541,
        "value": "relaxed"
    },
    "mood_sad": {
        "all": {
            "not_sad": 0.806114733219,
            "sad": 0.193885266781
        },
        "probability": 0.806114733219,
        "value": "not_sad"
    },
    "moods_mirex": {
        "all": {
            "Cluster1": 0.0772268250585,
            "Cluster2": 0.1486287117,
            "Cluster3": 0.243053466082,
            "Cluster4": 0.315857410431,
            "Cluster5": 0.215233579278
        },
        "probability": 0.315857410431,
        "value": "Cluster4"
    },
    "timbre": {
        "all": {
            "bright": 0.0772069022059,
            "dark": 0.922793090343
        },
        "probability": 0.922793090343,
        "value": "dark"
    },
    "tonal_atonal": {
        "all": {
            "atonal": 1,
            "tonal": 8.21158072095e-11
        },
        "probability": 1,
        "value": "atonal"
    },
    "voice_instrumental": {
        "all": {
            "instrumental": 0.670728564262,
            "voice": 0.329271435738
        },
        "probability": 0.670728564262,
        "value": "instrumental"
    }
},
"lowlevel": {
    "average_loudness": 0.964535057545,
    "barkbands_crest": {
        "dmean": 3.3499712944,
        "dmean2": 5.33867359161,
        "dvar": 15.4388980865,
        "dvar2": 30.2827548981,
        "max": 26.3469638824,
        "mean": 16.9805030823,
        "median": 16.3921337128,
        "min": 2.14040136337,
        "stdev": 6.93658781052,
        "var": 48.1162528992
    },
    "barkbands_flatness_db": {
        "dmean": 0.0618286766112,
        "dmean2": 0.0847242623568,
        "dvar": 0.00409056339413,
        "dvar2": 0.00647993851453,
        "max": 0.842709124088,
        "mean": 0.33989533782,
        "median": 0.314964771271,
        "min": 0.010783623904,
        "stdev": 0.139414444566,
        "var": 0.0194363892078
    },
    "barkbands_kurtosis": {
        "dmean": 72.1753921509,
        "dmean2": 103.136550903,
        "dvar": 22193.28125,
        "dvar2": 41168.9296875,
        "max": 2279.78125,
        "mean": 106.266044617,
        "median": 16.6360168457,
        "min": -1.97948169708,
        "stdev": 224.882537842,
        "var": 50572.15625
    },
    "barkbands_skewness": {
        "dmean": 2.6315009594,
        "dmean2": 3.71160411835,
        "dvar": 11.2957401276,
        "dvar2": 20.8769893646,
        "max": 35.8050765991,
        "mean": 5.4624671936,
        "median": 3.26096320152,
        "min": -6.35026359558,
        "stdev": 5.92726278305,
        "var": 35.1324462891
    },
    "barkbands_spread": {
        "dmean": 11.1636152267,
        "dmean2": 17.4461460114,
        "dvar": 409.018585205,
        "dvar2": 785.916137695,
        "max": 109.748565674,
        "mean": 15.090508461,
        "median": 4.10487556458,
        "min": 0.0377483479679,
        "stdev": 24.2954826355,
        "var": 590.270507812
    },
    "dissonance": {
        "dmean": 0.0313533172011,
        "dmean2": 0.0511822998524,
        "dvar": 0.00142152747139,
        "dvar2": 0.00366099458188,
        "max": 0.500000178814,
        "mean": 0.448676526546,
        "median": 0.467766910791,
        "min": 0.0516650900245,
        "stdev": 0.0556618198752,
        "var": 0.00309823802672
    },
    "dynamic_complexity": 4.93462276459,
    "erbbands_crest": {
        "dmean": 3.86385822296,
        "dmean2": 5.97478103638,
        "dvar": 11.9082393646,
        "dvar2": 27.0188827515,
        "max": 31.2360401154,
        "mean": 12.394402504,
        "median": 11.2894878387,
        "min": 2.57672572136,
        "stdev": 5.64518547058,
        "var": 31.8681163788
    },
    "erbbands_flatness_db": {
        "dmean": 0.0306612420827,
        "dmean2": 0.0436285659671,
        "dvar": 0.000915671989787,
        "dvar2": 0.00169450277463,
        "max": 0.557049334049,
        "mean": 0.226532936096,
        "median": 0.212300390005,
        "min": 0.0646509379148,
        "stdev": 0.0660384520888,
        "var": 0.00436107674614
    },
    "erbbands_kurtosis": {
        "dmean": 5.99187850952,
        "dmean2": 9.3286151886,
        "dvar": 235.396957397,
        "dvar2": 487.433929443,
        "max": 381.219787598,
        "mean": 6.1106595993,
        "median": 0.867939710617,
        "min": -1.93148612976,
        "stdev": 18.945980072,
        "var": 358.950134277
    },
    "erbbands_skewness": {
        "dmean": 1.01327168941,
        "dmean2": 1.41111397743,
        "dvar": 1.41849410534,
        "dvar2": 2.50322890282,
        "max": 14.9340848923,
        "mean": 0.696099340916,
        "median": 0.583232522011,
        "min": -6.61009550095,
        "stdev": 1.98606479168,
        "var": 3.94445347786
    },
    "erbbands_spread": {
        "dmean": 18.5772914886,
        "dmean2": 29.6765346527,
        "dvar": 549.766784668,
        "dvar2": 1366.04138184,
        "max": 200.6615448,
        "mean": 43.3590545654,
        "median": 37.6153831482,
        "min": 0.53629553318,
        "stdev": 31.7612190247,
        "var": 1008.77502441
    },
    "hfc": {
        "dmean": 17.7264633179,
        "dmean2": 28.2901287079,
        "dvar": 1507.34790039,
        "dvar2": 3985.90942383,
        "max": 375.145355225,
        "mean": 22.4843387604,
        "median": 6.98910951614,
        "min": 1.1196060321e-16,
        "stdev": 37.3483161926,
        "var": 1394.89685059
    },
    "loudness_ebu128": {
        "integrated": -10.7029781342,
        "loudness_range": 5.25262832642,
        "momentary": {
            "dmean": 1.18043971062,
            "dmean2": 2.04989337921,
            "dvar": 1.60873663425,
            "dvar2": 3.89538741112,
            "max": -6.64382648468,
            "mean": -11.5821266174,
            "median": -10.2316417694,
            "min": -95.0051269531,
            "stdev": 4.59589958191,
            "var": 21.1222934723
        },
        "short_term": {
            "dmean": 0.192012488842,
            "dmean2": 0.287764430046,
            "dvar": 0.032746899873,
            "dvar2": 0.0513997711241,
            "max": -9.07471179962,
            "mean": -11.1668863297,
            "median": -10.4496183395,
            "min": -30.5435161591,
            "stdev": 2.31215620041,
            "var": 5.34606599808
        }
    },
    "melbands_crest": {
        "dmean": 4.04234600067,
        "dmean2": 6.1908993721,
        "dvar": 17.5477237701,
        "dvar2": 37.6210861206,
        "max": 36.7300300598,
        "mean": 24.8166275024,
        "median": 25.2243614197,
        "min": 1.75941193104,
        "stdev": 8.52033233643,
        "var": 72.5960617065
    },
    "melbands_flatness_db": {
        "dmean": 0.0767151117325,
        "dmean2": 0.0999325364828,
        "dvar": 0.00640434212983,
        "dvar2": 0.00944442022592,
        "max": 0.975930869579,
        "mean": 0.410736918449,
        "median": 0.390869140625,
        "min": 0.0038338447921,
        "stdev": 0.176993206143,
        "var": 0.0313265956938
    },
    "melbands_kurtosis": {
        "dmean": 93.8198699951,
        "dmean2": 144.044921875,
        "dvar": 35183.2226562,
        "dvar2": 76177.171875,
        "max": 2424.78027344,
        "mean": 146.548446655,
        "median": 34.5968170166,
        "min": -1.92641472816,
        "stdev": 260.290313721,
        "var": 67751.046875
    },
    "melbands_skewness": {
        "dmean": 2.71061944962,
        "dmean2": 4.10271596909,
        "dvar": 13.1229848862,
        "dvar2": 27.8632469177,
        "max": 37.3633613586,
        "mean": 6.80101156235,
        "median": 4.54375267029,
        "min": -2.70987224579,
        "stdev": 6.16875696182,
        "var": 38.0535621643
    },
    "melbands_spread": {
        "dmean": 12.1913757324,
        "dmean2": 19.0773868561,
        "dvar": 705.062316895,
        "dvar2": 1524.08178711,
        "max": 255.918670654,
        "mean": 14.4120864868,
        "median": 3.07103800774,
        "min": 0.0908934399486,
        "stdev": 28.9566307068,
        "var": 838.48651123
    },
    "pitch_salience": {
        "dmean": 0.101900048554,
        "dmean2": 0.164090245962,
        "dvar": 0.0144265238196,
        "dvar2": 0.0322107560933,
        "max": 0.933512806892,
        "mean": 0.322469383478,
        "median": 0.35248914361,
        "min": 0.00673726387322,
        "stdev": 0.203761398792,
        "var": 0.0415187068284
    },
    "silence_rate_20dB": {
        "dmean": 0.0858654230833,
        "dmean2": 0.171736121178,
        "dvar": 0.0784689933062,
        "dvar2": 0.142254278064,
        "max": 1,
        "mean": 0.817172527313,
        "median": 1,
        "min": 0,
        "stdev": 0.386510401964,
        "var": 0.149390280247
    },
    "silence_rate_30dB": {
        "dmean": 0.0912166312337,
        "dmean2": 0.182438880205,
        "dvar": 0.0828841775656,
        "dvar2": 0.156936898828,
        "max": 1,
        "mean": 0.714180290699,
        "median": 1,
        "min": 0,
        "stdev": 0.451789736748,
        "var": 0.204113960266
    },
    "silence_rate_60dB": {
        "dmean": 0.086234472692,
        "dmean2": 0.172474235296,
        "dvar": 0.0787783786654,
        "dvar2": 0.15714366734,
        "max": 1,
        "mean": 0.124119691551,
        "median": 0,
        "min": 0,
        "stdev": 0.329683214426,
        "var": 0.108691029251
    },
    "spectral_centroid": {
        "dmean": 546.188598633,
        "dmean2": 823.630493164,
        "dvar": 648670.5625,
        "dvar2": 1120227,
        "max": 11071.1289062,
        "mean": 1150.23571777,
        "median": 691.971252441,
        "min": 52.263584137,
        "stdev": 1199.0838623,
        "var": 1437802
    },
    "spectral_complexity": {
        "dmean": 3.53100013733,
        "dmean2": 5.16469335556,
        "dvar": 29.6120853424,
        "dvar2": 43.7369689941,
        "max": 62,
        "mean": 8.03422832489,
        "median": 5,
        "min": 0,
        "stdev": 9.56983566284,
        "var": 91.5817565918
    },
    "spectral_decrease": {
        "dmean": 1.62509152801e-08,
        "dmean2": 2.00237337822e-08,
        "dvar": 8.86261954717e-16,
        "dvar2": 1.21689708345e-15,
        "max": 5.31860720841e-29,
        "mean": -3.57769138759e-08,
        "median": -9.95551552307e-09,
        "min": -2.07785234352e-07,
        "stdev": 5.47772671666e-08,
        "var": 3.00054899411e-15
    },
    "spectral_energy": {
        "dmean": 0.0622532628477,
        "dmean2": 0.0774634107947,
        "dvar": 0.0127340154722,
        "dvar2": 0.0173896402121,
        "max": 0.788484573364,
        "mean": 0.137068942189,
        "median": 0.0389747358859,
        "min": 1.00713650131e-20,
        "stdev": 0.20776091516,
        "var": 0.0431645959616
    },
    "spectral_energyband_high": {
        "dmean": 0.00177562015597,
        "dmean2": 0.00308830221184,
        "dvar": 3.01988911815e-05,
        "dvar2": 8.03797738627e-05,
        "max": 0.0536846593022,
        "mean": 0.00128623330966,
        "median": 5.51007287868e-05,
        "min": 7.25003773622e-21,
        "stdev": 0.00455015478656,
        "var": 2.07039083762e-05
    },
    "spectral_energyband_low": {
        "dmean": 0.0599592216313,
        "dmean2": 0.0740601122379,
        "dvar": 0.012627998367,
        "dvar2": 0.0174694731832,
        "max": 0.778488576412,
        "mean": 0.126724720001,
        "median": 0.0309165418148,
        "min": 2.98184941444e-23,
        "stdev": 0.205309569836,
        "var": 0.042152017355
    },
    "spectral_energyband_middle_high": {
        "dmean": 0.00128513691016,
        "dmean2": 0.00190607795957,
        "dvar": 6.8683129939e-06,
        "dvar2": 1.27910143419e-05,
        "max": 0.086584508419,
        "mean": 0.00210531055927,
        "median": 0.000277324405033,
        "min": 1.4338501411e-21,
        "stdev": 0.00544611271471,
        "var": 2.96601447189e-05
    },
    "spectral_energyband_middle_low": {
        "dmean": 0.00580658903345,
        "dmean2": 0.00943794474006,
        "dvar": 0.000172040512552,
        "dvar2": 0.000460192008177,
        "max": 0.210728898644,
        "mean": 0.00793217960745,
        "median": 0.00307847606018,
        "min": 2.34812109856e-22,
        "stdev": 0.015493565239,
        "var": 0.000240050576394
    },
    "spectral_entropy": {
        "dmean": 0.450616061687,
        "dmean2": 0.614720284939,
        "dvar": 0.253558784723,
        "dvar2": 0.408350646496,
        "max": 9.81910228729,
        "mean": 6.82503557205,
        "median": 7.04744148254,
        "min": 3.21775364876,
        "stdev": 1.03304219246,
        "var": 1.0671762228
    },
    "spectral_flux": {
        "dmean": 0.0811324566603,
        "dmean2": 0.125533118844,
        "dvar": 0.0156203964725,
        "dvar2": 0.0339973755181,
        "max": 0.780477046967,
        "mean": 0.131388470531,
        "median": 0.0993507876992,
        "min": 6.55195203647e-11,
        "stdev": 0.137884557247,
        "var": 0.0190121531487
    },
    "spectral_kurtosis": {
        "dmean": 7.98840618134,
        "dmean2": 12.3244981766,
        "dvar": 326.665374756,
        "dvar2": 739.199584961,
        "max": 611.942260742,
        "mean": 13.0115299225,
        "median": 2.73250961304,
        "min": -1.48636484146,
        "stdev": 32.2462730408,
        "var": 1039.82214355
    },
    "spectral_rms": {
        "dmean": 0.00248143752106,
        "dmean2": 0.00305235665292,
        "dvar": 1.29496347654e-05,
        "dvar2": 1.6834708731e-05,
        "max": 0.0277354139835,
        "mean": 0.00870878063142,
        "median": 0.00616637105122,
        "min": 3.13460065196e-12,
        "stdev": 0.00760812638327,
        "var": 5.78835897613e-05
    },
    "spectral_rolloff": {
        "dmean": 813.956420898,
        "dmean2": 1442.23095703,
        "dvar": 3439287.25,
        "dvar2": 6905482.5,
        "max": 19013.8183594,
        "mean": 993.393981934,
        "median": 150.732421875,
        "min": 64.599609375,
        "stdev": 1980.67456055,
        "var": 3923071.5
    },
    "spectral_skewness": {
        "dmean": 0.766418993473,
        "dmean2": 1.1049041748,
        "dvar": 0.983404457569,
        "dvar2": 1.76457989216,
        "max": 21.2426776886,
        "mean": 1.93124377728,
        "median": 1.22637963295,
        "min": -0.555761873722,
        "stdev": 2.21279478073,
        "var": 4.89646100998
    },
    "spectral_spread": {
        "dmean": 848527.5625,
        "dmean2": 1252731.75,
        "dvar": 1.09890247066e+12,
        "dvar2": 2.10558032282e+12,
        "max": 42315592,
        "mean": 3904777.25,
        "median": 3754153.5,
        "min": 204213.671875,
        "stdev": 1741519.625,
        "var": 3.0328904745e+12
    },
    "spectral_strongpeak": {
        "dmean": 0.37958163023,
        "dmean2": 0.556947231293,
        "dvar": 1.01103377342,
        "dvar2": 2.56931734085,
        "max": 24.7546310425,
        "mean": 0.82266587019,
        "median": 0.478718936443,
        "min": 2.18443441113e-09,
        "stdev": 1.26871621609,
        "var": 1.60964071751
    },
    "zerocrossingrate": {
        "dmean": 0.0176633000374,
        "dmean2": 0.0206965766847,
        "dvar": 0.000733042950742,
        "dvar2": 0.000972563051619,
        "max": 0.7646484375,
        "mean": 0.0334399454296,
        "median": 0.013671875,
        "min": 0.001953125,
        "stdev": 0.0453711524606,
        "var": 0.00205854140222
    },
    "barkbands": {
        "dmean": [0.00282664899714, 0.0553865768015, 0.00904708821326, 0.00273508043028, 0.00186598766595, 0.000867058988661, 0.000138147574035, 0.000449550367193, 0.000433076609625, 0.000429856678238, 0.000408104038797, 0.000130032916786, 0.000118884912808, 0.000153589091497, 0.000296743499348, 8.5846746515e-05, 5.99030063313e-05, 0.000100091383501, 8.39485728648e-05, 0.000221501351916, 0.000128053085064, 0.000400021439418, 0.000813678081613, 0.000372190057533, 1.31916294777e-05, 1.22768559763e-08, 8.63794369366e-09],
        "dmean2": [0.00346228363924, 0.068002268672, 0.0166718047112, 0.00476339366287, 0.00313429231755, 0.00129838811699, 0.000236216495978, 0.000706448452547, 0.000576960737817, 0.000591736636125, 0.000618014950305, 0.000191413564608, 0.00017667238717, 0.00018668739358, 0.000464893440949, 0.000147189144627, 9.40198078752e-05, 0.000166744866874, 0.000137195107527, 0.000394054484786, 0.000213354898733, 0.000693311798386, 0.00142900075298, 0.00066085299477, 2.36068717641e-05, 2.16269455677e-08, 1.5521026242e-08],
        "dvar": [1.86896068044e-05, 0.0130820777267, 0.000348216854036, 5.72554527025e-05, 1.81584291568e-05, 1.9186973077e-06, 1.78188741984e-07, 6.02962245466e-06, 4.67453810415e-06, 6.33803574601e-06, 1.26466295569e-06, 1.48499850638e-07, 2.342488159e-07, 4.9290571269e-07, 9.80436539066e-07, 5.15046139071e-08, 2.63652619736e-08, 6.21645099841e-08, 6.6660774678e-08, 3.61968062634e-07, 8.01853090593e-08, 1.4985788539e-06, 7.25991912987e-06, 1.58998921052e-06, 2.07741779334e-09, 2.22127656506e-15, 4.22502681068e-16],
        "dvar2": [3.95737770305e-05, 0.0195199418813, 0.00105750036892, 0.000159664341481, 4.91156170028e-05, 4.17928777097e-06, 4.86182955228e-07, 1.4942843336e-05, 6.02803675065e-06, 9.5512250482e-06, 2.62493767877e-06, 2.75593862398e-07, 4.39130246832e-07, 6.25002257948e-07, 2.03874014915e-06, 1.372801961e-07, 5.26385264266e-08, 1.4788918179e-07, 1.57419862035e-07, 1.00279078197e-06, 2.02468882549e-07, 4.02189380111e-06, 1.93483701878e-05, 4.28887915405e-06, 5.70111557963e-09, 5.95415203415e-15, 1.21393384457e-15],
        "max": [0.046167973429, 0.75652718544, 0.155750125647, 0.0764513164759, 0.0383785367012, 0.0252718124539, 0.0138019090518, 0.0750338286161, 0.0899173691869, 0.108992390335, 0.0344642102718, 0.00959323812276, 0.0377435944974, 0.0312479659915, 0.0445060022175, 0.00425532786176, 0.00890272110701, 0.00469949049875, 0.0111559228972, 0.0112349549308, 0.00360086513683, 0.0139209674671, 0.0293072611094, 0.0121721765026, 0.000558626139536, 2.07974767363e-06, 7.52844414365e-07],
        "mean": [0.00485709309578, 0.113841116428, 0.00710923364386, 0.0021798745729, 0.00191032432485, 0.00153412192594, 0.000127083010739, 0.000543211877812, 0.000966004678048, 0.00073320401134, 0.000557187071536, 0.000157167451107, 0.000163210206665, 0.000273303536233, 0.000344589585438, 8.97240024642e-05, 8.34151142044e-05, 0.000105324790638, 0.000104147235106, 0.000177959445864, 0.000123090212583, 0.0002881178807, 0.000544781622011, 0.000246621028055, 8.55596499605e-06, 1.01423554e-08, 7.49815587398e-09],
        "median": [0.00182753778063, 0.0152179189026, 0.000743727956433, 0.000285909278318, 0.000578393810429, 0.00056202581618, 1.31549622893e-05, 1.92746083485e-05, 2.77151175396e-05, 1.60658964887e-05, 4.94105152029e-05, 7.23201901565e-06, 5.5602545217e-06, 6.64301433062e-06, 2.52977515629e-05, 7.00743930793e-06, 7.11490565664e-06, 1.26921904666e-05, 8.22384754429e-06, 1.84356540558e-05, 1.38450413942e-05, 1.24989956021e-05, 4.67495874545e-06, 2.76473633676e-06, 5.9107009065e-08, 1.16882115098e-09, 1.09001352389e-09],
        "min": [5.38486235779e-24, 4.3239536975e-24, 7.50026387262e-24, 1.1721665258e-23, 2.43446372324e-23, 5.8839328429e-24, 1.69654209102e-23, 1.62237117991e-23, 4.35996953656e-23, 3.52519818883e-23, 4.01138957303e-23, 2.41373230088e-23, 5.2962025962e-23, 4.48671455603e-23, 9.99921397719e-23, 1.02741452555e-22, 1.57428136715e-22, 1.19971253887e-22, 1.84167694125e-22, 2.69613724743e-22, 2.7149734788e-22, 3.46934412306e-22, 4.8358566934e-22, 6.80257654471e-22, 1.12394316836e-21, 1.37258031171e-21, 2.07309434913e-21],
        "stdev": [0.00713398680091, 0.19798925519, 0.0160376299173, 0.00627190480009, 0.00378783396445, 0.00220850436017, 0.000396446179366, 0.00283712567762, 0.00519026909024, 0.00440282048658, 0.0017587080365, 0.000498439534567, 0.000759185408242, 0.00150336383376, 0.00141326058656, 0.000248518044828, 0.000269031908829, 0.000285260699457, 0.00037321166019, 0.000505818286911, 0.000275524362223, 0.00100948440377, 0.00221834843978, 0.00102436530869, 3.64150255336e-05, 4.13485068407e-08, 1.91672615557e-08],
        "var": [5.08937664563e-05, 0.0391997471452, 0.000257205567323, 3.9336791815e-05, 1.43476854646e-05, 4.87749139211e-06, 1.57169580461e-07, 8.04928276921e-06, 2.69388947345e-05, 1.93848281924e-05, 3.09305391966e-06, 2.4844194968e-07, 5.76362481297e-07, 2.26010274673e-06, 1.99730538952e-06, 6.17612201381e-08, 7.23781639067e-08, 8.13736633631e-08, 1.39286939316e-07, 2.55852143027e-07, 7.59136682404e-08, 1.01905880001e-06, 4.92106983074e-06, 1.04932416889e-06, 1.32605415537e-09, 1.7096991581e-15, 3.6738389138e-16]
    },
    "erbbands": {
        "dmean": [2.3530933857, 10.7006921768, 11.1009931564, 9.34617519379, 8.01501274109, 6.03953123093, 7.89739608765, 5.55533409119, 2.87669110298, 2.78498888016, 11.6608257294, 5.86558008194, 23.7521495819, 9.05023479462, 11.3537807465, 5.44263362885, 6.05109643936, 7.99634552002, 9.413646698, 15.2028131485, 4.36163187027, 3.39449357986, 5.11999750137, 4.31823587418, 5.17393922806, 11.9236774445, 5.28368759155, 6.48901462555, 12.2487955093, 17.3575115204, 23.110786438, 11.3039484024, 4.55966901779, 0.438808619976, 0.0135049279779, 0.000976588809863, 0.000175111636054, 4.17682786065e-05, 3.83653168683e-05, 7.16987051419e-05],
        "dmean2": [2.7986843586, 12.7048749924, 19.2820987701, 17.0861244202, 13.2075386047, 10.4720458984, 12.2514839172, 8.52624511719, 4.56157207489, 4.50421857834, 18.4095058441, 8.68968296051, 30.1498947144, 13.0881223679, 17.1958026886, 7.92383384705, 8.54206466675, 9.63600349426, 13.1463060379, 24.9764194489, 7.26310634613, 5.28060245514, 8.60506725311, 6.85794734955, 8.7166967392, 21.3416595459, 8.93583393097, 10.9171457291, 21.0967197418, 30.1103553772, 40.7350196838, 20.1409492493, 8.01915550232, 0.761345505714, 0.0235819928348, 0.00169243791606, 0.000295482896036, 7.24830970285e-05, 5.29774151801e-05, 9.20186721487e-05],
        "dvar": [20.3459072113, 508.462615967, 489.291717529, 530.240234375, 411.37121582, 190.30960083, 186.316955566, 115.955329895, 90.8631515503, 60.3383979797, 4767.40527344, 544.508422852, 21510.8046875, 821.509765625, 947.159667969, 243.757461548, 678.736755371, 1512.47607422, 2325.09008789, 1988.8338623, 138.493560791, 92.1024017334, 176.718002319, 140.120452881, 194.574493408, 1186.36816406, 129.227737427, 247.993362427, 1319.79101562, 3014.70898438, 5954.38476562, 1480.19702148, 232.336746216, 2.04365944862, 0.00196235720068, 9.2732207122e-06, 2.31117610383e-07, 1.35054456507e-08, 3.5468963322e-09, 1.47563632424e-08],
        "dvar2": [25.0062885284, 931.456481934, 1416.80065918, 1574.08227539, 1082.77270508, 529.602111816, 429.359985352, 262.253509521, 218.868209839, 141.02331543, 12156.7324219, 905.955810547, 28175.2519531, 1759.14599609, 2061.24438477, 437.746124268, 1188.99133301, 1732.77600098, 4289.23144531, 5135.23095703, 356.971099854, 168.909225464, 433.6222229, 306.686584473, 464.176208496, 3322.51977539, 325.73425293, 638.607543945, 3515.04125977, 7984.18212891, 15974.3671875, 4017.74389648, 618.589111328, 5.38100194931, 0.00520574580878, 2.45996980084e-05, 6.14355940343e-07, 3.58307197246e-08, 6.48038644968e-09, 2.0293073888e-08],
        "max": [31.3208045959, 157.765594482, 172.655487061, 218.179244995, 183.647598267, 132.615371704, 157.544204712, 280.210418701, 362.276916504, 308.703369141, 2161.08154297, 944.871887207, 6449.65234375, 852.261108398, 998.594787598, 431.18661499, 2047.6940918, 1729.37438965, 1756.96508789, 1297.66931152, 227.413238525, 597.827880859, 276.290039062, 316.67868042, 756.954528809, 668.266662598, 152.54133606, 210.801757812, 433.504119873, 596.600708008, 864.121887207, 370.229858398, 155.690444946, 14.0869464874, 0.422097980976, 0.0283341202885, 0.0044067054987, 0.00119801191613, 0.000377246731659, 0.000850197509862],
        "mean": [4.96740484238, 18.8597583771, 10.659034729, 7.62026357651, 6.98787498474, 6.07131195068, 12.6066913605, 9.36970329285, 3.56146502495, 3.18376302719, 14.1657075882, 12.3537244797, 48.2868461609, 14.0797595978, 15.0308761597, 7.06876659393, 8.68251132965, 14.5508718491, 13.3373584747, 15.9223976135, 4.93230724335, 4.95649003983, 5.67290782928, 5.34765815735, 5.62331485748, 9.41992759705, 5.19778394699, 5.69364452362, 9.06660842896, 12.1246471405, 15.3098888397, 7.41367530823, 3.0661303997, 0.302906304598, 0.00929941982031, 0.000724947371054, 0.000152407810674, 3.25939508912e-05, 6.97578580002e-05, 0.000152437045472],
        "median": [0.703603088856, 2.64869570732, 2.03799724579, 1.26073396206, 0.793136239052, 1.66026115417, 3.10994267464, 3.61129570007, 0.553751587868, 0.350163638592, 0.47913852334, 0.547978341579, 0.828208088875, 1.29892683029, 1.56764101982, 0.387904644012, 0.273924708366, 0.378082364798, 0.5103738904, 1.54945027828, 0.449602067471, 0.440966963768, 0.65029078722, 0.527787566185, 0.585233747959, 1.02275693417, 0.65790104866, 0.488032341003, 0.466461032629, 0.260746091604, 0.135805889964, 0.0769722014666, 0.0284720491618, 0.00324340560474, 0.000255555816693, 5.59404361411e-05, 2.24379637075e-05, 4.14334908783e-06, 2.11002279684e-05, 4.51897576568e-05],
        "min": [3.04619383236e-22, 8.90287566461e-22, 6.48182888133e-21, 2.40597032609e-20, 4.68243680312e-20, 6.40325294315e-20, 4.01510561276e-20, 7.54105861653e-20, 3.17086452932e-19, 5.27835684495e-19, 6.90417672001e-19, 1.04832186925e-18, 1.29729527201e-18, 8.15705187614e-19, 1.7370774252e-18, 1.45742647846e-18, 2.567712344e-18, 2.56791438286e-18, 3.35230411515e-18, 6.1075558816e-18, 5.48352545081e-18, 8.27070514813e-18, 8.13424598966e-18, 6.40967450134e-18, 1.1386329729e-17, 1.37272682333e-17, 8.99437982346e-18, 1.2983776792e-17, 1.0964176449e-17, 1.59622680622e-17, 1.28005380884e-17, 1.23924055198e-17, 1.15601137582e-17, 1.15527353072e-17, 7.5712693463e-18, 4.30805920057e-18, 2.42399281449e-18, 1.07750418087e-18, 2.70452129647e-19, 2.92181776598e-20],
        "stdev": [8.4421339035, 34.7972717285, 20.4408054352, 18.5879764557, 18.1231250763, 11.9864444733, 19.0220470428, 16.5400753021, 10.7917976379, 9.86006355286, 75.8464813232, 54.7233695984, 300.70413208, 48.7069320679, 43.1050071716, 21.3923683167, 39.9085960388, 82.6702880859, 69.6531524658, 49.849281311, 13.6486415863, 16.6733818054, 15.4280719757, 16.2312755585, 20.0135135651, 28.1127681732, 11.7267274857, 14.1540546417, 30.2907848358, 45.6869163513, 63.0784950256, 31.0379543304, 12.5653390884, 1.19690024853, 0.0367416515946, 0.00252582179382, 0.000403743877541, 9.70876571955e-05, 9.54906499828e-05, 0.000223570066737],
        "var": [71.2696228027, 1210.85021973, 417.826507568, 345.5128479, 328.447631836, 143.674850464, 361.838287354, 273.57409668, 116.462898254, 97.2208557129, 5752.68847656, 2994.64697266, 90422.96875, 2372.36523438, 1858.04150391, 457.633392334, 1592.69604492, 6834.37597656, 4851.56201172, 2484.95092773, 186.285415649, 278.001647949, 238.025390625, 263.454284668, 400.540710449, 790.327697754, 137.516143799, 200.337265015, 917.531677246, 2087.29443359, 3978.89648438, 963.354614258, 157.887756348, 1.43257033825, 0.00134994904511, 6.37977518636e-06, 1.63009119092e-07, 9.42601285914e-09, 9.11846420593e-09, 4.99835728363e-08]
    },
    "gfcc": {
        "mean": [-124.027908325, 138.70300293, -93.3246612549, 78.2652282715, -46.2268066406, 22.7653236389, -3.36646986008, -10.4817047119, 8.08851623535, -17.6577415466, 10.9514608383, -5.99232292175, 15.7186069489],
        "cov": [[13612.8144531, -1034.05969238, -2875.56542969, 352.702514648, -819.165222168, 672.596496582, -15.7554473877, 180.850906372, 14.4551029205, -158.290740967, -208.342437744, -438.568267822, -107.173713684], [-1034.05969238, 2753.4831543, 788.796569824, -1120.43896484, 602.809631348, -828.084594727, 55.6403236389, -418.865600586, -61.9685516357, -65.1905593872, -139.14654541, -90.1328887939, -61.4623374939], [-2875.56542969, 788.796569824, 2941.30688477, -18.8193969727, 504.072296143, -212.625320435, -29.2752113342, -218.659576416, 44.8251571655, 124.535652161, 61.6067047119, 236.762939453, -17.6327838898], [352.702514648, -1120.43896484, -18.8193969727, 948.265991211, -171.857421875, 236.748184204, -43.8237037659, 80.7112579346, -6.40568494797, -48.2136421204, 117.828033447, 83.5840606689, 81.7438735962], [-819.165222168, 602.809631348, 504.072296143, -171.857421875, 1049.3001709, -119.578804016, 387.864929199, 79.4583816528, 129.606719971, 119.626441956, 66.7703094482, 121.931747437, 39.7579650879], [672.596496582, -828.084594727, -212.625320435, 236.748184204, -119.578804016, 477.710266113, 62.5955543518, 151.581985474, 75.8160858154, 33.5493087769, 53.472694397, 21.4724369049, 21.488609314], [-15.7554473877, 55.6403236389, -29.2752113342, -43.8237037659, 387.864929199, 62.5955543518, 428.874359131, 142.865844727, 47.5247535706, 72.767791748, 28.7178668976, 38.2163925171, 14.3573226929], [180.850906372, -418.865600586, -218.659576416, 80.7112579346, 79.4583816528, 151.581985474, 142.865844727, 226.413726807, 88.5176849365, 54.9980888367, 36.3826026917, 7.85339593887, 4.97510242462], [14.4551029205, -61.9685516357, 44.8251571655, -6.40568494797, 129.606719971, 75.8160858154, 47.5247535706, 88.5176849365, 189.784469604, 56.9897422791, 2.91534280777, -8.27766036987, -10.4887857437], [-158.290740967, -65.1905593872, 124.535652161, -48.2136421204, 119.626441956, 33.5493087769, 72.767791748, 54.9980888367, 56.9897422791, 121.000785828, 35.8786087036, 19.4418716431, 3.745429039], [-208.342437744, -139.14654541, 61.6067047119, 117.828033447, 66.7703094482, 53.472694397, 28.7178668976, 36.3826026917, 2.91534280777, 35.8786087036, 115.557632446, 54.0543899536, 40.1406173706], [-438.568267822, -90.1328887939, 236.762939453, 83.5840606689, 121.931747437, 21.4724369049, 38.2163925171, 7.85339593887, -8.27766036987, 19.4418716431, 54.0543899536, 122.390777588, 55.029083252], [-107.173713684, -61.4623374939, -17.6327838898, 81.7438735962, 39.7579650879, 21.488609314, 14.3573226929, 4.97510242462, -10.4887857437, 3.745429039, 40.1406173706, 55.029083252, 133.126266479]],
        "icov": [[0.000118327327073, -0.000252967991401, 0.000135550959385, -0.000287013477646, 4.28770727012e-05, -0.000394620205043, 0.000108721425931, -0.000192106090253, 0.0001613626373, -0.000339342252119, 0.000368560518837, 2.4476161343e-05, 0.000120018194139], [-0.000252967991401, 0.00568612711504, -0.00117522210348, 0.00516102975234, -0.00142997142393, 0.00550183979794, -0.00284220767207, 0.00659253587946, -0.00314294127747, 0.00680879037827, -0.004830902908, 0.00481724087149, -0.00227784062736], [0.000135550959385, -0.00117522210348, 0.000867862254381, -0.00120970420539, 0.000119402982818, -0.00115016580094, 0.000697502749972, -0.000527753552888, 0.000383926846553, -0.00207499577664, 0.0012643833179, -0.00201205071062, 0.00105787382927], [-0.000287013477646, 0.00516102975234, -0.00120970420539, 0.00631168810651, -0.00099123257678, 0.00459237443283, -0.00250066723675, 0.00542175490409, -0.00300529249944, 0.0075487117283, -0.0058816713281, 0.00372635968961, -0.00247830990702], [4.28770727012e-05, -0.00142997142393, 0.000119402982818, -0.00099123257678, 0.00267016119324, -0.000432549626566, -0.00123889977112, -0.00130104168784, -0.000856139755342, -0.00169018248562, 0.000332949042786, -0.00270716845989, 0.000452143111033], [-0.000394620205043, 0.00550183979794, -0.00115016580094, 0.00459237443283, -0.000432549626566, 0.00894255097955, -0.00337951187976, 0.00499292556196, -0.0042961970903, 0.00633986480534, -0.00548490602523, 0.00342069542967, -0.00216320180334], [0.000108721425931, -0.00284220767207, 0.000697502749972, -0.00250066723675, -0.00123889977112, -0.00337951187976, 0.00635938206688, -0.00584529526532, 0.00337593536824, -0.00439014425501, 0.00341483880766, -0.00221819872968, 0.00112806458492], [-0.000192106090253, 0.00659253587946, -0.000527753552888, 0.00542175490409, -0.00130104168784, 0.00499292556196, -0.00584529526532, 0.017249872908, -0.00679413415492, 0.00600105244666, -0.00657997559756, 0.00486963661388, -0.00167468434665], [0.0001613626373, -0.00314294127747, 0.000383926846553, -0.00300529249944, -0.000856139755342, -0.0042961970903, 0.00337593536824, -0.00679413415492, 0.0105327395722, -0.00628480920568, 0.00455414643511, -0.000257706415141, 0.00115405558608], [-0.000339342252119, 0.00680879037827, -0.00207499577664, 0.0075487117283, -0.00169018248562, 0.00633986480534, -0.00439014425501, 0.00600105244666, -0.00628480920568, 0.0215313211083, -0.010161682032, 0.00615686224774, -0.0028910106048], [0.000368560518837, -0.004830902908, 0.0012643833179, -0.0058816713281, 0.000332949042786, -0.00548490602523, 0.00341483880766, -0.00657997559756, 0.00455414643511, -0.010161682032, 0.0186292007565, -0.0072191497311, 0.000520582834724], [2.4476161343e-05, 0.00481724087149, -0.00201205071062, 0.00372635968961, -0.00270716845989, 0.00342069542967, -0.00221819872968, 0.00486963661388, -0.000257706415141, 0.00615686224774, -0.0072191497311, 0.0207952074707, -0.00660996744409], [0.000120018194139, -0.00227784062736, 0.00105787382927, -0.00247830990702, 0.000452143111033, -0.00216320180334, 0.00112806458492, -0.00167468434665, 0.00115405558608, -0.0028910106048, 0.000520582834724, -0.00660996744409, 0.0111211827025]]
    },
    "melbands": {
        "dmean": [0.017744936049, 0.00734867854044, 0.0016327771591, 0.00043345298036, 0.000276182952803, 0.000132865898195, 4.14754395024e-05, 4.224179429e-05, 8.80052612047e-05, 5.224511915e-05, 0.000114681119157, 3.31792507495e-05, 5.30159777554e-05, 1.51716812979e-05, 1.37918295877e-05, 1.21676075651e-05, 1.50173073052e-05, 1.55540965352e-05, 1.83085157914e-05, 1.3453700376e-05, 4.19573052568e-06, 3.55134079655e-06, 4.0203926801e-06, 5.38854419574e-06, 3.34549554282e-06, 3.43572764905e-06, 6.17143723503e-06, 7.83538325777e-06, 3.96511450163e-06, 2.21579830395e-06, 4.4814382818e-06, 5.04161562276e-06, 1.1020585589e-05, 1.10970904643e-05, 1.51704107338e-05, 1.05097196865e-05, 5.73191391595e-06, 4.1660377974e-06, 1.00998806829e-06, 1.02240839794e-07],
        "dmean2": [0.0216902792454, 0.010109023191, 0.0029113125056, 0.000725249119569, 0.000442543037934, 0.000201577116968, 6.5920270572e-05, 6.56762058497e-05, 0.000140441290569, 6.97356008459e-05, 0.000145695812535, 5.00485184602e-05, 8.05148010841e-05, 2.21877871809e-05, 1.95705633814e-05, 1.67266116478e-05, 1.80430688488e-05, 2.14213632717e-05, 2.88827432087e-05, 2.28218996199e-05, 6.96097049513e-06, 5.60269882044e-06, 6.53947654428e-06, 8.97829704627e-06, 5.23322523804e-06, 5.62653622183e-06, 1.09343482109e-05, 1.40014080898e-05, 6.82926065565e-06, 3.56556506631e-06, 7.65289314586e-06, 8.60038380779e-06, 1.92856987269e-05, 1.92780535144e-05, 2.66942261078e-05, 1.87417372217e-05, 1.02297390185e-05, 7.39403230909e-06, 1.71687088368e-06, 1.85139029441e-07],
        "dvar": [0.00128320150543, 0.000191924482351, 1.53807668539e-05, 1.12010616249e-06, 2.50159416737e-07, 5.91942281858e-08, 1.71324767706e-08, 1.85244282136e-08, 2.88752005417e-07, 6.20835010068e-08, 4.99378586483e-07, 1.21320598012e-08, 2.2154448942e-08, 1.70068248373e-09, 2.08905759358e-09, 2.7166273675e-09, 5.34261657137e-09, 6.96516444521e-09, 3.96348909248e-09, 1.3777357033e-09, 1.53930909685e-10, 1.00003526293e-10, 1.50020273981e-10, 1.66334696017e-10, 1.02841617167e-10, 1.26486848773e-10, 3.44397704799e-10, 4.56838150642e-10, 8.94418220043e-11, 1.96387784507e-11, 1.37846137283e-10, 1.98953270525e-10, 1.24154342362e-09, 1.26816990242e-09, 2.55199461563e-09, 1.28930888188e-09, 3.83505310841e-10, 2.00326852329e-10, 1.01300955471e-11, 1.3104608002e-13],
        "dvar2": [0.00176078779623, 0.000447137601441, 4.48027094535e-05, 3.01082900478e-06, 6.22416621354e-07, 1.32059795988e-07, 4.05583726604e-08, 3.94664496639e-08, 7.57555312703e-07, 8.07701994177e-08, 6.55437872865e-07, 2.68738880038e-08, 4.73154422309e-08, 3.12125902902e-09, 3.91111099063e-09, 3.91991328286e-09, 6.14411277411e-09, 1.27481287748e-08, 8.81229222927e-09, 3.67325858619e-09, 3.91755100582e-10, 1.9003038032e-10, 3.56222051856e-10, 4.02860939053e-10, 2.29279692454e-10, 3.14859999184e-10, 9.41723476977e-10, 1.27288668494e-09, 2.35799380022e-10, 4.47022557859e-11, 3.62399582565e-10, 5.22989429541e-10, 3.36266570145e-09, 3.33647909301e-09, 6.82001166652e-09, 3.50702378249e-09, 1.04090158715e-09, 5.39279787493e-10, 2.58315053375e-11, 3.63681334397e-13],
        "max": [0.243949979544, 0.105354852974, 0.035072170198, 0.00858845189214, 0.00544521259144, 0.00581051362678, 0.00485782464966, 0.00419524312019, 0.0173925310373, 0.0106053035706, 0.0310347881168, 0.00339872320183, 0.00478918943554, 0.00086721777916, 0.00148808490485, 0.0042504761368, 0.00324895814992, 0.00305298878811, 0.00417020265013, 0.000680418743286, 0.000253479491221, 0.000578630249947, 0.000279890256934, 0.00020494882483, 0.00028896148433, 0.00064248801209, 0.000527502445038, 0.000403097190429, 0.000129300795379, 7.73187930463e-05, 0.000154773850227, 0.000184031523531, 0.000378092954634, 0.00037786673056, 0.000596310594119, 0.000378203054424, 0.000192637424334, 0.000148607126903, 3.45436674252e-05, 3.90818559026e-06],
        "mean": [0.0371653549373, 0.0109861195087, 0.00135497259907, 0.000410472246585, 0.000414657901274, 0.000229482087889, 4.93826519232e-05, 5.19296700077e-05, 0.000103588194179, 0.000111387598736, 0.000231491780141, 4.47687161795e-05, 6.93617766956e-05, 1.93349587789e-05, 1.8033415472e-05, 1.81615960173e-05, 2.62986177404e-05, 2.07479788514e-05, 2.16523949348e-05, 1.31074020828e-05, 4.68113103125e-06, 5.13657414558e-06, 4.8067431635e-06, 5.4465544963e-06, 4.0870754674e-06, 4.0830150283e-06, 5.05283651364e-06, 6.17817249804e-06, 3.6648209516e-06, 2.362279929e-06, 3.66028439203e-06, 3.90191189581e-06, 7.58787837185e-06, 7.66745597502e-06, 1.00623992694e-05, 6.82930203766e-06, 3.75877607439e-06, 2.74071180684e-06, 7.26723953903e-07, 6.46045705821e-08],
