{
"highlevel": {
    "danceability": {
        "all": {
            "danceable": 0.999999880791,
            "not_danceable": 1.00000008274e-07
        },
        "probability": 0.999999880791,
        "value": "danceable"
    },
    "gender": {
        "all": {
            "female": 0.570323348045,
            "male": 0.429676681757
        },
        "probability": 0.570323348045,
        "value": "female"
    },
    "genre_electronic": {
        "all": {
            "ambient": 0.0628774017096,
            "dnb": 0.0226275157183,
            "house": 0.665121197701,
            "techno": 0.113574057817,
            "trance": 0.135799825191
        },
        "probability": 0.665121197701,
        "value": "house"
    },
    "mood_acoustic": {
        "all": {
            "acoustic": 0.00620626099408,
            "not_acoustic": 0.993793725967
        },
        "probability": 0.993793725967,
        "value": "not_acoustic"
    },
    "mood_aggressive": {
        "all": {
            "aggressive": 0.94633179903,
            "not_aggressive": 0.053668204695
        },
        "probability": 0.94633179903,
        "value": "aggressive"
    },
    "mood_electronic": {
        "all": {
            "electronic": 0.990550756454,
            "not_electronic": 0.00944925937802
        },
        "probability": 0.990550756454,
        "value": "electronic"
    },
    "mood_happy": {
        "all": {
            "happy": 0.522500991821,
            "not_happy": 0.477499008179
        },
        "probability": 0.522500991821,
        "value": "happy"
    },
    "mood_party": {
        "all": {
            "not_party": 0.0246942713857,
            "party": 0.975305736065
        },
        "probability": 0.975305736065,
        "value": "party"
    },
    "mood_relaxed": {
        "all": {
            "not_relaxed": 0.0325509309769,
            "relaxed": 0.967449069023
        },
        "probability": 0.967449069023,
        "value": "relaxed"
    },
    "mood_sad": {
        "all": {
            "not_sad": 0.984395384789,
            "sad": 0.0156046273187
        },
        "probability": 0.984395384789,
        "value": "not_sad"
    },
    "moods_mirex": {
        "all": {
            "Cluster1": 0.0680435374379,
            "Cluster2": 0.12864883244,
            "Cluster3": 0.0432475395501,
            "Cluster4": 0.629127025604,
            "Cluster5": 0.130933046341
        },
        "probability": 0.629127025604,
        "value": "Cluster4"
    },
    "timbre": {
        "all": {
            "bright": 0.00123647996224,
            "dark": 0.998763501644
        },
        "probability": 0.998763501644,
        "value": "dark"
    },
    "tonal_atonal": {
        "all": {
            "atonal": 1,
            "tonal": 1.1568950008e-12
        },
        "probability": 1,
        "value": "atonal"
    },
    "voice_instrumental": {
        "all": {
            "instrumental": 0.973429977894,
            "voice": 0.0265700351447
        },
        "probability": 0.973429977894,
        "value": "instrumental"
    }
},
"lowlevel": {
    "average_loudness": 0.837389886379,
    "barkbands_crest": {
        "dmean": 2.85442042351,
        "dmean2": 4.42007398605,
        "dvar": 9.55748748779,
        "dvar2": 21.8306217194,
        "max": 26.7341861725,
        "mean": 17.2069835663,
        "median": 19.3448162079,
        "min": 2.0794916153,
        "stdev": 6.36734437943,
        "var": 40.5430755615
    },
    "barkbands_flatness_db": {
        "dmean": 0.037545144558,
        "dmean2": 0.0520276539028,
        "dvar": 0.00144520017784,
        "dvar2": 0.00239707017317,
        "max": 0.619138836861,
        "mean": 0.223013237119,
        "median": 0.219483807683,
        "min": 0.0238128695637,
        "stdev": 0.0933985561132,
        "var": 0.00872328970581
    },
    "barkbands_kurtosis": {
        "dmean": 24.2371311188,
        "dmean2": 35.7341918945,
        "dvar": 2267.171875,
        "dvar2": 4588.61279297,
        "max": 1529.1739502,
        "mean": 44.8380279541,
        "median": 10.1191082001,
        "min": -1.80075633526,
        "stdev": 82.7618713379,
        "var": 6849.52783203
    },
    "barkbands_skewness": {
        "dmean": 1.38819134235,
        "dmean2": 1.99792218208,
        "dvar": 2.65795040131,
        "dvar2": 4.72574043274,
        "max": 36.0109405518,
        "mean": 4.33017873764,
        "median": 2.98178720474,
        "min": -2.62467002869,
        "stdev": 3.90511035919,
        "var": 15.2498865128
    },
    "barkbands_spread": {
        "dmean": 4.03715467453,
        "dmean2": 6.29158067703,
        "dvar": 28.0766849518,
        "dvar2": 62.5081062317,
        "max": 68.3554611206,
        "mean": 10.8795728683,
        "median": 7.78780651093,
        "min": 0.102998889983,
        "stdev": 10.2513408661,
        "var": 105.089981079
    },
    "dissonance": {
        "dmean": 0.0190794281662,
        "dmean2": 0.0324331484735,
        "dvar": 0.000399851734983,
        "dvar2": 0.00109243637417,
        "max": 0.500000238419,
        "mean": 0.469175130129,
        "median": 0.476854741573,
        "min": 0.168561339378,
        "stdev": 0.0303207654506,
        "var": 0.000919348793104
    },
    "dynamic_complexity": 4.39095830917,
    "erbbands_crest": {
        "dmean": 2.68231940269,
        "dmean2": 4.39990711212,
        "dvar": 5.52868795395,
        "dvar2": 13.9136590958,
        "max": 29.8165874481,
        "mean": 8.62942886353,
        "median": 7.91856193542,
        "min": 2.25900816917,
        "stdev": 3.71680498123,
        "var": 13.8146390915
    },
    "erbbands_flatness_db": {
        "dmean": 0.0161758270115,
        "dmean2": 0.0246935393661,
        "dvar": 0.000285816116957,
        "dvar2": 0.000536331499461,
        "max": 0.448873341084,
        "mean": 0.151863977313,
        "median": 0.142317473888,
        "min": 0.0673038884997,
        "stdev": 0.0537436939776,
        "var": 0.00288838450797
    },
    "erbbands_kurtosis": {
        "dmean": 0.907240092754,
        "dmean2": 1.45610165596,
        "dvar": 1.55718290806,
        "dvar2": 3.64878821373,
        "max": 77.7375411987,
        "mean": 0.954707205296,
        "median": 0.339928507805,
        "min": -1.68008708954,
        "stdev": 2.41366100311,
        "var": 5.82575893402
    },
    "erbbands_skewness": {
        "dmean": 0.334717124701,
        "dmean2": 0.538590073586,
        "dvar": 0.0840066000819,
        "dvar2": 0.208473160863,
        "max": 5.90159654617,
        "mean": 0.380034327507,
        "median": 0.339669525623,
        "min": -2.75371527672,
        "stdev": 0.628294885159,
        "var": 0.394754439592
    },
    "erbbands_spread": {
        "dmean": 7.87143468857,
        "dmean2": 12.1664581299,
        "dvar": 58.8375015259,
        "dvar2": 132.736297607,
        "max": 123.452949524,
        "mean": 37.9316368103,
        "median": 34.718788147,
        "min": 1.25648653507,
        "stdev": 19.6603240967,
        "var": 386.528320312
    },
    "hfc": {
        "dmean": 9.10774517059,
        "dmean2": 13.4711694717,
        "dvar": 171.27557373,
        "dvar2": 374.999755859,
        "max": 234.898468018,
        "mean": 26.9743976593,
        "median": 20.1559009552,
        "min": 1.12376589031e-16,
        "stdev": 23.1856861115,
        "var": 537.576049805
    },
    "loudness_ebu128": {
        "integrated": -11.6905860901,
        "loudness_range": 10.7580223083,
        "momentary": {
            "dmean": 0.846764445305,
            "dmean2": 0.948776423931,
            "dvar": 8.90983867645,
            "dvar2": 6.88706684113,
            "max": -7.56038999557,
            "mean": -14.8413381577,
            "median": -12.8922462463,
            "min": -287.042327881,
            "stdev": 9.70073795319,
            "var": 94.1043243408
        },
        "short_term": {
            "dmean": 0.110827200115,
            "dmean2": 0.089058585465,
            "dvar": 0.0334460698068,
            "dvar2": 0.0121688218787,
            "max": -9.20861148834,
            "mean": -13.797203064,
            "median": -12.0781764984,
            "min": -58.4666061401,
            "stdev": 5.74916315079,
            "var": 33.0528793335
        }
    },
    "melbands_crest": {
        "dmean": 3.74490499496,
        "dmean2": 5.52354383469,
        "dvar": 15.5440607071,
        "dvar2": 37.3878440857,
        "max": 38.1758346558,
        "mean": 25.0690937042,
        "median": 27.0726089478,
        "min": 1.07857060432,
        "stdev": 8.98728847504,
        "var": 80.7713623047
    },
    "melbands_flatness_db": {
        "dmean": 0.0413878299296,
        "dmean2": 0.0573306642473,
        "dvar": 0.00173128535971,
        "dvar2": 0.0029429574497,
        "max": 0.7247377038,
        "mean": 0.310704559088,
        "median": 0.317899644375,
        "min": 0.000509785837494,
        "stdev": 0.116614699364,
        "var": 0.013598988764
    },
    "melbands_kurtosis": {
        "dmean": 44.1707382202,
        "dmean2": 63.2356300354,
        "dvar": 6777.69189453,
        "dvar2": 12849.9482422,
        "max": 2197.34033203,
        "mean": 90.7272567749,
        "median": 22.2789039612,
        "min": -1.73899328709,
        "stdev": 168.119644165,
        "var": 28264.2148438
    },
    "melbands_skewness": {
        "dmean": 1.67064058781,
        "dmean2": 2.39951896667,
        "dvar": 3.45353627205,
        "dvar2": 6.45746660233,
        "max": 35.5023460388,
        "mean": 5.93436384201,
        "median": 4.19277095795,
        "min": -1.14662146568,
        "stdev": 5.08223056793,
        "var": 25.8290653229
    },
    "melbands_spread": {
        "dmean": 4.0744934082,
        "dmean2": 6.36774492264,
        "dvar": 30.4046497345,
        "dvar2": 69.3793487549,
        "max": 152.986450195,
        "mean": 11.7212734222,
        "median": 6.63566398621,
        "min": 0.077450402081,
        "stdev": 15.5882425308,
        "var": 242.993301392
    },
    "pitch_salience": {
        "dmean": 0.0872576981783,
        "dmean2": 0.136615157127,
        "dvar": 0.0106822131202,
        "dvar2": 0.0245495848358,
        "max": 0.996351838112,
        "mean": 0.327421396971,
        "median": 0.283638119698,
        "min": 0.0079971505329,
        "stdev": 0.207377463579,
        "var": 0.0430054143071
    },
    "silence_rate_20dB": {
        "dmean": 0.0569477640092,
        "dmean2": 0.113903306425,
        "dvar": 0.0537020079792,
        "dvar2": 0.101061314344,
        "max": 1,
        "mean": 0.763143539429,
        "median": 1,
        "min": 0,
        "stdev": 0.425162374973,
        "var": 0.180763036013
    },
    "silence_rate_30dB": {
        "dmean": 0.111437350512,
        "dmean2": 0.222889915109,
        "dvar": 0.0990230962634,
        "dvar2": 0.212102502584,
        "max": 1,
        "mean": 0.448791474104,
        "median": 0,
        "min": 0,
        "stdev": 0.497352361679,
        "var": 0.247359380126
    },
    "silence_rate_60dB": {
        "dmean": 0.00628200732172,
        "dmean2": 0.0125648733228,
        "dvar": 0.00624217418954,
        "dvar2": 0.0139093045145,
        "max": 1,
        "mean": 0.0774272829294,
        "median": 0,
        "min": 0,
        "stdev": 0.267245680094,
        "var": 0.0714202523232
    },
    "spectral_centroid": {
        "dmean": 214.305465698,
        "dmean2": 325.553344727,
        "dvar": 76036.515625,
        "dvar2": 143596.375,
        "max": 11576.9394531,
        "mean": 1055.15722656,
        "median": 853.842529297,
        "min": 114.733726501,
        "stdev": 692.630065918,
        "var": 479736.375
    },
    "spectral_complexity": {
        "dmean": 5.12024593353,
        "dmean2": 7.48033332825,
        "dvar": 47.2010498047,
        "dvar2": 81.1617355347,
        "max": 62,
        "mean": 18.5750370026,
        "median": 16,
        "min": 0,
        "stdev": 11.3355922699,
        "var": 128.495651245
    },
    "spectral_decrease": {
        "dmean": 2.66915467506e-08,
        "dmean2": 3.82217848482e-08,
        "dvar": 1.5605781607e-15,
        "dvar2": 2.86259803195e-15,
        "max": 8.74362264176e-29,
        "mean": -6.17070483599e-08,
        "median": -2.83517458399e-08,
        "min": -3.58126499123e-07,
        "stdev": 7.90743541756e-08,
        "var": 6.25275359443e-15
    },
    "spectral_energy": {
        "dmean": 0.10129725188,
        "dmean2": 0.145000785589,
        "dvar": 0.0223877783865,
        "dvar2": 0.041091311723,
        "max": 1.35884380341,
        "mean": 0.235343545675,
        "median": 0.109206780791,
        "min": 1.02590073808e-20,
        "stdev": 0.29994559288,
        "var": 0.0899673625827
    },
    "spectral_energyband_high": {
        "dmean": 0.000387860432966,
        "dmean2": 0.000591424352024,
        "dvar": 1.05949129647e-06,
        "dvar2": 2.64853974841e-06,
        "max": 0.0232543181628,
        "mean": 0.000598051119596,
        "median": 0.00025515613379,
        "min": 7.25955273665e-21,
        "stdev": 0.00111935206223,
        "var": 1.25294900499e-06
    },
    "spectral_energyband_low": {
        "dmean": 0.100989505649,
        "dmean2": 0.144745022058,
        "dvar": 0.0228044260293,
        "dvar2": 0.0415904521942,
        "max": 1.33945441246,
        "mean": 0.219568297267,
        "median": 0.0900420099497,
        "min": 2.4458651299e-23,
        "stdev": 0.2982660532,
        "var": 0.088962636888
    },
    "spectral_energyband_middle_high": {
        "dmean": 0.0021441616118,
        "dmean2": 0.00343934982084,
        "dvar": 1.036399226e-05,
        "dvar2": 2.61155146291e-05,
        "max": 0.0620383657515,
        "mean": 0.00483832322061,
        "median": 0.00285682268441,
        "min": 1.20274555128e-21,
        "stdev": 0.00507604097947,
        "var": 2.5766194085e-05
    },
    "spectral_energyband_middle_low": {
        "dmean": 0.00429905951023,
        "dmean2": 0.00721825892106,
        "dvar": 5.2700364904e-05,
        "dvar2": 0.000143525321619,
        "max": 0.081696882844,
        "mean": 0.0106028253213,
        "median": 0.00858682207763,
        "min": 1.2895903017e-22,
        "stdev": 0.00925666373223,
        "var": 8.56858314364e-05
    },
    "spectral_entropy": {
        "dmean": 0.145170539618,
        "dmean2": 0.22003005445,
        "dvar": 0.0250133387744,
        "dvar2": 0.041245020926,
        "max": 9.81461715698,
        "mean": 7.55173444748,
        "median": 7.59358406067,
        "min": 5.20363807678,
        "stdev": 0.460853666067,
        "var": 0.212386101484
    },
    "spectral_flux": {
        "dmean": 0.0728547498584,
        "dmean2": 0.11769438535,
        "dvar": 0.00792505312711,
        "dvar2": 0.0212450381368,
        "max": 0.798367798328,
        "mean": 0.164277389646,
        "median": 0.134900599718,
        "min": 6.63515839494e-11,
        "stdev": 0.132052287459,
        "var": 0.017437806353
    },
    "spectral_kurtosis": {
        "dmean": 1.94924461842,
        "dmean2": 3.34827661514,
        "dvar": 33.9849967957,
        "dvar2": 103.190750122,
        "max": 258.288360596,
        "mean": 7.45014286041,
        "median": 4.16256809235,
        "min": -1.25770640373,
        "stdev": 19.5975151062,
        "var": 384.06262207
    },
    "spectral_rms": {
        "dmean": 0.00285912351683,
        "dmean2": 0.00400974135846,
        "dvar": 1.08026561065e-05,
        "dvar2": 1.81224604603e-05,
        "max": 0.0364101789892,
        "mean": 0.0122462771833,
        "median": 0.010321976617,
        "min": 3.16366681116e-12,
        "stdev": 0.00892365816981,
        "var": 7.96316744527e-05
    },
    "spectral_rolloff": {
        "dmean": 238.424057007,
        "dmean2": 406.72756958,
        "dvar": 177826.71875,
        "dvar2": 435363.34375,
        "max": 19143.0175781,
        "mean": 661.834655762,
        "median": 193.798828125,
        "min": 43.06640625,
        "stdev": 1223.78759766,
        "var": 1497656
    },
    "spectral_skewness": {
        "dmean": 0.20952680707,
        "dmean2": 0.345555752516,
        "dvar": 0.0860765725374,
        "dvar2": 0.253954231739,
        "max": 12.4932899475,
        "mean": 1.84390377998,
        "median": 1.66414904594,
        "min": -0.0522250384092,
        "stdev": 1.12739086151,
        "var": 1.27101016045
    },
    "spectral_spread": {
        "dmean": 347675.625,
        "dmean2": 533808.75,
        "dvar": 280651333632,
        "dvar2": 464818110464,
        "max": 42350932,
        "mean": 4306943,
        "median": 4347833,
        "min": 402810.8125,
        "stdev": 1715449,
        "var": 2.9427653673e+12
    },
    "spectral_strongpeak": {
        "dmean": 0.329825401306,
        "dmean2": 0.524336218834,
        "dvar": 0.175953149796,
        "dvar2": 0.40262556076,
        "max": 7.27400588989,
        "mean": 0.867608428001,
        "median": 0.711861371994,
        "min": 0,
        "stdev": 0.703299939632,
        "var": 0.494630783796
    },
    "zerocrossingrate": {
        "dmean": 0.0062813074328,
        "dmean2": 0.00767329102382,
        "dvar": 5.46197625226e-05,
        "dvar2": 6.99928859831e-05,
        "max": 0.77587890625,
        "mean": 0.0301560517401,
        "median": 0.01708984375,
        "min": 0.00146484375,
        "stdev": 0.0394224300981,
        "var": 0.001554127899
    },
    "barkbands": {
        "dmean": [0.0108291218057, 0.0948405638337, 0.00420937221497, 0.00114372489043, 0.00129984342493, 0.00132656807546, 0.000834653503262, 0.000831300218124, 0.00128217658494, 0.000714140362106, 0.000632866402157, 0.000380265817512, 0.000606019515544, 0.000247468618909, 0.000313852302497, 0.000172804822796, 0.000110637542093, 0.000140902368003, 0.000143114666571, 0.000145946265548, 0.000108931781142, 7.55120490794e-05, 5.51658085897e-05, 4.4787000661e-05, 3.59758487321e-05, 1.6226182197e-05, 3.30956413563e-06],
        "dmean2": [0.011907399632, 0.138492107391, 0.00698471534997, 0.00201430125162, 0.00221516541205, 0.00224523385987, 0.0013820102904, 0.001357243862, 0.00215063011274, 0.00121507048607, 0.00107874756213, 0.000645277730655, 0.00103361392394, 0.000400571530918, 0.000527918047737, 0.000278456194792, 0.000178512782441, 0.000227071504924, 0.000228798860917, 0.000234818900935, 0.000168890197529, 0.000118782518257, 8.62536835484e-05, 7.06353966962e-05, 5.66279813938e-05, 2.47600546572e-05, 5.21231731909e-06],
        "dvar": [0.000319002137985, 0.0212646313012, 0.000140376549098, 7.05680213287e-06, 6.02881073064e-06, 3.88972694054e-06, 1.32917978135e-06, 2.14846772906e-06, 3.9814608499e-06, 1.87489729342e-06, 1.30420210098e-06, 9.2786717687e-07, 1.42439398587e-06, 1.9262873252e-07, 3.54945854042e-07, 1.33456808271e-07, 9.86987132023e-08, 2.1770901526e-07, 2.99154123695e-07, 1.61343962191e-07, 9.77295755433e-08, 3.31992282554e-08, 2.64678678974e-08, 1.96228207017e-08, 6.2580438609e-09, 1.27169330622e-09, 9.26360863018e-11],
        "dvar2": [0.000350641261321, 0.0403191260993, 0.000350329995854, 2.01800921786e-05, 1.66591926245e-05, 1.07836176539e-05, 3.54858252649e-06, 5.3929020396e-06, 1.06693523776e-05, 5.21568654221e-06, 3.61724983122e-06, 2.7044457056e-06, 4.13129100707e-06, 4.94362382142e-07, 9.56730900725e-07, 3.16347836815e-07, 2.58542399934e-07, 5.82553468575e-07, 8.09506047972e-07, 4.22471288175e-07, 2.53193064736e-07, 8.412835939e-08, 6.85959093971e-08, 5.17146645507e-08, 1.4295012285e-08, 2.66017496919e-09, 2.08284917091e-10],
        "max": [0.22134180367, 1.20954573154, 0.130887284875, 0.0388216339052, 0.0288426373154, 0.0280933342874, 0.015995008871, 0.0238285437226, 0.0304752141237, 0.0289575699717, 0.0226983614266, 0.0259797591716, 0.0199246872216, 0.00895152427256, 0.0104740262032, 0.00670725852251, 0.0187473390251, 0.0148910041898, 0.0273240990937, 0.00982883945107, 0.00777003681287, 0.0044500073418, 0.00449169427156, 0.00408672587946, 0.00272762752138, 0.00063053087797, 0.000268364179647],
        "mean": [0.0214540436864, 0.193189293146, 0.00478827534243, 0.0012338233646, 0.00193087314256, 0.00226254411973, 0.00152724189684, 0.00133382086642, 0.00198813807219, 0.0010713073425, 0.000894850119948, 0.000528681324795, 0.000880953157321, 0.00038494108594, 0.000447886646725, 0.000198789217393, 0.0001614690118, 0.000187187426491, 0.000199483052711, 0.000214036335819, 0.000149298532051, 9.75276780082e-05, 8.0958729086e-05, 6.7411987402e-05, 4.79604386783e-05, 1.83557058335e-05, 3.52384836333e-06],
        "median": [0.00432998780161, 0.07771871984, 0.00237442133948, 0.000641812803224, 0.00111246318556, 0.00141032948159, 0.000859126332216, 0.000614937162027, 0.00109167187475, 0.000326593231875, 0.000290123076411, 0.00022456079023, 0.000345213280525, 0.000166253419593, 0.000147473270772, 6.67618514854e-05, 8.55184043758e-05, 7.68602403696e-05, 6.92003814038e-05, 8.17599211587e-05, 5.73750949115e-05, 4.09363419749e-05, 2.88565443043e-05, 2.49269378401e-05, 1.53518303705e-05, 3.34529022439e-06, 4.36042341789e-07],
        "min": [1.38964849595e-24, 3.66672882825e-24, 2.61516146437e-24, 3.4086166955e-24, 6.57911375461e-24, 6.87450232614e-24, 1.06278993577e-23, 1.24162809509e-23, 1.07330742379e-23, 3.21901823678e-23, 7.89256282307e-24, 3.2558107094e-23, 3.94532499657e-23, 5.47248082299e-23, 5.56174706085e-23, 7.78697789298e-23, 8.43696583118e-23, 1.25010207049e-22, 1.26835807888e-22, 2.30583108585e-22, 3.54028152489e-22, 3.43217956053e-22, 4.19336697276e-22, 6.75088179539e-22, 8.75183846243e-22, 1.46765509018e-21, 2.07766585487e-21],
        "stdev": [0.0387435778975, 0.269518494606, 0.010734712705, 0.00222424510866, 0.00262764841318, 0.00259127141908, 0.00179751997348, 0.00201937835664, 0.00251282309182, 0.00187322869897, 0.00142844975926, 0.00108982960228, 0.00143751793075, 0.000562613946386, 0.000726753263734, 0.000371979054762, 0.000311439245706, 0.000458493363112, 0.000538144784514, 0.000445483863587, 0.00031895772554, 0.000185128694284, 0.000180135903065, 0.000143003941048, 8.60344880493e-05, 3.86625797546e-05, 9.80179811449e-06],
        "var": [0.00150106486399, 0.0726402178407, 0.000115234062832, 4.94726646139e-06, 6.90453589414e-06, 6.71468797009e-06, 3.23107815348e-06, 4.07788866141e-06, 6.3142797444e-06, 3.50898562829e-06, 2.04046864383e-06, 1.18772845781e-06, 2.0664576823e-06, 3.16534425338e-07, 5.2817034657e-07, 1.3836840651e-07, 9.69943982909e-08, 2.1021615737e-07, 2.89599796588e-07, 1.98455865075e-07, 1.01734038083e-07, 3.42726345082e-08, 3.24489413117e-08, 2.04501251488e-08, 7.40193328852e-09, 1.49479495448e-09, 9.60752449819e-11]
    },
    "erbbands": {
        "dmean": [4.58815193176, 15.9428014755, 7.8662571907, 3.42792892456, 3.52504682541, 4.89625930786, 8.61137390137, 11.5316486359, 11.3050870895, 14.2029247284, 20.4323959351, 32.7211074829, 19.1785736084, 22.3517246246, 21.7601852417, 18.8260421753, 27.9744491577, 13.2788639069, 17.8439445496, 8.76201438904, 9.70884227753, 6.22530269623, 7.22654151917, 7.2325925827, 6.85311603546, 7.20748806, 5.15107965469, 3.552059412, 2.93068003654, 1.96740722656, 1.64017927647, 1.20771634579, 0.604016005993, 0.405336081982, 0.273740887642, 0.0865090787411, 0.0246300604194, 0.00676765060052, 0.000575363228563, 0.000117308642075],
        "dmean2": [6.26427268982, 24.0728340149, 11.4738349915, 5.81728315353, 6.13383674622, 8.33216381073, 14.418753624, 19.6340274811, 18.7986068726, 23.4348011017, 33.4568405151, 54.6558189392, 32.7620697021, 37.5412063599, 37.0302505493, 32.1665916443, 47.7082366943, 21.7130680084, 29.7169399261, 14.1103515625, 15.7272949219, 9.9562702179, 11.5297231674, 11.8013505936, 10.8839797974, 11.7357721329, 8.11702442169, 5.36500072479, 4.76227998734, 2.97213602066, 2.60210108757, 1.92156863213, 0.934544682503, 0.632803022861, 0.434962719679, 0.133168518543, 0.0386527329683, 0.0107901552692, 0.000897560967132, 0.000165547447978],
        "dvar": [47.1327552795, 825.151916504, 356.335601807, 74.9406814575, 71.1640853882, 79.2927398682, 203.75378418, 292.967285156, 257.226501465, 504.044372559, 1233.38720703, 2675.56958008, 1409.37011719, 1745.18115234, 1662.84289551, 1935.60986328, 2809.86547852, 585.671325684, 1182.91455078, 307.786895752, 472.938354492, 337.071044922, 584.053283691, 855.703369141, 504.176635742, 352.621887207, 272.767272949, 81.1979293823, 54.9444580078, 22.4282054901, 25.5689353943, 16.0678520203, 2.48528289795, 0.773483097553, 0.372866809368, 0.0373346433043, 0.00315401842818, 0.000277192826616, 2.34088838624e-06, 2.63146784363e-08],
        "dvar2": [80.3115386963, 1618.28381348, 738.799072266, 203.421554565, 201.321289062, 214.063079834, 537.586242676, 818.789001465, 691.008239746, 1319.22192383, 3099.84179688, 7059.76074219, 3857.92773438, 4781.98730469, 4619.22265625, 5695.97412109, 8082.39941406, 1566.75073242, 3250.50830078, 686.076538086, 1184.07788086, 889.88458252, 1561.04272461, 2334.39331055, 1316.59509277, 915.280212402, 728.605163574, 201.699951172, 144.237930298, 54.642250061, 66.6028900146, 43.3957366943, 6.19284391403, 1.81347346306, 0.866899549961, 0.0865917056799, 0.00636329595, 0.000588716764469, 5.08219409312e-06, 4.9709182548e-08],
        "max": [67.0183868408, 249.808761597, 204.515914917, 119.186393738, 112.828300476, 130.06211853, 326.040893555, 249.234939575, 216.960266113, 476.822021484, 663.268920898, 804.475463867, 680.583007812, 950.703796387, 1071.16259766, 1220.04504395, 963.958740234, 517.975585938, 641.676513672, 499.894073486, 626.03338623, 1128.63037109, 752.95324707, 1586.1875, 711.502746582, 427.286590576, 397.852050781, 251.860824585, 204.247192383, 151.350189209, 124.192489624, 118.429275513, 47.4456939697, 29.9446849823, 17.000617981, 4.40335464478, 0.888577699661, 0.36708265543, 0.0392427407205, 0.00334877055138],
        "mean": [9.610663414, 26.8762779236, 10.8066282272, 4.52989053726, 4.25580883026, 7.13520812988, 14.487030983, 18.7209606171, 20.5835189819, 24.5858230591, 33.7070884705, 50.6299514771, 31.3061733246, 36.2368965149, 32.5519065857, 28.230638504, 41.1820755005, 21.7638454437, 27.1447105408, 12.8726892471, 11.2505111694, 9.22820091248, 9.90517807007, 10.3122987747, 9.67606258392, 10.2625837326, 7.45308351517, 5.05412387848, 3.57532072067, 2.84660291672, 2.39911770821, 1.70551776886, 0.925984144211, 0.576413989067, 0.323458760977, 0.101937681437, 0.0271475277841, 0.00664702150971, 0.000722037511878, 0.000283655273961],
        "median": [3.31805062294, 11.5742511749, 5.69181919098, 2.81582689285, 2.43789482117, 3.79984402657, 8.2319021225, 11.5186634064, 12.082698822, 12.9829235077, 18.3489456177, 27.0110988617, 14.1675643921, 14.6565990448, 14.3796405792, 13.9323444366, 17.5668907166, 11.412530899, 9.62542724609, 5.82641363144, 4.05122566223, 4.7857465744, 4.3676738739, 3.94977617264, 3.29476881027, 3.77795624733, 2.94337844849, 2.07055187225, 1.46374344826, 1.14773607254, 0.810854971409, 0.616419494152, 0.347872912884, 0.222317948937, 0.0819234699011, 0.0223214905709, 0.00438950862736, 0.000774537445977, 0.000197766596102, 0.000147274724441],
        "min": [9.15443103795e-23, 1.03105135103e-21, 3.38383735647e-21, 9.53221369818e-21, 7.43139789332e-21, 2.1539923707e-20, 7.27821680701e-20, 7.16522587404e-20, 2.60826047913e-19, 2.61014050557e-19, 3.61672754569e-19, 3.55053758705e-19, 7.39669504937e-19, 1.23218147535e-18, 1.13280751207e-18, 1.25085259614e-18, 1.67512159732e-18, 2.69778690891e-18, 3.356022292e-18, 3.55951161782e-18, 6.40190562103e-18, 5.03875374416e-18, 7.90133674459e-18, 7.43103576269e-18, 1.01661043222e-17, 1.06232853924e-17, 8.94164705941e-18, 1.34720706066e-17, 1.19132884469e-17, 1.21250954874e-17, 1.23807431003e-17, 1.17169554742e-17, 1.10152416169e-17, 9.54533918688e-18, 5.93753800567e-18, 4.7159684304e-18, 2.27181929233e-18, 1.04518695812e-18, 2.56948121804e-19, 3.11920050847e-20],
        "stdev": [14.1607704163, 41.3701820374, 21.2940940857, 7.74540233612, 7.17132949829, 10.3339338303, 19.5560207367, 21.6844978333, 23.9604072571, 32.4600791931, 47.2680511475, 65.7371368408, 49.9853897095, 57.8803787231, 52.2817878723, 49.3538513184, 64.0911254883, 29.7702865601, 43.1104736328, 19.571762085, 21.1886978149, 17.9616279602, 23.3915309906, 28.2155857086, 23.5584163666, 21.0209159851, 16.4914855957, 9.95970535278, 7.13449287415, 5.46556520462, 5.76660585403, 3.89130139351, 1.73615300655, 0.966448068619, 0.639097213745, 0.20611718297, 0.0602510534227, 0.0171096045524, 0.00161300052423, 0.000333670497639],
        "var": [200.527420044, 1711.49182129, 453.438446045, 59.9912605286, 51.4279670715, 106.79019165, 382.437927246, 470.217468262, 574.101074219, 1053.65686035, 2234.26855469, 4321.37109375, 2498.5390625, 3350.13842773, 2733.38549805, 2435.80273438, 4107.67285156, 886.269958496, 1858.51281738, 383.053863525, 448.960876465, 322.62008667, 547.163757324, 796.11932373, 554.998962402, 441.878936768, 271.969116211, 99.1957397461, 50.9009895325, 29.8724040985, 33.253742218, 15.1422262192, 3.01422739029, 0.934021830559, 0.408445268869, 0.0424842908978, 0.00363018945791, 0.000292738579446, 2.60177057498e-06, 1.11335999975e-07]
    },
    "gfcc": {
        "mean": [-3.37786626816, 109.780326843, -102.507270813, 29.9789848328, -49.1794776917, 24.3348178864, -17.5526885986, 12.967581749, -10.1212511063, 9.78923130035, 0.601917684078, -0.974210202694, -1.03201496601],
        "cov": [[15214.2451172, 221.652633667, 628.709106445, 1660.1015625, 747.901794434, 727.627746582, 511.011016846, 674.047912598, 318.360595703, 477.116638184, 0.989982962608, 195.197158813, 62.7434463501], [221.652633667, 2164.28271484, 727.682434082, -181.153015137, 266.024230957, -33.2604179382, 560.822937012, 198.597442627, 456.514434814, 12.7163619995, 274.308288574, -31.4218139648, 241.103820801], [628.709106445, 727.682434082, 875.639282227, 199.777938843, 429.999908447, 107.522109985, 285.324432373, 208.547348022, 259.502319336, 85.0518264771, 92.5819854736, 31.2218093872, 41.2303771973], [1660.1015625, -181.153015137, 199.777938843, 581.559387207, 239.418792725, 153.735076904, 50.0042457581, 57.9015274048, 30.1817531586, 51.4796066284, 43.5143814087, 2.77628135681, -8.09868240356], [747.901794434, 266.024230957, 429.999908447, 239.418792725, 456.429046631, 185.109161377, 279.871734619, 165.709442139, 181.561569214, 71.4935455322, 72.71068573, 35.3638534546, 50.2038116455], [727.627746582, -33.2604179382, 107.522109985, 153.735076904, 185.109161377, 231.916992188, 158.615951538, 105.642082214, 77.2644577026, 52.4508247375, 40.8551559448, 16.850112915, 38.9756698608], [511.011016846, 560.822937012, 285.324432373, 50.0042457581, 279.871734619, 158.615951538, 464.228942871, 231.756011963, 267.19720459, 70.324005127, 135.656387329, 41.0308952332, 143.890258789], [674.047912598, 198.597442627, 208.547348022, 57.9015274048, 165.709442139, 105.642082214, 231.756011963, 254.653564453, 176.921676636, 76.4791641235, 57.3285179138, 28.9324092865, 77.7092666626], [318.360595703, 456.514434814, 259.502319336, 30.1817531586, 181.561569214, 77.2644577026, 267.19720459, 176.921676636, 250.699981689, 67.6822662354, 106.806625366, 18.5408248901, 105.862625122], [477.116638184, 12.7163619995, 85.0518264771, 51.4796066284, 71.4935455322, 52.4508247375, 70.324005127, 76.4791641235, 67.6822662354, 86.6870193481, 28.8754825592, 35.1801528931, 23.5030860901], [0.989982962608, 274.308288574, 92.5819854736, 43.5143814087, 72.71068573, 40.8551559448, 135.656387329, 57.3285179138, 106.806625366, 28.8754825592, 129.293960571, 14.2372808456, 82.5020904541], [195.197158813, -31.4218139648, 31.2218093872, 2.77628135681, 35.3638534546, 16.850112915, 41.0308952332, 28.9324092865, 18.5408248901, 35.1801528931, 14.2372808456, 70.2849655151, 16.4462585449], [62.7434463501, 241.103820801, 41.2303771973, -8.09868240356, 50.2038116455, 38.9756698608, 143.890258789, 77.7092666626, 105.862625122, 23.5030860901, 82.5020904541, 16.4462585449, 130.230270386]],
        "icov": [[0.000178314920049, -0.000343970255926, 0.000283649860648, -0.000648096145596, 0.000115321738122, -0.000337892241077, 0.00015952893591, -0.000445085810497, 0.000186880148249, -0.000676820462104, 0.000814292987343, -0.00053248956101, 8.84102337295e-05], [-0.000343970255926, 0.00239757192321, -0.00195020169485, 0.00182891823351, 0.00042140937876, 0.00166039902251, -0.0019232488703, 0.00205159652978, -0.00144432927482, 0.00204219436273, -0.00286388886161, 0.00266635441221, -0.00101740856189], [0.000283649860648, -0.00195020169485, 0.00431132270023, -0.00158631592058, -0.00270463223569, -0.000283047382254, 0.00208104518242, -0.00220711738802, -0.00084488291759, -0.0015338587109, 0.00185623182915, -0.00229768059216, 0.00223314226605], [-0.000648096145596, 0.00182891823351, -0.00158631592058, 0.00533795403317, -0.00180458766408, 0.000476918910863, -5.86482528888e-05, 0.00163877138402, 5.16989312018e-05, 0.00178701081313, -0.0050158794038, 0.00342384609394, -0.000219016656047], [0.000115321738122, 0.00042140937876, -0.00270463223569, -0.00180458766408, 0.00804805662483, -0.0025374405086, -0.00313908886164, 0.00100800825749, -0.00115387770347, 0.000331554096192, 0.00142501539085, -0.00116252421867, 0.000554245896637], [-0.000337892241077, 0.00166039902251, -0.000283047382254, 0.000476918910863, -0.0025374405086, 0.00977257825434, -0.00333724101074, 0.00018388965691, 0.00135520321783, -0.00108649372123, -0.00231704418547, 0.00349293183535, -0.00103974726517], [0.00015952893591, -0.0019232488703, 0.00208104518242, -5.86482528888e-05, -0.00313908886164, -0.00333724101074, 0.0107202054933, -0.00403274362907, -0.0038103715051, 0.00183809245937, -0.000210318423342, -0.00408345041797, -0.000993516412564], [-0.000445085810497, 0.00205159652978, -0.00220711738802, 0.00163877138402, 0.00100800825749, 0.00018388965691, -0.00403274362907, 0.0123883951455, -0.00544825848192, -0.00164237315767, 0.000851537508424, 0.00239257863723, -0.00227963761427], [0.000186880148249, -0.00144432927482, -0.00084488291759, 5.16989312018e-05, -0.00115387770347, 0.00135520321783, -0.0038103715051, -0.00544825848192, 0.0197225678712, -0.00704336585477, -0.00290019763634, 0.00354754202999, -0.00301686767489], [-0.000676820462104, 0.00204219436273, -0.0015338587109, 0.00178701081313, 0.000331554096192, -0.00108649372123, 0.00183809245937, -0.00164237315767, -0.00704336585477, 0.0253485608846, -0.00482372799888, -0.0070775882341, 0.00138886307832], [0.000814292987343, -0.00286388886161, 0.00185623182915, -0.0050158794038, 0.00142501539085, -0.00231704418547, -0.000210318423342, 0.000851537508424, -0.00290019763634, -0.00482372799888, 0.0218273568898, -0.00435545481741, -0.00617115525529], [-0.00053248956101, 0.00266635441221, -0.00229768059216, 0.00342384609394, -0.00116252421867, 0.00349293183535, -0.00408345041797, 0.00239257863723, 0.00354754202999, -0.0070775882341, -0.00435545481741, 0.0231263358146, -0.00302036292851], [8.84102337295e-05, -0.00101740856189, 0.00223314226605, -0.000219016656047, 0.000554245896637, -0.00103974726517, -0.000993516412564, -0.00227963761427, -0.00301686767489, 0.00138886307832, -0.00617115525529, -0.00302036292851, 0.0178472381085]]
    },
    "melbands": {
        "dmean": [0.0319984592497, 0.00858892314136, 0.000579954707064, 0.000278611812973, 0.000271993485512, 0.000249198405072, 0.000170603976585, 0.000154291788931, 0.000183904965525, 0.000195206783246, 9.67782543739e-05, 9.53311900957e-05, 8.5108607891e-05, 4.77484136354e-05, 6.80477314745e-05, 4.36844202341e-05, 2.56433886534e-05, 2.86808517558e-05, 1.82512412721e-05, 1.09745551526e-05, 1.15961320262e-05, 6.7540040618e-06, 6.38536585029e-06, 6.89011676513e-06, 5.9005442381e-06, 5.81084032092e-06, 4.34558251072e-06, 5.25282030139e-06, 3.46238925886e-06, 2.95174913845e-06, 1.79329219918e-06, 1.59682269896e-06, 1.69566840214e-06, 9.13435371785e-07, 9.54109395934e-07, 9.29437078412e-07, 7.18350690931e-07, 4.8872283287e-07, 2.97448025322e-07, 3.65260490298e-07],
        "dmean2": [0.0456200838089, 0.0125622013584, 0.000977845746092, 0.000479592388729, 0.000455401837826, 0.000423611374572, 0.000283371424302, 0.000254090322414, 0.000300769257592, 0.000326715235133, 0.00016521984071, 0.000160350784427, 0.000145058569615, 8.20875065983e-05, 0.000116222756333, 7.39650422474e-05, 4.21440090577e-05, 4.76079476357e-05, 3.03486431221e-05, 1.74701690412e-05, 1.9064060325e-05, 1.10410219349e-05, 1.01502992038e-05, 1.12261459435e-05, 9.74456088443e-06, 9.30662008614e-06, 6.92800267643e-06, 8.65796846483e-06, 5.59962654734e-06, 4.72746478408e-06, 2.68603571385e-06, 2.61420518655e-06, 2.72635998044e-06, 1.38866948873e-06, 1.51365077272e-06, 1.52127188358e-06, 1.14069075607e-06, 7.60099624131e-07, 4.59054291468e-07, 5.76274487685e-07],
        "dvar": [0.00231753732078, 0.000274214631645, 2.0989530185e-06, 3.2513631254e-07, 1.9076605895e-07, 1.3524196163e-07, 5.81068348993e-08, 6.16716135937e-08, 8.1824303777e-08, 9.43890015037e-08, 3.47723627669e-08, 3.4504544999e-08, 2.39561952498e-08, 1.55713397731e-08, 1.70358607221e-08, 6.06183103713e-09, 2.52968201941e-09, 3.01957903126e-09, 1.11011666526e-09, 4.88065199367e-10, 7.023729931e-10, 4.36485431132e-10, 3.65946994929e-10, 5.60574420216e-10, 6.55751397627e-10, 3.90541210482e-10, 1.79282019785e-10, 1.75704076288e-10, 1.40261108283e-10, 6.11644554449e-11, 2.0847927551e-11, 1.77986774624e-11, 1.59044617754e-11, 5.48179730775e-12, 9.41871493992e-12, 9.46621774023e-12, 4.6317832382e-12, 1.585864144e-12, 5.21177881668e-13, 6.33115792865e-13],
        "dvar2": [0.00423124944791, 0.000504563271534, 5.55935366719e-06, 9.01560383681e-07, 5.08914354214e-07, 3.78372874366e-07, 1.55769299681e-07, 1.59883498441e-07, 2.08777933608e-07, 2.50124600143e-07, 9.51765599666e-08, 9.50068042016e-08, 6.70273010428e-08, 4.57070186144e-08, 4.92317759893e-08, 1.73780119184e-08, 6.83159351311e-09, 8.32944646589e-09, 2.75158074103e-09, 1.07080233569e-09, 1.80656478665e-09, 1.19060039605e-09, 9.30086563322e-10, 1.53070978115e-09, 1.81311976544e-09, 1.03693731379e-09, 4.70365524308e-10, 4.58844795492e-10, 3.82520959352e-10, 1.56948745667e-10, 5.18434010999e-11, 4.72051321643e-11, 4.05073752319e-11, 1.34859597448e-11, 2.44362464291e-11, 2.59909992834e-11, 1.23199558194e-11, 3.97819450992e-12, 1.27494174072e-12, 1.52026622628e-12],
        "max": [0.439145505428, 0.143388360739, 0.0198764223605, 0.00698568904772, 0.00858227536082, 0.00527696311474, 0.00326832430437, 0.00524989049882, 0.00523555651307, 0.00501896208152, 0.00334276095964, 0.00429771654308, 0.00344020640478, 0.0033466797322, 0.00197070348077, 0.00166955066379, 0.00103085418232, 0.00100497005042, 0.000886414723936, 0.000361907208571, 0.000800624722615, 0.00133101968095, 0.000892866111826, 0.000684488390107, 0.00148616568185, 0.000579826766625, 0.000405929749832, 0.000318434322253, 0.000302233092953, 0.000236993044382, 0.000117646661238, 0.000128779531224, 0.000109290638648, 8.00997731858e-05, 7.8888842836e-05, 9.60070537985e-05, 5.85973284615e-05, 3.97736876039e-05, 2.67583072855e-05, 2.6992358471e-05],
        "mean": [0.0670968666673, 0.0140460692346, 0.000757739879191, 0.000389411085052, 0.000473464257084, 0.000418591487687, 0.000314337492455, 0.000263590540271, 0.000296935206279, 0.000300589279504, 0.000149516214151, 0.000147320635733, 0.000121740187751, 6.59328143229e-05, 9.755964129e-05, 6.54749601381e-05, 3.82267462555e-05, 4.30300460721e-05, 2.60853466898e-05, 1.34598330988e-05, 1.28443734866e-05, 9.46755153564e-06, 8.95496032172e-06, 8.86154703039e-06, 8.24719973025e-06, 7.53746553528e-06, 6.13124575466e-06, 7.23954963178e-06, 5.09126039105e-06, 3.67900406673e-06, 2.58709064838e-06, 1.93015080185e-06, 1.98730458578e-06, 1.3891992694e-06, 1.42007445447e-06, 1.16696969599e-06, 1.01732575786e-06, 7.16803981504e-07, 4.60520283241e-07, 4.87526790494e-07],
