{
"highlevel": {
    "danceability": {
        "all": {
            "danceable": 0.781852185726,
            "not_danceable": 0.218147799373
        },
        "probability": 0.781852185726,
        "value": "danceable"
    },
    "gender": {
        "all": {
            "female": 0.580774009228,
            "male": 0.419225990772
        },
        "probability": 0.580774009228,
        "value": "female"
    },
    "genre_electronic": {
        "all": {
            "ambient": 0.386964023113,
            "dnb": 0.0192520841956,
            "house": 0.359882265329,
            "techno": 0.0326753295958,
            "trance": 0.201226294041
        },
        "probability": 0.386964023113,
        "value": "ambient"
    },
    "mood_acoustic": {
        "all": {
            "acoustic": 0.178852945566,
            "not_acoustic": 0.821147084236
        },
        "probability": 0.821147084236,
        "value": "not_acoustic"
    },
    "mood_aggressive": {
        "all": {
            "aggressive": 0.0881621316075,
            "not_aggressive": 0.911837875843
        },
        "probability": 0.911837875843,
        "value": "not_aggressive"
    },
    "mood_electronic": {
        "all": {
            "electronic": 0.689336061478,
            "not_electronic": 0.310663938522
        },
        "probability": 0.689336061478,
        "value": "electronic"
    },
    "mood_happy": {
        "all": {
            "happy": 0.716670274734,
            "not_happy": 0.283329755068
        },
        "probability": 0.716670274734,
        "value": "happy"
    },
    "mood_party": {
        "all": {
            "not_party": 0.358056008816,
            "party": 0.641943991184
        },
        "probability": 0.641943991184,
        "value": "party"
    },
    "mood_relaxed": {
        "all": {
            "not_relaxed": 0.2955083251,
            "relaxed": 0.7044916749
        },
        "probability": 0.7044916749,
        "value": "relaxed"
    },
    "mood_sad": {
        "all": {
            "not_sad": 0.92250174284,
            "sad": 0.0774982795119
        },
        "probability": 0.92250174284,
        "value": "not_sad"
    },
    "moods_mirex": {
        "all": {
            "Cluster1": 0.0480449013412,
            "Cluster2": 0.153138905764,
            "Cluster3": 0.137493953109,
            "Cluster4": 0.54588919878,
            "Cluster5": 0.115433014929
        },
        "probability": 0.54588919878,
        "value": "Cluster4"
    },
    "timbre": {
        "all": {
            "bright": 0.954609334469,
            "dark": 0.0453906469047
        },
        "probability": 0.954609334469,
        "value": "bright"
    },
    "tonal_atonal": {
        "all": {
            "atonal": 0.989429950714,
            "tonal": 0.0105700511485
        },
        "probability": 0.989429950714,
        "value": "atonal"
    },
    "voice_instrumental": {
        "all": {
            "instrumental": 0.939092040062,
            "voice": 0.060907933861
        },
        "probability": 0.939092040062,
        "value": "instrumental"
    }
},
"lowlevel": {
    "average_loudness": 0.684899091721,
    "barkbands_crest": {
        "dmean": 2.97680234909,
        "dmean2": 4.44985342026,
        "dvar": 10.0797376633,
        "dvar2": 19.7310237885,
        "max": 25.8473968506,
        "mean": 10.7662506104,
        "median": 9.50776576996,
        "min": 2.21502399445,
        "stdev": 5.25574350357,
        "var": 27.6228408813
    },
    "barkbands_flatness_db": {
        "dmean": 0.0259923692793,
        "dmean2": 0.0380464754999,
        "dvar": 0.000773284758907,
        "dvar2": 0.00153294985648,
        "max": 0.434078603983,
        "mean": 0.150751799345,
        "median": 0.14481036365,
        "min": 0.0183639787138,
        "stdev": 0.0654939860106,
        "var": 0.00428946176544
    },
    "barkbands_kurtosis": {
        "dmean": 4.5822353363,
        "dmean2": 7.13468885422,
        "dvar": 93.9491348267,
        "dvar2": 203.495010376,
        "max": 194.475585938,
        "mean": 5.73138523102,
        "median": 2.3184967041,
        "min": -1.8622456789,
        "stdev": 11.6615724564,
        "var": 135.992263794
    },
    "barkbands_skewness": {
        "dmean": 0.726809501648,
        "dmean2": 1.07808613777,
        "dvar": 0.827789008617,
        "dvar2": 1.62164461613,
        "max": 12.6574573517,
        "mean": 1.72105765343,
        "median": 1.53056430817,
        "min": -3.25111532211,
        "stdev": 1.54888796806,
        "var": 2.39905405045
    },
    "barkbands_spread": {
        "dmean": 6.42191791534,
        "dmean2": 9.82910346985,
        "dvar": 64.3052520752,
        "dvar2": 126.385620117,
        "max": 84.0265731812,
        "mean": 22.3731327057,
        "median": 18.0425643921,
        "min": 0.643787443638,
        "stdev": 15.8339834213,
        "var": 250.715026855
    },
    "dissonance": {
        "dmean": 0.0186314359307,
        "dmean2": 0.0310861170292,
        "dvar": 0.000344106927514,
        "dvar2": 0.000928183260839,
        "max": 0.500000238419,
        "mean": 0.463973134756,
        "median": 0.469960451126,
        "min": 0.304643779993,
        "stdev": 0.0276029575616,
        "var": 0.000761923263781
    },
    "dynamic_complexity": 3.61379528046,
    "erbbands_crest": {
        "dmean": 2.53210949898,
        "dmean2": 3.96445226669,
        "dvar": 5.57647609711,
        "dvar2": 12.8688497543,
        "max": 27.1304721832,
        "mean": 8.61256885529,
        "median": 7.64704418182,
        "min": 2.24895906448,
        "stdev": 4.07517576218,
        "var": 16.6070575714
    },
    "erbbands_flatness_db": {
        "dmean": 0.0202315766364,
        "dmean2": 0.0273958463222,
        "dvar": 0.000434546876932,
        "dvar2": 0.000750623468775,
        "max": 0.37627235055,
        "mean": 0.165644317865,
        "median": 0.160900339484,
        "min": 0.0498181171715,
        "stdev": 0.0612056367099,
        "var": 0.00374613003805
    },
    "erbbands_kurtosis": {
        "dmean": 1.0208697319,
        "dmean2": 1.58868253231,
        "dvar": 2.15878915787,
        "dvar2": 4.75530147552,
        "max": 34.5797920227,
        "mean": 0.316445171833,
        "median": -0.332707643509,
        "min": -1.87215793133,
        "stdev": 2.21081137657,
        "var": 4.88768720627
    },
    "erbbands_skewness": {
        "dmean": 0.41974940896,
        "dmean2": 0.634433209896,
        "dvar": 0.148394450545,
        "dvar2": 0.322167515755,
        "max": 5.19071245193,
        "mean": 0.372345715761,
        "median": 0.338423252106,
        "min": -2.50729513168,
        "stdev": 0.881434619427,
        "var": 0.776926994324
    },
    "erbbands_spread": {
        "dmean": 9.7187204361,
        "dmean2": 14.5283489227,
        "dvar": 111.831802368,
        "dvar2": 239.461486816,
        "max": 143.983184814,
        "mean": 43.5720329285,
        "median": 38.0180244446,
        "min": 2.90093564987,
        "stdev": 22.2272605896,
        "var": 494.051116943
    },
    "hfc": {
        "dmean": 8.18268871307,
        "dmean2": 11.795290947,
        "dvar": 181.233383179,
        "dvar2": 411.198760986,
        "max": 177.200744629,
        "mean": 21.4271755219,
        "median": 13.7683582306,
        "min": 1.13124360305e-16,
        "stdev": 21.2494773865,
        "var": 451.540313721
    },
    "loudness_ebu128": {
        "integrated": -11.3422651291,
        "loudness_range": 6.67535209656,
        "momentary": {
            "dmean": 0.873760819435,
            "dmean2": 1.45847713947,
            "dvar": 1.45995092392,
            "dvar2": 3.98411560059,
            "max": -6.56015396118,
            "mean": -12.506811142,
            "median": -11.9093999863,
            "min": -54.2943115234,
            "stdev": 3.8909072876,
            "var": 15.1391592026
        },
        "short_term": {
            "dmean": 0.108843259513,
            "dmean2": 0.162448272109,
            "dvar": 0.0120806423947,
            "dvar2": 0.0313608981669,
            "max": -7.64641571045,
            "mean": -12.2631664276,
            "median": -11.6098880768,
            "min": -35.7430343628,
            "stdev": 3.31041502953,
            "var": 10.9588470459
        }
    },
    "melbands_crest": {
        "dmean": 3.40437269211,
        "dmean2": 4.95434951782,
        "dvar": 11.3843154907,
        "dvar2": 22.4644050598,
        "max": 34.8697738647,
        "mean": 14.5643215179,
        "median": 13.0115976334,
        "min": 1.68821322918,
        "stdev": 6.30194044113,
        "var": 39.7144508362
    },
    "melbands_flatness_db": {
        "dmean": 0.0311609692872,
        "dmean2": 0.0445336215198,
        "dvar": 0.00132764526643,
        "dvar2": 0.00234943092801,
        "max": 0.538851976395,
        "mean": 0.202297970653,
        "median": 0.202199041843,
        "min": 0.00476850988343,
        "stdev": 0.0827810317278,
        "var": 0.0068526994437
    },
    "melbands_kurtosis": {
        "dmean": 11.5826950073,
        "dmean2": 17.8795814514,
        "dvar": 697.405883789,
        "dvar2": 1433.58959961,
        "max": 634.734069824,
        "mean": 17.9215869904,
        "median": 8.38925743103,
        "min": -1.73140048981,
        "stdev": 32.8138542175,
        "var": 1076.74914551
    },
    "melbands_skewness": {
        "dmean": 0.947732567787,
        "dmean2": 1.39840233326,
        "dvar": 1.67926359177,
        "dvar2": 3.15023946762,
        "max": 19.2235164642,
        "mean": 2.9149119854,
        "median": 2.43477463722,
        "min": -1.08765244484,
        "stdev": 2.15245270729,
        "var": 4.63305282593
    },
    "melbands_spread": {
        "dmean": 9.06355285645,
        "dmean2": 13.9450902939,
        "dvar": 180.21723938,
        "dvar2": 372.655090332,
        "max": 211.049743652,
        "mean": 26.0898113251,
        "median": 17.3417491913,
        "min": 0.62434977293,
        "stdev": 26.4267673492,
        "var": 698.374023438
    },
    "pitch_salience": {
        "dmean": 0.0798564702272,
        "dmean2": 0.120235592127,
        "dvar": 0.00666680606082,
        "dvar2": 0.0137176578864,
        "max": 0.878024280071,
        "mean": 0.526303529739,
        "median": 0.554960072041,
        "min": 0.0776002407074,
        "stdev": 0.145282179117,
        "var": 0.0211069136858
    },
    "silence_rate_20dB": {
        "dmean": 0,
        "dmean2": 0,
        "dvar": 0,
        "dvar2": 0,
        "max": 1,
        "mean": 1,
        "median": 1,
        "min": 1,
        "stdev": 0,
        "var": 0
    },
    "silence_rate_30dB": {
        "dmean": 0.0675650238991,
        "dmean2": 0.135136410594,
        "dvar": 0.0629909038544,
        "dvar2": 0.118790224195,
        "max": 1,
        "mean": 0.891542971134,
        "median": 1,
        "min": 0,
        "stdev": 0.310930103064,
        "var": 0.0966775268316
    },
    "silence_rate_60dB": {
        "dmean": 0.0241236332804,
        "dmean2": 0.0482495389879,
        "dvar": 0.0235396139324,
        "dvar2": 0.0519447103143,
        "max": 1,
        "mean": 0.0824028253555,
        "median": 0,
        "min": 0,
        "stdev": 0.274966180325,
        "var": 0.0756063982844
    },
    "spectral_centroid": {
        "dmean": 279.175140381,
        "dmean2": 434.227539062,
        "dvar": 118527.25,
        "dvar2": 247860.875,
        "max": 11210.5888672,
        "mean": 1385.74194336,
        "median": 1185.58666992,
        "min": 194.897628784,
        "stdev": 768.455200195,
        "var": 590523.375
    },
    "spectral_complexity": {
        "dmean": 3.93884277344,
        "dmean2": 5.87127161026,
        "dvar": 25.5650062561,
        "dvar2": 48.473072052,
        "max": 60,
        "mean": 16.7019081116,
        "median": 14,
        "min": 0,
        "stdev": 9.96704769135,
        "var": 99.3420410156
    },
    "spectral_decrease": {
        "dmean": 4.60100224586e-09,
        "dmean2": 7.20966264467e-09,
        "dvar": 1.08100627747e-16,
        "dvar2": 2.23863290542e-16,
        "max": 5.24536422923e-19,
        "mean": -8.92060203483e-09,
        "median": -3.56243745614e-09,
        "min": -9.34090991223e-08,
        "stdev": 1.35848674532e-08,
        "var": 1.84548626872e-16
    },
    "spectral_energy": {
        "dmean": 0.0178962610662,
        "dmean2": 0.0279893968254,
        "dvar": 0.00157735077664,
        "dvar2": 0.00325352349319,
        "max": 0.359015822411,
        "mean": 0.0356121212244,
        "median": 0.0150356562808,
        "min": 1.02838026043e-20,
        "stdev": 0.0523459017277,
        "var": 0.00274009350687
    },
    "spectral_energyband_high": {
        "dmean": 0.000599617778789,
        "dmean2": 0.000875218771398,
        "dvar": 1.69054078469e-06,
        "dvar2": 4.15878275817e-06,
        "max": 0.0197009295225,
        "mean": 0.0012385166483,
        "median": 0.000304235902149,
        "min": 7.1813163141e-21,
        "stdev": 0.00177543098107,
        "var": 3.15215515911e-06
    },
    "spectral_energyband_low": {
        "dmean": 0.0141282211989,
        "dmean2": 0.0222112629563,
        "dvar": 0.00147034565452,
        "dvar2": 0.00304429233074,
        "max": 0.330387055874,
        "mean": 0.0195510685444,
        "median": 0.000869745621458,
        "min": 1.0333008163e-23,
        "stdev": 0.0473687052727,
        "var": 0.002243794268
    },
    "spectral_energyband_middle_high": {
        "dmean": 0.00161768577527,
        "dmean2": 0.00245990464464,
        "dvar": 7.02600846125e-06,
        "dvar2": 1.61603074957e-05,
        "max": 0.0360818877816,
        "mean": 0.00357607379556,
        "median": 0.00183719256893,
        "min": 1.39500213677e-21,
        "stdev": 0.00462694978341,
        "var": 2.14086649066e-05
    },
    "spectral_energyband_middle_low": {
        "dmean": 0.00505282962695,
        "dmean2": 0.00779201416299,
        "dvar": 6.6852553573e-05,
        "dvar2": 0.000167945385328,
        "max": 0.108305461705,
        "mean": 0.0124006429687,
        "median": 0.00854965113103,
        "min": 2.04642963884e-22,
        "stdev": 0.0123414816335,
        "var": 0.000152312160935
    },
    "spectral_entropy": {
        "dmean": 0.175539165735,
        "dmean2": 0.253145873547,
        "dvar": 0.0435576140881,
        "dvar2": 0.077509470284,
        "max": 9.82410621643,
        "mean": 7.41681337357,
        "median": 7.61526250839,
        "min": 5.51841497421,
        "stdev": 0.693307161331,
        "var": 0.480674833059
    },
    "spectral_flux": {
        "dmean": 0.0385830774903,
        "dmean2": 0.0638861060143,
        "dvar": 0.00433269422501,
        "dvar2": 0.0105468900874,
        "max": 0.524151563644,
        "mean": 0.0893653929234,
        "median": 0.0598203577101,
        "min": 6.46491124523e-11,
        "stdev": 0.0855116471648,
        "var": 0.00731224240735
    },
    "spectral_kurtosis": {
        "dmean": 2.24924659729,
        "dmean2": 3.74982762337,
        "dvar": 11.7390460968,
        "dvar2": 30.5842952728,
        "max": 102.94871521,
        "mean": 5.11277294159,
        "median": 3.59646654129,
        "min": -1.24851965904,
        "stdev": 5.12354564667,
        "var": 26.2507190704
    },
    "spectral_rms": {
        "dmean": 0.00114868837409,
        "dmean2": 0.00169505027588,
        "dvar": 4.10701341025e-06,
        "dvar2": 7.33372462491e-06,
        "max": 0.0187152158469,
        "mean": 0.00484562246129,
        "median": 0.00383000425063,
        "min": 3.16748775646e-12,
        "stdev": 0.00335611635819,
        "var": 1.12635170808e-05
    },
    "spectral_rolloff": {
        "dmean": 659.428710938,
        "dmean2": 1070.0760498,
        "dvar": 1356868.125,
        "dvar2": 2634164.5,
        "max": 19336.8164062,
        "mean": 1930.66369629,
        "median": 1012.06054688,
        "min": 64.599609375,
        "stdev": 2177.08398438,
        "var": 4739695
    },
    "spectral_skewness": {
        "dmean": 0.269284427166,
        "dmean2": 0.431821912527,
        "dvar": 0.0983627438545,
        "dvar2": 0.244795843959,
        "max": 8.18585300446,
        "mean": 1.57644712925,
        "median": 1.48119723797,
        "min": -0.0278391893953,
        "stdev": 0.628420948982,
        "var": 0.394912868738
    },
    "spectral_spread": {
        "dmean": 649647.3125,
        "dmean2": 959548.375,
        "dvar": 732706242560,
        "dvar2": 1.46608632627e+12,
        "max": 45167804,
        "mean": 4843155,
        "median": 4607421.5,
        "min": 914727.9375,
        "stdev": 2061519.625,
        "var": 4.24986332365e+12
    },
    "spectral_strongpeak": {
        "dmean": 0.459823310375,
        "dmean2": 0.754782438278,
        "dvar": 0.481861501932,
        "dvar2": 1.23207592964,
        "max": 12.0991611481,
        "mean": 0.88979113102,
        "median": 0.611536920071,
        "min": 0,
        "stdev": 0.878480911255,
        "var": 0.771728694439
    },
    "zerocrossingrate": {
        "dmean": 0.0142414141446,
        "dmean2": 0.0157807357609,
        "dvar": 0.000334746815497,
        "dvar2": 0.000347246939782,
        "max": 0.64599609375,
        "mean": 0.0738794729114,
        "median": 0.05615234375,
        "min": 0.0029296875,
        "stdev": 0.0547763593495,
        "var": 0.00300044938922
    },
    "barkbands": {
        "dmean": [0.000439892697614, 0.0118860071525, 0.00353612704203, 0.00119791808538, 0.00144192622975, 0.00111147353891, 0.000814096652903, 0.00170605920721, 0.000990973901935, 0.00053709698841, 0.000226088479394, 0.000282341614366, 0.000288219482172, 0.000241442103288, 0.000156654830789, 0.000341267994372, 0.000130416083266, 0.000143719051266, 0.000161293472047, 0.00010815072892, 0.000120248587336, 0.000117097617476, 0.000154451772687, 0.000140963937156, 7.60883194744e-05, 5.02258262713e-05, 7.02228180671e-06],
        "dmean2": [0.000674860028084, 0.0183966141194, 0.00603793375194, 0.00201349356212, 0.00241792714223, 0.00161198433489, 0.00118986167945, 0.00257996772416, 0.00150443532038, 0.000795830157585, 0.000387456209864, 0.000469186226837, 0.000465617486043, 0.000389974331483, 0.000262554764049, 0.000561883556657, 0.000216393134906, 0.000237212341744, 0.00026409237762, 0.000177252310095, 0.000178928952664, 0.000182992022019, 0.000251728924923, 0.000221979789785, 0.000114790978841, 7.15576825314e-05, 1.06844245238e-05],
        "dvar": [1.72658235442e-06, 0.00112292252015, 0.000163444230566, 1.334289027e-05, 9.94083711703e-06, 3.55569795829e-06, 4.04357024308e-06, 1.49624365804e-05, 5.99481427344e-06, 2.1484820536e-06, 3.31746377924e-07, 4.4883222472e-07, 2.66929561121e-07, 4.06581449397e-07, 1.39903050922e-07, 2.1322868804e-07, 9.82063426136e-08, 7.87475897823e-08, 8.3188567146e-08, 3.68202677237e-08, 4.61556801667e-08, 4.74941010964e-08, 1.81803997634e-07, 2.12769293739e-07, 6.44343032263e-08, 8.00373811671e-09, 2.63640637099e-10],
        "dvar2": [4.37905646322e-06, 0.00221719848923, 0.000444014760433, 3.66990971088e-05, 2.79792475339e-05, 8.12446978671e-06, 7.18730689186e-06, 3.60325539077e-05, 1.42089347719e-05, 4.33523473475e-06, 9.06122863853e-07, 1.16679802886e-06, 6.73486056257e-07, 9.91941647044e-07, 3.67978714166e-07, 5.57486202979e-07, 2.46851044494e-07, 2.07613467751e-07, 2.02837711072e-07, 9.79474066298e-08, 1.15622384556e-07, 1.13371697807e-07, 4.93782295052e-07, 5.78810954721e-07, 1.58296813879e-07, 1.58288457897e-08, 6.0580829242e-10],
        "max": [0.018522195518, 0.309736609459, 0.157637834549, 0.0441426262259, 0.0360293239355, 0.038285728544, 0.0520401522517, 0.0691609829664, 0.0544337630272, 0.0266427043825, 0.0111207403243, 0.0155078312382, 0.0092302467674, 0.0150235947222, 0.00763036450371, 0.00679876049981, 0.00746015598997, 0.00920438766479, 0.00446388497949, 0.00304118474014, 0.00425955001265, 0.00285795913078, 0.00798470899463, 0.00840372405946, 0.00584958633408, 0.000871890806593, 0.00041525362758],
        "mean": [0.000433523819083, 0.014893383719, 0.00329614966176, 0.00154978502542, 0.00236029108055, 0.00233681267127, 0.00151527847629, 0.00274411845021, 0.0015809435863, 0.000835644779727, 0.000275734520983, 0.00037854880793, 0.000451389118098, 0.000304688757751, 0.000214839237742, 0.000490012171213, 0.000163859629538, 0.000210334474104, 0.000258192652836, 0.000180396542419, 0.000241757836193, 0.000206924436498, 0.000234884370002, 0.000221363443416, 0.000138080693432, 8.48554627737e-05, 9.76095452643e-06],
        "median": [5.04975741933e-06, 5.00272399222e-05, 0.000140854550409, 0.000241898538661, 0.00146995007526, 0.00113997969311, 0.000474774162285, 0.00055993697606, 0.000741672469303, 0.00013981309894, 7.31478648959e-05, 0.000104639169876, 0.000231385027291, 5.87575159443e-05, 7.39253155189e-05, 0.000296358077321, 3.96528957936e-05, 0.000114912676509, 0.000113916277769, 9.03786058188e-05, 6.38916171738e-05, 4.05661521654e-05, 4.25060934504e-05, 3.52536953869e-05, 2.3600352506e-05, 9.31300655793e-06, 3.80144285828e-07],
        "min": [2.00753144206e-25, 5.02335580392e-24, 1.31228323065e-24, 1.67139273205e-24, 2.26824094864e-23, 1.02281401497e-23, 2.13629638917e-23, 2.59893159788e-23, 3.17081126241e-23, 4.43151922067e-23, 3.90216262992e-23, 5.23555591644e-23, 5.85260386313e-23, 9.49609553124e-23, 1.02047324378e-22, 7.05012374734e-23, 1.18749870014e-22, 2.13639991928e-22, 1.80630075794e-22, 1.54211805654e-22, 4.13213622039e-22, 4.66303279384e-22, 4.27193650918e-22, 7.89108897846e-22, 1.1264219839e-21, 1.69037266232e-21, 1.92696328118e-21],
        "stdev": [0.00142471527215, 0.0406396687031, 0.0108287604526, 0.00344027322717, 0.00314984703436, 0.00332587538287, 0.00352950068191, 0.00599481444806, 0.00287039089017, 0.0023048822768, 0.000600982049946, 0.000752691703383, 0.000713278888725, 0.000755248474889, 0.000439916620962, 0.000567423354369, 0.000367215048755, 0.000332944182446, 0.000377190066501, 0.000233627768466, 0.000336659752065, 0.000303339445964, 0.00043811352225, 0.000456990586827, 0.000292384356726, 0.000133809575345, 2.06331569643e-05],
        "var": [2.02981345865e-06, 0.00165158254094, 0.000117262061394, 1.18354791994e-05, 9.92153672996e-06, 1.10614464575e-05, 1.24573753055e-05, 3.59378027497e-05, 8.23914342618e-06, 5.31248269908e-06, 3.61179445463e-07, 5.66544827052e-07, 5.08766731855e-07, 5.7040028878e-07, 1.93526631165e-07, 3.21969281458e-07, 1.34846885658e-07, 1.10851829049e-07, 1.42272341463e-07, 5.45819354159e-08, 1.13339787333e-07, 9.20148153227e-08, 1.91943470895e-07, 2.08840390314e-07, 8.54886081925e-08, 1.79050019256e-08, 4.2572720349e-10]
    },
    "erbbands": {
        "dmean": [0.426858246326, 2.65433740616, 4.13766050339, 4.26585578918, 4.65158176422, 4.67223215103, 6.60830259323, 10.5278606415, 10.9555578232, 20.1818847656, 35.0518951416, 21.4663562775, 15.5351810455, 12.712515831, 10.9530105591, 10.4982433319, 11.4925699234, 11.2879991531, 10.0002326965, 11.085603714, 16.1342735291, 7.1298661232, 8.34097862244, 7.14294910431, 7.34159946442, 4.39876508713, 5.2560095787, 4.81844758987, 4.29771852493, 4.6143693924, 4.6806974411, 2.97156357765, 2.30788326263, 0.840797185898, 0.623080670834, 0.241024911404, 0.0912425518036, 0.0177178792655, 0.000807082920801, 4.7012410505e-05],
        "dmean2": [0.614306569099, 4.31260251999, 7.01145935059, 7.1790561676, 7.64777374268, 7.89226675034, 10.2203187943, 15.1014375687, 16.8695468903, 28.4190788269, 55.3167266846, 32.4558792114, 22.0682830811, 20.1340179443, 18.399187088, 17.4117870331, 18.4536781311, 17.8057956696, 16.3769760132, 18.1110172272, 26.6094245911, 11.7930593491, 13.855389595, 11.6358909607, 11.9455738068, 7.09561347961, 8.20005607605, 7.32371997833, 6.59614419937, 7.44146108627, 7.72358131409, 4.57776212692, 3.73000431061, 1.25945174694, 0.972424805164, 0.34732452035, 0.130529642105, 0.0258152689785, 0.00119452690706, 6.7687164119e-05],
        "dvar": [1.29287850857, 57.0848274231, 204.152420044, 213.67276001, 155.332015991, 78.288734436, 140.501190186, 323.85357666, 441.752410889, 1602.2734375, 9197.46289062, 2412.15112305, 1846.61462402, 1736.81005859, 695.122497559, 675.661865234, 588.495239258, 576.664916992, 580.757568359, 432.868743896, 479.568756104, 242.946029663, 182.707458496, 231.500686646, 148.349807739, 65.3583908081, 70.7329406738, 79.2009963989, 58.0819816589, 135.682998657, 195.0809021, 58.9135665894, 75.7650985718, 4.526283741, 5.92141628265, 0.183132246137, 0.0287819728255, 0.00131521967705, 3.30961051986e-06, 8.75329142502e-09],
        "dvar2": [2.34790658951, 129.072189331, 544.339233398, 597.313354492, 412.872436523, 225.37361145, 356.196655273, 768.08795166, 1045.54846191, 2904.30737305, 22501.2597656, 5536.58105469, 3291.50073242, 4323.74853516, 1791.88464355, 1764.94091797, 1449.74523926, 1370.41662598, 1483.9732666, 1124.41748047, 1228.75488281, 604.077392578, 478.903503418, 575.010620117, 377.614318848, 170.85710144, 176.009933472, 197.575912476, 134.080413818, 360.02734375, 532.735778809, 156.717529297, 208.580459595, 10.972536087, 14.8813066483, 0.375245839357, 0.0590063482523, 0.00274611404166, 7.53436506784e-06, 1.73088672284e-08],
        "max": [11.6353569031, 61.2284507751, 189.061431885, 186.979782104, 148.146728516, 105.494186401, 240.097091675, 385.453948975, 617.953491211, 760.057067871, 1801.06494141, 1075.61132812, 999.235168457, 968.600524902, 608.125610352, 508.503753662, 464.328735352, 631.630554199, 515.962463379, 372.810424805, 282.860534668, 328.259216309, 334.461090088, 253.711608887, 183.712814331, 142.211288452, 126.494384766, 220.769622803, 108.382659912, 242.453948975, 285.247924805, 145.491119385, 162.12828064, 39.3123435974, 56.7586593628, 5.50841474533, 2.26302266121, 0.686531126499, 0.0456706471741, 0.00166019506287],
        "mean": [0.483505010605, 3.08833765984, 4.01534461975, 5.29313325882, 6.18690347672, 7.83191394806, 12.7688617706, 21.9362411499, 21.0169582367, 37.1502342224, 55.8377494812, 36.1264533997, 26.442735672, 19.5416526794, 15.2842569351, 14.5618934631, 18.3230667114, 16.7917613983, 13.4512090683, 16.6925487518, 23.2000675201, 9.97643947601, 12.7470808029, 11.0786581039, 12.1658906937, 7.8230175972, 9.95837020874, 9.36321735382, 7.55845975876, 7.4673409462, 6.8103351593, 5.06609869003, 3.16346740723, 1.46869850159, 1.06107437611, 0.412163496017, 0.148075178266, 0.0290562398732, 0.00118860113434, 8.34835736896e-05],
        "median": [0.00125219265465, 0.0186947938055, 0.16312867403, 0.617907226086, 2.27393269539, 4.94783115387, 5.77213096619, 10.5877428055, 9.59333229065, 11.4515943527, 16.9987640381, 17.0173969269, 6.95947027206, 4.1445608139, 4.5526766777, 4.34654712677, 8.35326194763, 6.15881729126, 3.98578095436, 8.70558929443, 13.919631958, 3.35919260979, 7.60655593872, 3.57335639, 6.67884254456, 3.55578494072, 3.42166662216, 2.49265789986, 1.69859337807, 1.26367306709, 1.20142841339, 0.808234572411, 0.507059037685, 0.293575823307, 0.140746772289, 0.0513469055295, 0.0152772376314, 0.00203998340294, 8.79362632986e-05, 3.05273279082e-05],
        "min": [1.05897470467e-22, 1.17260132069e-21, 2.82696244482e-21, 8.51954429561e-21, 7.14851343294e-21, 7.42831713021e-20, 2.88748427756e-20, 9.70994880086e-20, 1.92993696317e-19, 3.03504793509e-19, 7.2563747152e-19, 6.37750772207e-19, 1.31371325621e-18, 1.42439870756e-18, 2.02142717142e-18, 2.27367341768e-18, 3.09351404306e-18, 4.54082244827e-18, 4.78953001587e-18, 3.65924892018e-18, 4.56200075349e-18, 6.58370503042e-18, 1.06031865579e-17, 1.21104254392e-17, 1.11053439195e-17, 8.01880300901e-18, 1.49984140514e-17, 1.69695771793e-17, 1.57055012739e-17, 1.30773532532e-17, 1.23282436012e-17, 1.26322341307e-17, 1.21480654658e-17, 1.04623598858e-17, 7.95230430521e-18, 6.58715561434e-18, 2.66247539574e-18, 9.93389735346e-19, 2.77937442106e-19, 3.02575882606e-20],
        "stdev": [1.41517305374, 8.4921541214, 12.6803455353, 12.8899784088, 11.9881467819, 9.66276931763, 18.1498069763, 30.988155365, 34.6514129639, 72.1228103638, 132.571166992, 61.3924255371, 68.4497833252, 52.8679504395, 30.6847305298, 29.7219104767, 33.7636299133, 31.5134181976, 28.0787811279, 25.1915550232, 27.255771637, 18.5657253265, 16.6284370422, 19.1907615662, 15.3091917038, 10.2673301697, 13.0469388962, 12.9925966263, 10.8496437073, 13.1143026352, 13.5687732697, 8.80953979492, 7.87827634811, 2.58888959885, 2.65391540527, 0.639634370804, 0.240843370557, 0.0516884550452, 0.00233232439496, 0.000125576523715],
        "var": [2.00271463394, 72.11668396, 160.791152954, 166.151535034, 143.715667725, 93.369102478, 329.415527344, 960.26574707, 1200.72033691, 5201.70019531, 17575.1132812, 3769.02978516, 4685.37304688, 2795.02001953, 941.55267334, 883.391967773, 1139.98266602, 993.095581055, 788.41796875, 634.614440918, 742.877075195, 344.686187744, 276.50491333, 368.285308838, 234.371353149, 105.418067932, 170.222610474, 168.807571411, 117.714759827, 171.984924316, 184.111618042, 77.6079940796, 62.067237854, 6.70234918594, 7.04326725006, 0.409132152796, 0.0580055303872, 0.0026716964785, 5.43973737877e-06, 1.57694639569e-08]
    },
    "gfcc": {
        "mean": [-16.2669315338, 79.3884429932, -123.018013, 23.6597137451, -71.2297058105, -3.24683856964, -43.9951248169, 3.34859991074, -21.6804103851, 2.81497454643, -19.9330310822, -3.7039065361, -12.5027284622],
        "cov": [[8765.16308594, -2307.56738281, 1908.72180176, -60.0013542175, -343.052337646, 1236.81713867, 82.7714233398, 732.510009766, -92.5438766479, 591.203125, -24.9996261597, 466.562652588, -250.00038147], [-2307.56738281, 2571.94750977, -671.748168945, -50.2063331604, 562.318603516, -379.392913818, 323.296203613, -98.1469726562, 269.169067383, -226.845367432, 174.765472412, -191.069824219, 186.410827637], [1908.72180176, -671.748168945, 1517.78820801, 179.053619385, 117.851631165, 512.879211426, 90.0776138306, 265.135955811, -56.2734680176, 210.207977295, -74.5849761963, 169.413345337, -107.136558533], [-60.0013542175, -50.2063331604, 179.053619385, 534.818237305, 263.760986328, 160.384124756, 129.068130493, 18.8720741272, 61.6834602356, -9.87373638153, -30.2062282562, -75.5045700073, -42.023109436], [-343.052337646, 562.318603516, 117.851631165, 263.760986328, 536.245300293, 189.000015259, 235.922286987, 66.2415390015, 126.233978271, -7.19127655029, 29.3523597717, -34.1504135132, 13.9375104904], [1236.81713867, -379.392913818, 512.879211426, 160.384124756, 189.000015259, 540.006652832, 180.870498657, 206.427093506, 28.7105045319, 125.041885376, 1.67761826515, 93.9295578003, -41.4228935242], [82.7714233398, 323.296203613, 90.0776138306, 129.068130493, 235.922286987, 180.870498657, 293.698059082, 115.600700378, 114.569152832, 19.0670490265, 49.433631897, -10.0156335831, 7.00340270996], [732.510009766, -98.1469726562, 265.135955811, 18.8720741272, 66.2415390015, 206.427093506, 115.600700378, 212.799850464, 68.7486419678, 94.9934768677, 34.4101371765, 75.3519210815, -2.6901204586], [-92.5438766479, 269.169067383, -56.2734680176, 61.6834602356, 126.233978271, 28.7105045319, 114.569152832, 68.7486419678, 167.050842285, 40.3397789001, 62.867931366, 1.10753023624, 28.5476169586], [591.203125, -226.845367432, 210.207977295, -9.87373638153, -7.19127655029, 125.041885376, 19.0670490265, 94.9934768677, 40.3397789001, 148.027618408, 48.8268051147, 78.078086853, -6.36878299713], [-24.9996261597, 174.765472412, -74.5849761963, -30.2062282562, 29.3523597717, 1.67761826515, 49.433631897, 34.4101371765, 62.867931366, 48.8268051147, 116.287071228, 52.5572776794, 49.8349990845], [466.562652588, -191.069824219, 169.413345337, -75.5045700073, -34.1504135132, 93.9295578003, -10.0156335831, 75.3519210815, 1.10753023624, 78.078086853, 52.5572776794, 141.366622925, 43.3014335632], [-250.00038147, 186.410827637, -107.136558533, -42.023109436, 13.9375104904, -41.4228935242, 7.00340270996, -2.6901204586, 28.5476169586, -6.36878299713, 49.8349990845, 43.3014335632, 107.253158569]],
        "icov": [[0.000277651590295, -1.90493792616e-05, -5.77153223276e-05, -3.0136186524e-06, 0.000316813617246, -0.000421457662014, 8.82576787262e-05, -0.000430487736594, 8.37675106595e-05, -0.000307504378725, 9.20637539821e-05, -0.00027911842335, 0.000430314918049], [-1.90493792616e-05, 0.00177250604611, -0.000463783508167, 0.00132257270161, -0.00186311604921, 0.00119640899356, -0.000768675468862, -5.78981125727e-05, -0.000968869309872, 0.00216213450767, -0.00271020759828, 0.00282872351818, -0.00181372941006], [-5.77153223276e-05, -0.000463783508167, 0.00166434177663, -0.000772812520154, 8.28700940474e-05, -0.000383246690035, -0.000104662307422, -0.000666997337248, 0.00123536330648, -0.00192235759459, 0.0024994390551, -0.00248442520387, 0.00126131158322], [-3.0136186524e-06, 0.00132257270161, -0.000772812520154, 0.00404530391097, -0.00230479659513, -2.21237278311e-05, -0.00039352895692, 0.000785922689829, -0.00165175751317, 0.00177098391578, -0.00205714534968, 0.00409608380869, -0.00130937178619], [0.000316813617246, -0.00186311604921, 8.28700940474e-05, -0.00230479659513, 0.00613490771502, -0.00263356254436, -0.000779147841968, 0.00058058538707, -0.000671816640534, -0.00131194433197, 0.00247177877463, -0.0026544763241, 0.00143157027196], [-0.000421457662014, 0.00119640899356, -0.000383246690035, -2.21237278311e-05, -0.00263356254436, 0.00662001827732, -0.00293372501619, -0.00164754851721, 0.00143937510438, -0.000373327202396, 5.15042047482e-05, -0.000545417482499, -0.000613089301623], [8.82576787262e-05, -0.000768675468862, -0.000104662307422, -0.00039352895692, -0.000779147841968, -0.00293372501619, 0.00935225188732, -0.00308409635909, -0.0022258865647, 0.00215188157745, -0.002864302136, 0.00234150327742, 0.000668939843308], [-0.000430487736594, -5.78981125727e-05, -0.000666997337248, 0.000785922689829, 0.00058058538707, -0.00164754851721, -0.00308409635909, 0.0128488913178, -0.00408795382828, -0.00158926460426, 0.00128691922873, -0.00287183863111, 0.00010596166976], [8.37675106595e-05, -0.000968869309872, 0.00123536330648, -0.00165175751317, -0.000671816640534, 0.00143937510438, -0.0022258865647, -0.00408795382828, 0.0139972250909, -0.00594275584444, -0.00091161718592, 0.000706922844984, -0.000788297737017], [-0.000307504378725, 0.00216213450767, -0.00192235759459, 0.00177098391578, -0.00131194433197, -0.000373327202396, 0.00215188157745, -0.00158926460426, -0.00594275584444, 0.0199097618461, -0.0101925842464, 0.000517274485901, 0.00143606285565], [9.20637539821e-05, -0.00271020759828, 0.0024994390551, -0.00205714534968, 0.00247177877463, 5.15042047482e-05, -0.002864302136, 0.00128691922873, -0.00091161718592, -0.0101925842464, 0.0241513103247, -0.0116191869602, -0.000359676749213], [-0.00027911842335, 0.00282872351818, -0.00248442520387, 0.00409608380869, -0.0026544763241, -0.000545417482499, 0.00234150327742, -0.00287183863111, 0.000706922844984, 0.000517274485901, -0.0116191869602, 0.026046872139, -0.0118090538308], [0.000430314918049, -0.00181372941006, 0.00126131158322, -0.00130937178619, 0.00143157027196, -0.000613089301623, 0.000668939843308, 0.00010596166976, -0.000788297737017, 0.00143606285565, -0.000359676749213, -0.0118090538308, 0.0189920887351]]
    },
    "melbands": {
        "dmean": [0.00347478408366, 0.00243912450969, 0.0007320799632, 0.000336169119691, 0.000205058269785, 0.000221972819418, 0.000162972224643, 0.000264811067609, 0.000283913337626, 0.00012745456479, 7.88699544501e-05, 5.40951186849e-05, 3.24294378515e-05, 3.39116741088e-05, 2.92189524771e-05, 2.6941721444e-05, 2.18693112402e-05, 1.85797725862e-05, 1.21812399811e-05, 2.53742291534e-05, 1.57903250511e-05, 8.18194075691e-06, 6.20618038738e-06, 7.61075807532e-06, 6.02694944973e-06, 6.16900297246e-06, 4.29613191955e-06, 3.11702501676e-06, 3.77713854505e-06, 3.22080313708e-06, 3.13619034387e-06, 2.73942578133e-06, 2.2223596261e-06, 2.71612407232e-06, 2.89315380542e-06, 2.17694400817e-06, 1.71921203673e-06, 1.88724550299e-06, 9.81499056252e-07, 6.82508527916e-07],
        "dmean2": [0.00514361914247, 0.00414530746639, 0.00121941231191, 0.000558175204787, 0.000319347076584, 0.000320021790685, 0.000244663795456, 0.000375380855985, 0.000450943945907, 0.000190369290067, 0.000112243149488, 8.54267855175e-05, 5.50369077246e-05, 5.61430024391e-05, 4.87751640321e-05, 4.29119209002e-05, 3.48662833858e-05, 3.06199253828e-05, 2.05650067073e-05, 4.18411873397e-05, 2.60216547758e-05, 1.36186963573e-05, 1.03687716546e-05, 1.26666564029e-05, 9.83256904874e-06, 1.02025005617e-05, 6.85171016812e-06, 5.14182465849e-06, 6.07698302701e-06, 4.98308372698e-06, 4.91237688038e-06, 4.1899857024e-06, 3.58634747499e-06, 4.38489769294e-06, 4.79052732771e-06, 3.48804928763e-06, 2.63219862973e-06, 3.10337100018e-06, 1.5234862758e-06, 1.03455431599e-06],
        "dvar": [9.0476416517e-05, 5.35639628652e-05, 5.30802981302e-06, 5.93671984461e-07, 1.20909277257e-07, 1.38629900448e-07, 1.15233625309e-07, 2.55538992633e-07, 6.52444271054e-07, 7.47463744233e-08, 4.85989772869e-08, 3.06809937456e-08, 5.99999783191e-09, 6.85426382319e-09, 4.02094091356e-09, 2.07814010444e-09, 2.65678723466e-09, 2.18513296346e-09, 8.76768768698e-10, 1.244736203e-09, 5.23844967404e-10, 3.90173948706e-10, 1.49785295278e-10, 2.05097841488e-10, 1.844682046e-10, 1.24005403168e-10, 6.0377272626e-11, 2.95769866931e-11, 3.60404518729e-11, 3.2031436531e-11, 3.74129893732e-11, 2.57379517005e-11, 2.24904556784e-11, 4.18096703092e-11, 7.74486516586e-11, 3.5624586614e-11, 1.85580457251e-11, 5.50754129802e-11, 8.57369644031e-12, 3.15016524151e-12],
        "dvar2": [0.000163246062584, 0.00013719117851, 1.45778249134e-05, 1.64474624853e-06, 3.11934684305e-07, 3.24907290405e-07, 2.38807473352e-07, 4.95768802011e-07, 1.55428961079e-06, 1.72928281472e-07, 8.68465903636e-08, 7.58393881028e-08, 1.60546331784e-08, 1.75160170812e-08, 1.06763469176e-08, 5.11794029379e-09, 6.39909192302e-09, 5.62988899944e-09, 2.37968800221e-09, 3.2753224577e-09, 1.3067649185e-09, 9.65425073218e-10, 4.0891953712e-10, 5.43831479849e-10, 4.54130510974e-10, 3.14192949435e-10, 1.56195639756e-10, 7.96073831855e-11, 9.51019332729e-11, 8.29674523528e-11, 9.41811698074e-11, 6.13096587387e-11, 5.42182652941e-11, 1.12020524801e-10, 2.12392922694e-10, 9.59951979018e-11, 4.88254714437e-11, 1.52797219322e-10, 2.26349130411e-11, 7.5187764001e-12],
        "max": [0.0956617891788, 0.0844150185585, 0.0267119649798, 0.0087351417169, 0.00647650798783, 0.007921599783, 0.00927079375833, 0.00973251741379, 0.0172845181078, 0.00547521980479, 0.0050547211431, 0.00402811774984, 0.00191560643725, 0.00222306651995, 0.000862979213707, 0.000686025479808, 0.00146899931133, 0.000964140286669, 0.000532410806045, 0.000522092042957, 0.000417994451709, 0.000447463535238, 0.000350849237293, 0.000418573356001, 0.000232858248637, 0.000154547102284, 0.000120817370771, 8.621050074e-05, 9.46216605371e-05, 8.14494705992e-05, 0.000163243952557, 8.12562429928e-05, 6.89901717124e-05, 0.000137342576636, 0.0001817298471, 0.000110416898679, 8.32302466733e-05, 0.000141554381116, 5.6571989262e-05, 3.71146779798e-05],
        "mean": [0.00427374849096, 0.00274688680656, 0.000914212549105, 0.00052503857296, 0.000417269242462, 0.000471423263662, 0.000315990007948, 0.000468607293442, 0.000445351528469, 0.000211055608816, 0.000131639651954, 8.18042317405e-05, 4.27581398981e-05, 4.56153793493e-05, 3.84175946238e-05, 4.19061288994e-05, 3.02330590785e-05, 2.32078473346e-05, 1.64806515386e-05, 3.65118285117e-05, 2.19663434109e-05, 1.01210725916e-05, 9.38826360652e-06, 1.08962267404e-05, 8.77025377122e-06, 9.62615740718e-06, 7.01800308889e-06, 4.88867453896e-06, 6.22512652626e-06, 6.23579717285e-06, 5.22387563251e-06, 4.49847402706e-06, 3.54638359568e-06, 4.27518443757e-06, 3.91009643863e-06, 3.52362758349e-06, 2.88470255327e-06, 2.36538812715e-06, 1.52085203808e-06, 1.14630950065e-06],
