{
"highlevel": {
    "danceability": {
        "all": {
            "danceable": 0.994847178459,
            "not_danceable": 0.00515283644199
        },
        "probability": 0.994847178459,
        "value": "danceable"
    },
    "gender": {
        "all": {
            "female": 0.948244690895,
            "male": 0.0517552793026
        },
        "probability": 0.948244690895,
        "value": "female"
    },
    "genre_electronic": {
        "all": {
            "ambient": 0.0451523140073,
            "dnb": 0.0173818320036,
            "house": 0.646947920322,
            "techno": 0.0950792208314,
            "trance": 0.195438697934
        },
        "probability": 0.646947920322,
        "value": "house"
    },
    "mood_acoustic": {
        "all": {
            "acoustic": 0.00790080241859,
            "not_acoustic": 0.992099225521
        },
        "probability": 0.992099225521,
        "value": "not_acoustic"
    },
    "mood_aggressive": {
        "all": {
            "aggressive": 0.209977000952,
            "not_aggressive": 0.790022969246
        },
        "probability": 0.790022969246,
        "value": "not_aggressive"
    },
    "mood_electronic": {
        "all": {
            "electronic": 0.938920736313,
            "not_electronic": 0.061079248786
        },
        "probability": 0.938920736313,
        "value": "electronic"
    },
    "mood_happy": {
        "all": {
            "happy": 0.0302167814225,
            "not_happy": 0.969783246517
        },
        "probability": 0.969783246517,
        "value": "not_happy"
    },
    "mood_party": {
        "all": {
            "not_party": 0.0419604480267,
            "party": 0.958039522171
        },
        "probability": 0.958039522171,
        "value": "party"
    },
    "mood_relaxed": {
        "all": {
            "not_relaxed": 0.150773793459,
            "relaxed": 0.849226236343
        },
        "probability": 0.849226236343,
        "value": "relaxed"
    },
    "mood_sad": {
        "all": {
            "not_sad": 0.941962897778,
            "sad": 0.0580371282995
        },
        "probability": 0.941962897778,
        "value": "not_sad"
    },
    "moods_mirex": {
        "all": {
            "Cluster1": 0.125199317932,
            "Cluster2": 0.0965840891004,
            "Cluster3": 0.12284168601,
            "Cluster4": 0.43869382143,
            "Cluster5": 0.216681078076
        },
        "probability": 0.43869382143,
        "value": "Cluster4"
    },
    "timbre": {
        "all": {
            "bright": 0.016292527318,
            "dark": 0.983707487583
        },
        "probability": 0.983707487583,
        "value": "dark"
    },
    "tonal_atonal": {
        "all": {
            "atonal": 0.999997437,
            "tonal": 2.58994532487e-06
        },
        "probability": 0.999997437,
        "value": "atonal"
    },
    "voice_instrumental": {
        "all": {
            "instrumental": 0.611524581909,
            "voice": 0.388475447893
        },
        "probability": 0.611524581909,
        "value": "instrumental"
    }
},
"lowlevel": {
    "average_loudness": 0.947658061981,
    "barkbands_crest": {
        "dmean": 2.72304844856,
        "dmean2": 4.46250152588,
        "dvar": 8.1320476532,
        "dvar2": 19.7665958405,
        "max": 26.0043315887,
        "mean": 14.9616279602,
        "median": 14.6853599548,
        "min": 2.27073454857,
        "stdev": 5.66421890259,
        "var": 32.0833740234
    },
    "barkbands_flatness_db": {
        "dmean": 0.0319435335696,
        "dmean2": 0.0491427704692,
        "dvar": 0.00121769518591,
        "dvar2": 0.00252954731695,
        "max": 0.611691236496,
        "mean": 0.209140971303,
        "median": 0.200735628605,
        "min": 0.0263803638518,
        "stdev": 0.0880712196231,
        "var": 0.00775654008612
    },
    "barkbands_kurtosis": {
        "dmean": 9.22873497009,
        "dmean2": 14.6340770721,
        "dvar": 243.624404907,
        "dvar2": 601.600585938,
        "max": 344.277770996,
        "mean": 19.155210495,
        "median": 10.8139801025,
        "min": -1.75478112698,
        "stdev": 25.4658851624,
        "var": 648.511352539
    },
    "barkbands_skewness": {
        "dmean": 0.8381909132,
        "dmean2": 1.30547952652,
        "dvar": 0.862538397312,
        "dvar2": 2.0444047451,
        "max": 15.6528482437,
        "mean": 3.39462614059,
        "median": 2.98592400551,
        "min": -2.39870905876,
        "stdev": 1.90614259243,
        "var": 3.63337945938
    },
    "barkbands_spread": {
        "dmean": 4.04270935059,
        "dmean2": 6.2711725235,
        "dvar": 46.5003929138,
        "dvar2": 92.9504928589,
        "max": 90.2988739014,
        "mean": 11.9958772659,
        "median": 8.06033706665,
        "min": 0.195995643735,
        "stdev": 12.6450538635,
        "var": 159.897384644
    },
    "dissonance": {
        "dmean": 0.0181956905872,
        "dmean2": 0.0300072859973,
        "dvar": 0.00043130168342,
        "dvar2": 0.00100493396167,
        "max": 0.500000059605,
        "mean": 0.467299878597,
        "median": 0.473974525928,
        "min": 0.172817394137,
        "stdev": 0.0294368434697,
        "var": 0.000866527727339
    },
    "dynamic_complexity": 2.32210683823,
    "erbbands_crest": {
        "dmean": 1.68798172474,
        "dmean2": 2.66294527054,
        "dvar": 2.84228205681,
        "dvar2": 6.64594268799,
        "max": 23.9685115814,
        "mean": 6.43382072449,
        "median": 5.83178901672,
        "min": 1.99731361866,
        "stdev": 2.82170462608,
        "var": 7.96201705933
    },
    "erbbands_flatness_db": {
        "dmean": 0.0180213730782,
        "dmean2": 0.0247009880841,
        "dvar": 0.000507490767632,
        "dvar2": 0.00095887912903,
        "max": 0.338259369135,
        "mean": 0.144903331995,
        "median": 0.125722825527,
        "min": 0.0382367819548,
        "stdev": 0.0537798069417,
        "var": 0.00289226765744
    },
    "erbbands_kurtosis": {
        "dmean": 0.580232441425,
        "dmean2": 0.93422049284,
        "dvar": 0.449263483286,
        "dvar2": 1.22922277451,
        "max": 13.8464202881,
        "mean": 0.057956635952,
        "median": -0.105992078781,
        "min": -1.51069366932,
        "stdev": 0.894926011562,
        "var": 0.800892591476
    },
    "erbbands_skewness": {
        "dmean": 0.268324792385,
        "dmean2": 0.403765082359,
        "dvar": 0.0741551071405,
        "dvar2": 0.166319146752,
        "max": 3.0853509903,
        "mean": 0.326205193996,
        "median": 0.428045749664,
        "min": -1.59802567959,
        "stdev": 0.580800116062,
        "var": 0.337328791618
    },
    "erbbands_spread": {
        "dmean": 8.84273433685,
        "dmean2": 13.3478307724,
        "dvar": 108.046440125,
        "dvar2": 239.667068481,
        "max": 143.995147705,
        "mean": 42.6805992126,
        "median": 40.3692550659,
        "min": 8.49147319794,
        "stdev": 17.0534572601,
        "var": 290.820373535
    },
    "hfc": {
        "dmean": 9.1892824173,
        "dmean2": 12.0777997971,
        "dvar": 429.92276001,
        "dvar2": 879.977783203,
        "max": 234.999023438,
        "mean": 20.7926902771,
        "median": 11.3169384003,
        "min": 1.08193900633e-16,
        "stdev": 28.8206882477,
        "var": 830.632080078
    },
    "loudness_ebu128": {
        "integrated": -9.8261346817,
        "loudness_range": 3.63643360138,
        "momentary": {
            "dmean": 0.679944634438,
            "dmean2": 1.00244188309,
            "dvar": 10.3553237915,
            "dvar2": 12.0967302322,
            "max": -7.38462114334,
            "mean": -12.483288765,
            "median": -9.56303787231,
            "min": -300.691009521,
            "stdev": 24.487947464,
            "var": 599.659545898
        },
        "short_term": {
            "dmean": 0.117494896054,
            "dmean2": 0.141041532159,
            "dvar": 0.0169589687139,
            "dvar2": 0.0118545535952,
            "max": -8.50449848175,
            "mean": -10.2981901169,
            "median": -9.37799263,
            "min": -44.4088058472,
            "stdev": 2.85586333275,
            "var": 8.15595531464
        }
    },
    "melbands_crest": {
        "dmean": 3.88513970375,
        "dmean2": 6.2182970047,
        "dvar": 15.3650312424,
        "dvar2": 37.8322105408,
        "max": 36.5927772522,
        "mean": 22.5585784912,
        "median": 22.1079044342,
        "min": 1.54023087025,
        "stdev": 7.69603490829,
        "var": 59.2289543152
    },
    "melbands_flatness_db": {
        "dmean": 0.0365264415741,
        "dmean2": 0.0560233034194,
        "dvar": 0.00174198474269,
        "dvar2": 0.00354757253081,
        "max": 0.773606717587,
        "mean": 0.303310602903,
        "median": 0.293051719666,
        "min": 0.00359465321526,
        "stdev": 0.108642801642,
        "var": 0.0118032582104
    },
    "melbands_kurtosis": {
        "dmean": 20.3883743286,
        "dmean2": 31.9731197357,
        "dvar": 1270.62084961,
        "dvar2": 2925.66333008,
        "max": 907.477233887,
        "mean": 43.9284362793,
        "median": 26.8635749817,
        "min": -1.42295873165,
        "stdev": 52.7175064087,
        "var": 2779.13549805
    },
    "melbands_skewness": {
        "dmean": 1.15044653416,
        "dmean2": 1.77741754055,
        "dvar": 1.54541885853,
        "dvar2": 3.57251191139,
        "max": 24.1267814636,
        "mean": 4.94998311996,
        "median": 4.28328943253,
        "min": -0.327060848475,
        "stdev": 2.46932816505,
        "var": 6.09758138657
    },
    "melbands_spread": {
        "dmean": 3.46480488777,
        "dmean2": 5.54305410385,
        "dvar": 48.6954154968,
        "dvar2": 108.530174255,
        "max": 170.325271606,
        "mean": 9.97643566132,
        "median": 6.30125141144,
        "min": 0.202589079738,
        "stdev": 15.8037605286,
        "var": 249.758850098
    },
    "pitch_salience": {
        "dmean": 0.0887283235788,
        "dmean2": 0.144700974226,
        "dvar": 0.00839364062995,
        "dvar2": 0.0215513370931,
        "max": 0.84652107954,
        "mean": 0.42451363802,
        "median": 0.43576079607,
        "min": 0.0639766231179,
        "stdev": 0.167082160711,
        "var": 0.0279164463282
    },
    "silence_rate_20dB": {
        "dmean": 0.00195677299052,
        "dmean2": 0.00391389429569,
        "dvar": 0.00195293023717,
        "dvar2": 0.00567756127566,
        "max": 1,
        "mean": 0.998932778835,
        "median": 1,
        "min": 0,
        "stdev": 0.0326488167048,
        "var": 0.00106594525278
    },
    "silence_rate_30dB": {
        "dmean": 0.0868095681071,
        "dmean2": 0.173634588718,
        "dvar": 0.0792589858174,
        "dvar2": 0.158429637551,
        "max": 1,
        "mean": 0.721273541451,
        "median": 1,
        "min": 0,
        "stdev": 0.448351055384,
        "var": 0.201018661261
    },
    "silence_rate_60dB": {
        "dmean": 0.000355776923243,
        "dmean2": 0.000711617176421,
        "dvar": 0.000355648982804,
        "dvar2": 0.000711081142072,
        "max": 1,
        "mean": 0.0209889709949,
        "median": 0,
        "min": 0,
        "stdev": 0.143347606063,
        "var": 0.0205485373735
    },
    "spectral_centroid": {
        "dmean": 189.500930786,
        "dmean2": 261.296600342,
        "dvar": 91877.6171875,
        "dvar2": 145106.828125,
        "max": 11808.9921875,
        "mean": 1026.63378906,
        "median": 686.977111816,
        "min": 135.341644287,
        "stdev": 1163.29455566,
        "var": 1353254.125
    },
    "spectral_complexity": {
        "dmean": 3.94787859917,
        "dmean2": 5.45436763763,
        "dvar": 30.1651935577,
        "dvar2": 46.2561645508,
        "max": 63,
        "mean": 19.7226085663,
        "median": 16,
        "min": 0,
        "stdev": 12.2029085159,
        "var": 148.910980225
    },
    "spectral_decrease": {
        "dmean": 8.39302760625e-09,
        "dmean2": 1.30622739292e-08,
        "dvar": 1.26653263183e-16,
        "dvar2": 2.75886677734e-16,
        "max": 2.1741746105e-28,
        "mean": -2.13167243857e-08,
        "median": -1.37597311323e-08,
        "min": -1.03955024144e-07,
        "stdev": 1.91765821e-08,
        "var": 3.67741286344e-16
    },
    "spectral_energy": {
        "dmean": 0.0322246178985,
        "dmean2": 0.050130661577,
        "dvar": 0.00185954978224,
        "dvar2": 0.00401445571333,
        "max": 0.394447505474,
        "mean": 0.0823400318623,
        "median": 0.0538347177207,
        "min": 9.88252226421e-21,
        "stdev": 0.073443390429,
        "var": 0.00539393117651
    },
    "spectral_energyband_high": {
        "dmean": 0.000821672263555,
        "dmean2": 0.00109354616143,
        "dvar": 5.61536262467e-06,
        "dvar2": 1.19587930385e-05,
        "max": 0.028357161209,
        "mean": 0.00123887590598,
        "median": 0.000176499510417,
        "min": 6.96929473659e-21,
        "stdev": 0.00303869321942,
        "var": 9.23365587369e-06
    },
    "spectral_energyband_low": {
        "dmean": 0.0304513853043,
        "dmean2": 0.0476577542722,
        "dvar": 0.00175941491034,
        "dvar2": 0.0039307884872,
        "max": 0.384818673134,
        "mean": 0.0686362609267,
        "median": 0.0386137068272,
        "min": 1.39377759115e-23,
        "stdev": 0.0706736668944,
        "var": 0.00499476725236
    },
    "spectral_energyband_middle_high": {
        "dmean": 0.000961330835707,
        "dmean2": 0.00122224667575,
        "dvar": 2.30620889852e-06,
        "dvar2": 3.37165852216e-06,
        "max": 0.0216732639819,
        "mean": 0.00289557338692,
        "median": 0.00190719717648,
        "min": 1.19022101495e-21,
        "stdev": 0.00305243069306,
        "var": 9.31733302423e-06
    },
    "spectral_energyband_middle_low": {
        "dmean": 0.00498259812593,
        "dmean2": 0.00835197698325,
        "dvar": 7.90013364167e-05,
        "dvar2": 0.0002284549264,
        "max": 0.0905875712633,
        "mean": 0.0112758958712,
        "median": 0.00873787887394,
        "min": 1.54101377749e-22,
        "stdev": 0.00946014840156,
        "var": 8.94944023457e-05
    },
    "spectral_entropy": {
        "dmean": 0.194290265441,
        "dmean2": 0.277094125748,
        "dvar": 0.0691396445036,
        "dvar2": 0.133605971932,
        "max": 9.82661247253,
        "mean": 7.41748094559,
        "median": 7.45292520523,
        "min": 5.20907688141,
        "stdev": 0.645301401615,
        "var": 0.416413933039
    },
    "spectral_flux": {
        "dmean": 0.0460998043418,
        "dmean2": 0.0744525790215,
        "dvar": 0.00361423916183,
        "dvar2": 0.00757842930034,
        "max": 0.518084764481,
        "mean": 0.114323593676,
        "median": 0.0959002822638,
        "min": 6.45064418547e-11,
        "stdev": 0.0776004120708,
        "var": 0.00602182419971
    },
    "spectral_kurtosis": {
        "dmean": 4.4773440361,
        "dmean2": 7.30716562271,
        "dvar": 84.4235992432,
        "dvar2": 198.084411621,
        "max": 176.536270142,
        "mean": 9.58536815643,
        "median": 4.29814481735,
        "min": -1.24715614319,
        "stdev": 16.9238243103,
        "var": 286.415802002
    },
    "spectral_rms": {
        "dmean": 0.00168413529173,
        "dmean2": 0.0025962444488,
        "dvar": 3.57664657713e-06,
        "dvar2": 7.39453616916e-06,
        "max": 0.01961700432,
        "mean": 0.00813999399543,
        "median": 0.00724718440324,
        "min": 3.10507414052e-12,
        "stdev": 0.00375139457174,
        "var": 1.4072961676e-05
    },
    "spectral_rolloff": {
        "dmean": 212.817123413,
        "dmean2": 351.405029297,
        "dvar": 369265.4375,
        "dvar2": 798023.375,
        "max": 19724.4140625,
        "mean": 599.213684082,
        "median": 215.33203125,
        "min": 43.06640625,
        "stdev": 1910.45410156,
        "var": 3649835
    },
    "spectral_skewness": {
        "dmean": 0.391284435987,
        "dmean2": 0.612625777721,
        "dvar": 0.375435203314,
        "dvar2": 0.826242148876,
        "max": 11.0552520752,
        "mean": 2.01329421997,
        "median": 1.78931462765,
        "min": -0.131116852164,
        "stdev": 1.27887892723,
        "var": 1.63553118706
    },
    "spectral_spread": {
        "dmean": 744476.625,
        "dmean2": 1018515.5625,
        "dvar": 1.03139849011e+12,
        "dvar2": 2.11008474317e+12,
        "max": 49905360,
        "mean": 4494377,
        "median": 4425705,
        "min": 537246.9375,
        "stdev": 3805880,
        "var": 1.44847226798e+13
    },
    "spectral_strongpeak": {
        "dmean": 0.182029500604,
        "dmean2": 0.291760802269,
        "dvar": 0.0427306555212,
        "dvar2": 0.100376009941,
        "max": 2.63401198387,
        "mean": 0.490767747164,
        "median": 0.389168560505,
        "min": 0,
        "stdev": 0.353037059307,
        "var": 0.12463516742
    },
    "zerocrossingrate": {
        "dmean": 0.00735014630482,
        "dmean2": 0.00908037181944,
        "dvar": 0.000123733319924,
        "dvar2": 0.000195110653294,
        "max": 0.53515625,
        "mean": 0.0295285526663,
        "median": 0.017578125,
        "min": 0.001953125,
        "stdev": 0.0505339987576,
        "var": 0.00255368510261
    },
    "barkbands": {
        "dmean": [0.0042373649776, 0.0260677877814, 0.0048733218573, 0.00222602183931, 0.00225420645438, 0.000977277988568, 0.000532040256076, 0.000418032286689, 0.000210012731259, 0.000374935625587, 0.000191535917111, 0.000163668664754, 0.000133292312967, 0.000150043473695, 0.000110606968519, 0.000111928900878, 0.00014083107817, 0.000113646121463, 0.00015260624059, 0.000147662271047, 0.000194113963516, 0.000140988733619, 0.000183880256373, 0.00018420208653, 7.48051315895e-05, 2.20479942072e-05, 7.26163989384e-07],
        "dmean2": [0.00716574676335, 0.040701918304, 0.00855404511094, 0.00383360986598, 0.00370030035265, 0.00160242815036, 0.00086872826796, 0.000629869464319, 0.0003326383885, 0.000542122579645, 0.000303884153254, 0.000254515383858, 0.000207460790989, 0.000231691388763, 0.000177774854819, 0.000179607319296, 0.000214272382436, 0.00016455281002, 0.000205779375392, 0.000196324675926, 0.000307433336275, 0.000206004537176, 0.000267945957603, 0.000250286480878, 0.000107364008727, 3.22878295265e-05, 1.16084686397e-06],
        "dvar": [3.60564990842e-05, 0.00149639137089, 8.6538369942e-05, 2.41309116973e-05, 1.35331520141e-05, 2.2593749236e-06, 4.22390456833e-07, 2.36429002598e-07, 4.76104098368e-08, 2.53473473322e-07, 5.9067588154e-08, 4.30667590479e-08, 3.53534233e-08, 4.58748345977e-08, 3.14467349938e-08, 4.49215704634e-08, 6.51299316701e-08, 7.12290244564e-08, 1.55121028911e-07, 1.58174074727e-07, 3.85513118317e-07, 1.76744634928e-07, 2.48065902042e-07, 2.85657819177e-07, 4.62927545186e-08, 3.85821152804e-09, 5.96554229626e-12],
        "dvar2": [0.000115001981612, 0.00332261691801, 0.000249439006438, 6.87321589794e-05, 3.84574050258e-05, 6.04349907007e-06, 1.14976546683e-06, 5.60405794658e-07, 1.13243146416e-07, 4.93630807341e-07, 1.43410062492e-07, 9.77641931854e-08, 7.76046960027e-08, 1.07460671472e-07, 7.46562989207e-08, 1.18385536041e-07, 1.29801108528e-07, 1.41355897654e-07, 2.72889678854e-07, 2.88188601871e-07, 9.52579569002e-07, 3.90876380152e-07, 5.27645852344e-07, 6.07647734796e-07, 1.05470384426e-07, 9.13310227446e-09, 1.5356414057e-11],
        "max": [0.048816960305, 0.350566238165, 0.111426085234, 0.0507933236659, 0.0543298572302, 0.0201677158475, 0.0107144704089, 0.00782646797597, 0.00332691567019, 0.00846995506436, 0.00339780864306, 0.00410765921697, 0.00246382271871, 0.00332365906797, 0.00292874057777, 0.00283885002136, 0.00342155364342, 0.00415993062779, 0.00562100671232, 0.00487983971834, 0.00889403466135, 0.00568786635995, 0.00629329867661, 0.00649612350389, 0.00258058938198, 0.000782024289947, 5.42009256606e-05],
        "mean": [0.00598934525624, 0.0548444613814, 0.00631512142718, 0.00281489896588, 0.00384572637267, 0.00184643897228, 0.00104968156666, 0.000858168466948, 0.000402737408876, 0.000702952151187, 0.000347766414052, 0.000313183583785, 0.000251687044511, 0.000252886442468, 0.000203086936381, 0.000192009989405, 0.000258652289631, 0.000215739652049, 0.000271569821052, 0.000253030768363, 0.000272049393971, 0.000227376280236, 0.000268659699941, 0.00023616157705, 8.2520658907e-05, 2.32858201343e-05, 7.14894781595e-07],
        "median": [0.00381286884658, 0.0252792723477, 0.00388310849667, 0.00118536106311, 0.00208014855161, 0.00105899060145, 0.00075184419984, 0.00058495887788, 0.000323856336763, 0.000394267524825, 0.000230767429457, 0.000210451806197, 0.000163788703503, 0.000154893816216, 0.000111677480163, 8.70808435138e-05, 9.53143389779e-05, 6.49778594379e-05, 5.88152761338e-05, 4.31121043221e-05, 3.2034877222e-05, 2.91741889669e-05, 3.00090541714e-05, 2.43052418227e-05, 9.12281575438e-06, 1.84949203685e-06, 4.6406185561e-08],
        "min": [3.82632618691e-25, 1.66592651762e-24, 6.09930883053e-25, 9.81829594666e-25, 6.20006017319e-24, 7.98527291209e-24, 6.14210492907e-24, 2.53465288418e-24, 1.32765321903e-23, 1.32889867263e-23, 1.63536513896e-23, 1.80190503565e-23, 3.01435995006e-23, 2.66382897574e-23, 5.06641435648e-23, 4.33068607313e-23, 7.32195890439e-23, 1.0266765304e-22, 1.31094949957e-22, 1.16039634244e-22, 2.28168462152e-22, 2.60322003508e-22, 3.68014618473e-22, 5.38119459634e-22, 9.18533785091e-22, 1.19850948181e-21, 1.85258084174e-21],
        "stdev": [0.00654997117817, 0.0645573884249, 0.00835600774735, 0.00444662431255, 0.00513259274885, 0.00217930413783, 0.000983684323728, 0.000849237840157, 0.000316132238368, 0.000872340227943, 0.000347572058672, 0.00031985816895, 0.00026896916097, 0.000284566543996, 0.000263991503743, 0.00028592578019, 0.00041849311674, 0.000410794949858, 0.000597569800448, 0.000596156052779, 0.000707987986971, 0.00055266515119, 0.000632965471596, 0.000642393541057, 0.000228835138842, 6.30554422969e-05, 2.26641827794e-06],
        "var": [4.29021238233e-05, 0.00416765594855, 6.98228686815e-05, 1.97724657482e-05, 2.63435067609e-05, 4.749366326e-06, 9.67634832705e-07, 7.21204912679e-07, 9.99395908252e-08, 7.60977513892e-07, 1.20806333825e-07, 1.02309250849e-07, 7.23444060213e-08, 8.09781113276e-08, 6.96915165577e-08, 8.17535479314e-08, 1.75136491976e-07, 1.68752492868e-07, 3.57089646741e-07, 3.554020509e-07, 5.01247029661e-07, 3.05438760506e-07, 4.00645262744e-07, 4.12669493244e-07, 5.23655181439e-08, 3.97598842738e-09, 5.13665195448e-12]
    },
    "erbbands": {
        "dmean": [1.29101955891, 4.41463565826, 5.52772855759, 7.10487556458, 7.57238054276, 7.29435253143, 7.28527450562, 7.15888547897, 8.29047584534, 7.98206949234, 8.1485786438, 5.01623630524, 13.4386310577, 6.20300912857, 7.65369844437, 7.05234718323, 5.99265050888, 7.39521121979, 5.802754879, 6.34978437424, 5.4077539444, 6.40027523041, 6.92504549026, 5.69915008545, 8.86245918274, 7.70115852356, 6.68058109283, 7.5544757843, 5.0046877861, 5.20402383804, 5.32527542114, 4.25862979889, 2.76739382744, 1.15894246101, 0.369657129049, 0.121602714062, 0.0361073203385, 0.00526865292341, 0.000120119038911, 3.92943438783e-05],
        "dmean2": [1.97096478939, 7.24402713776, 9.65279579163, 12.2900285721, 12.9258766174, 11.7375173569, 11.9542503357, 12.0226478577, 13.135222435, 12.911233902, 11.9321336746, 7.9342455864, 19.3839931488, 9.4641752243, 12.0773591995, 10.857550621, 9.28912258148, 11.4354820251, 8.20718479156, 10.4054670334, 8.56449604034, 9.49227905273, 9.61405563354, 8.54453659058, 11.4135360718, 10.3902158737, 10.1245269775, 11.556968689, 7.300096035, 7.48940896988, 7.96916913986, 5.79983615875, 3.86610651016, 1.65933549404, 0.533318519592, 0.177928209305, 0.0532510280609, 0.00785558391362, 0.000176733607077, 6.07433721598e-05],
        "dvar": [3.68736028671, 49.4663696289, 103.058662415, 234.008178711, 219.404724121, 128.128463745, 170.393859863, 134.358596802, 129.783477783, 101.547172546, 111.997398376, 27.163312912, 382.001831055, 60.8951187134, 98.5344314575, 95.9995880127, 68.7933807373, 108.867416382, 71.8283233643, 110.052024841, 82.4641036987, 163.684875488, 251.045425415, 175.881118774, 591.122131348, 439.442352295, 434.697845459, 649.530700684, 222.937667847, 227.68800354, 205.685852051, 148.775024414, 65.1576309204, 11.3036994934, 1.12723779678, 0.119083896279, 0.0103778429329, 0.000251946912613, 1.09578650154e-07, 2.89480772686e-09],
        "dvar2": [8.58897590637, 118.638076782, 294.175994873, 670.648620605, 639.208618164, 335.806854248, 447.386047363, 373.591033936, 314.350585938, 276.455413818, 231.154937744, 65.5197219849, 741.810546875, 132.535720825, 233.660690308, 210.361984253, 150.827026367, 253.524780273, 131.8177948, 298.242492676, 186.041503906, 309.036315918, 446.265441895, 353.974090576, 1022.2567749, 792.602722168, 1033.73693848, 1567.07128906, 499.103729248, 469.823303223, 455.718292236, 313.823425293, 144.239700317, 25.5149250031, 2.64090871811, 0.283674240112, 0.0246145632118, 0.00060555501841, 2.59053678064e-07, 6.02821570439e-09],
        "max": [18.0067977905, 70.9928665161, 129.511383057, 150.03414917, 160.430755615, 233.720901489, 211.670852661, 173.398834229, 273.365783691, 161.973556519, 211.877365112, 80.9426422119, 348.564880371, 124.469268799, 142.697799683, 217.008026123, 111.341331482, 171.5912323, 180.224304199, 149.851654053, 128.197189331, 162.28125, 217.454025269, 244.154922485, 338.488677979, 246.889526367, 303.786895752, 424.995361328, 194.369628906, 218.056884766, 185.158950806, 148.126953125, 101.307495117, 40.3429527283, 16.6608333588, 5.25754880905, 1.27766430378, 0.191901952028, 0.00412369053811, 0.000425108388299],
        "mean": [2.66774940491, 7.93530082703, 7.93210315704, 9.34051609039, 11.2001037598, 12.8808031082, 13.003200531, 12.2207164764, 16.3952903748, 15.8510274887, 17.6272907257, 10.6385698318, 24.6202335358, 13.6072626114, 14.2836084366, 14.0093107224, 11.853928566, 13.0609645844, 11.7071800232, 11.4554738998, 10.6229782104, 13.1053981781, 13.4377593994, 11.0242147446, 15.1647577286, 12.8465309143, 10.5555181503, 10.4323148727, 8.16648578644, 8.41627120972, 7.27267599106, 5.67711353302, 3.38524651527, 1.30094528198, 0.400087028742, 0.128281995654, 0.0381613336504, 0.00555075379089, 0.000155574700329, 9.75808579824e-05],
        "median": [1.13895225525, 3.82737398148, 5.22892427444, 4.9962978363, 5.98337507248, 6.54082107544, 5.85082197189, 7.66933441162, 11.0876331329, 11.2035694122, 10.7232723236, 8.76123905182, 12.8600997925, 9.93188476562, 10.2844171524, 8.82808589935, 7.96910572052, 8.36417770386, 6.68128585815, 6.18187570572, 5.71276855469, 4.51542901993, 3.88266658783, 3.37445402145, 2.45313835144, 2.18382573128, 1.46649694443, 1.10140943527, 1.00809383392, 0.940535306931, 0.849413514137, 0.579740643501, 0.365245521069, 0.143012851477, 0.0410453975201, 0.0110252965242, 0.00289452215657, 0.000391006353311, 5.3791089158e-05, 6.37959237793e-05],
        "min": [9.46073499893e-23, 5.36834462018e-22, 2.45728662412e-21, 4.7304439748e-21, 1.42171199262e-20, 1.38757657519e-20, 3.52465310236e-20, 8.1332139526e-20, 1.46059817327e-19, 1.65595509875e-19, 1.01279483675e-19, 3.70989108863e-19, 3.47438733986e-19, 5.97316115914e-19, 9.92471978456e-19, 1.2000477833e-18, 1.68687025036e-18, 2.35850637296e-18, 2.39689996109e-18, 3.10127154964e-18, 4.07267875342e-18, 4.50192469356e-18, 5.46004551553e-18, 7.13259147923e-18, 6.24605569464e-18, 6.58578993915e-18, 9.53562312341e-18, 9.50972575279e-18, 1.07307816489e-17, 1.03958570461e-17, 9.36113350909e-18, 9.94988179162e-18, 9.93770238428e-18, 7.82126152539e-18, 7.04025744335e-18, 3.90566809261e-18, 2.16452362713e-18, 9.43650124342e-19, 2.61936537885e-19, 2.77267128542e-20],
        "stdev": [3.2277276516, 9.78687763214, 9.41563224792, 13.4510059357, 15.1509008408, 18.9999065399, 18.9421215057, 13.8221559525, 17.7409000397, 15.3682489395, 19.9510803223, 7.94018697739, 33.2619094849, 12.5633983612, 13.5671844482, 15.2378835678, 12.0067825317, 13.8429279327, 14.9279527664, 14.8734760284, 13.970082283, 22.1356086731, 25.8226718903, 20.5018177032, 36.5005264282, 30.7974910736, 25.8080654144, 28.4143466949, 19.6799030304, 20.4822692871, 17.1918544769, 15.0711202621, 9.26940155029, 3.6243853569, 1.10356247425, 0.348824173212, 0.103122971952, 0.0158464983106, 0.000340641621733, 8.69571013027e-05],
        "var": [10.4182262421, 95.7829818726, 88.6541290283, 180.92956543, 229.549789429, 360.996459961, 358.803985596, 191.051986694, 314.739532471, 236.183074951, 398.045623779, 63.0465698242, 1106.35473633, 157.838973999, 184.068481445, 232.193099976, 144.162826538, 191.626663208, 222.843780518, 221.220275879, 195.163192749, 489.985198975, 666.810424805, 420.324523926, 1332.28833008, 948.485412598, 666.056274414, 807.37512207, 387.298553467, 419.523376465, 295.559844971, 227.138656616, 85.9218063354, 13.1361684799, 1.21785020828, 0.121678307652, 0.0106343468651, 0.00025111148716, 1.16036723341e-07, 7.56153806236e-09]
    },
    "gfcc": {
        "mean": [-18.8044910431, 130.922607422, -94.541809082, 39.9892654419, -44.4788398743, 23.6219787598, -22.7591362, 11.0420408249, -9.37154579163, 1.0761179924, -4.4128909111, -1.10472011566, -4.81083250046],
        "cov": [[21445.3183594, -2003.04370117, -1623.26403809, 1879.2902832, -1298.31494141, 895.360046387, -825.467773438, 454.453613281, -504.445831299, 166.5987854, -255.643615723, 248.38722229, -250.320236206], [-2003.04370117, 2787.51586914, -128.066101074, -807.365478516, 608.072021484, -522.4765625, 445.752075195, -298.951568604, 303.323303223, -180.452087402, 179.03994751, -240.083389282, 188.832092285], [-1623.26403809, -128.066101074, 706.318481445, -267.022827148, 54.2615966797, 104.382827759, -58.0898017883, 63.9480400085, -29.4951229095, 52.0027389526, -24.0391330719, 57.0035591125, -41.2793922424], [1879.2902832, -807.365478516, -267.022827148, 575.79510498, -206.049362183, 150.482528687, -56.527381897, 56.872013092, -37.6247596741, 22.2323589325, 1.26536548138, 48.352230072, -1.683852911], [-1298.31494141, 608.072021484, 54.2615966797, -206.049362183, 320.62097168, -137.848876953, 179.926773071, -68.5044250488, 104.093955994, -27.4980049133, 68.9435501099, -46.5674514771, 65.7121124268], [895.360046387, -522.4765625, 104.382827759, 150.482528687, -137.848876953, 207.036361694, -99.3021240234, 91.4220657349, -48.9976997375, 40.4192314148, -32.2657699585, 53.1636924744, -45.1694946289], [-825.467773438, 445.752075195, -58.0898017883, -56.527381897, 179.926773071, -99.3021240234, 217.091125488, -39.5096626282, 125.294570923, -25.8346767426, 77.768196106, -50.4765396118, 69.9287338257], [454.453613281, -298.951568604, 63.9480400085, 56.872013092, -68.5044250488, 91.4220657349, -39.5096626282, 102.840164185, -6.38203716278, 44.8769874573, -19.175239563, 34.7245521545, -31.3811340332], [-504.445831299, 303.323303223, -29.4951229095, -37.6247596741, 104.093955994, -48.9976997375, 125.294570923, -6.38203716278, 134.59992981, -1.18088817596, 72.8609542847, -28.0742053986, 48.2933120728], [166.5987854, -180.452087402, 52.0027389526, 22.2323589325, -27.4980049133, 40.4192314148, -25.8346767426, 44.8769874573, -1.18088817596, 64.2289581299, 7.03271770477, 32.491481781, -19.0429954529], [-255.643615723, 179.03994751, -24.0391330719, 1.26536548138, 68.9435501099, -32.2657699585, 77.768196106, -19.175239563, 72.8609542847, 7.03271770477, 81.5738296509, 3.67289829254, 44.7719230652], [248.38722229, -240.083389282, 57.0035591125, 48.352230072, -46.5674514771, 53.1636924744, -50.4765396118, 34.7245521545, -28.0742053986, 32.491481781, 3.67289829254, 64.9909362793, 2.01923942566], [-250.320236206, 188.832092285, -41.2793922424, -1.683852911, 65.7121124268, -45.1694946289, 69.9287338257, -31.3811340332, 48.2933120728, -19.0429954529, 44.7719230652, 2.01923942566, 75.7071533203]],
        "icov": [[0.000253395410255, -0.000868379196618, 0.000510557496455, -0.00116163189523, 7.05721031409e-05, -0.00103453570046, 0.000628264853731, -0.00113054609392, 0.000946737476625, -0.000799862027634, 0.000579909421504, -0.0010076619219, 0.00040771663771], [-0.000868379196618, 0.00515145901591, -0.00111754226964, 0.00657750247046, -0.000594451092184, 0.00401896983385, -0.0021905968897, 0.00479644862935, -0.00405157729983, 0.00436702137813, -0.00452774949372, 0.00687607051805, -0.0030807077419], [0.000510557496455, -0.00111754226964, 0.00404428644106, 0.000273634417681, -0.000859505613334, -0.00455596437678, 0.000986222876236, -0.00180849642493, 0.00177950120997, -0.00169231195468, 0.0009497058345, -0.0034579152707, 0.00102376041468], [-0.00116163189523, 0.00657750247046, 0.000273634417681, 0.012523651123, 0.000921173486859, 0.0019105579704, -0.00468431180343, 0.00655224639922, -0.00399431679398, 0.00522631965578, -0.00682178046554, 0.00733271054924, -0.0047346544452], [7.05721031409e-05, -0.000594451092184, -0.000859505613334, 0.000921173486859, 0.00890434999019, 0.000983578851447, -0.00562398508191, 0.00177632959094, 0.000290599622531, -0.00119625916705, 3.36137345585e-05, -0.00140416237991, -0.000411720044212], [-0.00103453570046, 0.00401896983385, -0.00455596437678, 0.0019105579704, 0.000983578851447, 0.0182004701346, -0.000299730949337, -0.0026373770088, -0.00420986721292, 0.00625092210248, -0.0043719005771, 0.00366976391524, 4.77612848044e-05], [0.000628264853731, -0.0021905968897, 0.000986222876236, -0.00468431180343, -0.00562398508191, -0.000299730949337, 0.0202884431928, -0.00753543991596, -0.00339202303439, -0.000666931038722, -0.00374405737966, 0.00736613478512, -0.00517228292301], [-0.00113054609392, 0.00479644862935, -0.00180849642493, 0.00655224639922, 0.00177632959094, -0.0026373770088, -0.00753543991596, 0.0335263870656, -0.0158449783921, -0.00554246548563, 0.0106581375003, -0.00637805648148, 0.00378031283617], [0.000946737476625, -0.00405157729983, 0.00177950120997, -0.00399431679398, 0.000290599622531, -0.00420986721292, -0.00339202303439, -0.0158449783921, 0.0330008976161, -0.00583474291489, -0.0166370719671, 0.010578439571, -0.00504339579493], [-0.000799862027634, 0.00436702137813, -0.00169231195468, 0.00522631965578, -0.00119625916705, 0.00625092210248, -0.000666931038722, -0.00554246548563, -0.00583474291489, 0.0360372252762, -0.0124088441953, -0.00685869716108, 0.00905077997595], [0.000579909421504, -0.00452774949372, 0.0009497058345, -0.00682178046554, 3.36137345585e-05, -0.0043719005771, -0.00374405737966, 0.0106581375003, -0.0166370719671, -0.0124088441953, 0.0457714870572, -0.0232675895095, -0.000141026845085], [-0.0010076619219, 0.00687607051805, -0.0034579152707, 0.00733271054924, -0.00140416237991, 0.00366976391524, 0.00736613478512, -0.00637805648148, 0.010578439571, -0.00685869716108, -0.0232675895095, 0.0574114657938, -0.0244884174317], [0.00040771663771, -0.0030807077419, 0.00102376041468, -0.0047346544452, -0.000411720044212, 4.77612848044e-05, -0.00517228292301, 0.00378031283617, -0.00504339579493, 0.00905077997595, -0.000141026845085, -0.0244884174317, 0.0356544405222]]
    },
    "melbands": {
        "dmean": [0.00899930391461, 0.00336581864394, 0.00115620775614, 0.00055975682335, 0.00023640798463, 0.000169062666828, 0.000122186422232, 8.57947743498e-05, 6.07624315307e-05, 3.34917858709e-05, 6.70648296364e-05, 2.5156110496e-05, 2.60353754129e-05, 2.04185780603e-05, 1.37958522828e-05, 1.2936915482e-05, 1.57858594321e-05, 1.01792575151e-05, 7.4375384429e-06, 1.01058813016e-05, 6.66952337269e-06, 6.85244140186e-06, 7.60070042816e-06, 6.20249602434e-06, 4.7941430239e-06, 6.25039547231e-06, 5.38453878107e-06, 5.45828970644e-06, 3.59974183084e-06, 5.31689920535e-06, 4.33527384303e-06, 2.81783763967e-06, 2.88337105303e-06, 2.95953645946e-06, 3.04497757497e-06, 2.87178659164e-06, 2.69221345661e-06, 2.14503029383e-06, 1.3740493614e-06, 8.51368554322e-07],
        "dmean2": [0.0139066679403, 0.00568344071507, 0.00201124930754, 0.000916065066122, 0.00038973899791, 0.000279603031231, 0.000194945998373, 0.000137218856253, 8.91319214134e-05, 5.26159601577e-05, 9.68517342699e-05, 3.87253130611e-05, 4.14497771999e-05, 3.17099184031e-05, 2.10348280234e-05, 2.05095275305e-05, 2.47010775638e-05, 1.43567876876e-05, 1.23472082123e-05, 1.60617764777e-05, 1.05882472781e-05, 1.05275194073e-05, 1.11835470307e-05, 9.21845276025e-06, 7.59346039558e-06, 8.47909905133e-06, 7.1530457717e-06, 7.57720272304e-06, 5.17554235557e-06, 8.66594746185e-06, 6.52300832371e-06, 4.20131027568e-06, 4.32533806816e-06, 4.26103088103e-06, 4.54725432064e-06, 4.22095126851e-06, 3.80644178222e-06, 3.02910098071e-06, 2.01311604542e-06, 1.23689460452e-06],
        "dvar": [0.00017592999211, 3.03072683892e-05, 6.26010341875e-06, 9.08564288693e-07, 1.49290741547e-07, 6.85198600081e-08, 2.6158780031e-08, 1.14177503008e-08, 6.45722808557e-09, 1.19535525922e-09, 9.39038180547e-09, 1.01666097763e-09, 1.09803521831e-09, 6.46985298669e-10, 3.46382617034e-10, 3.26111609938e-10, 5.28211252515e-10, 2.29292917986e-10, 1.45678996644e-10, 3.73219594119e-10, 1.20147655713e-10, 1.73607017651e-10, 2.82583706435e-10, 1.88856499883e-10, 1.16307428966e-10, 2.73556871599e-10, 2.17202172914e-10, 2.31133265305e-10, 1.28368773944e-10, 2.55508919578e-10, 2.27226543137e-10, 7.07032210556e-11, 7.25488558118e-11, 7.20891471517e-11, 6.65325711191e-11, 6.24742965694e-11, 6.44340067413e-11, 4.0068913465e-11, 1.68301067527e-11, 6.1570535996e-12],
        "dvar2": [0.000401299941586, 8.03768562037e-05, 1.80420738616e-05, 2.57824467553e-06, 3.97052758672e-07, 1.85937551578e-07, 6.45851514491e-08, 3.0587344213e-08, 1.34381776817e-08, 2.83477308294e-09, 1.82926864767e-08, 2.19886975295e-09, 2.6794997332e-09, 1.50017098743e-09, 7.32027216621e-10, 7.41121830572e-10, 1.25089438807e-09, 4.06058880964e-10, 3.85003223746e-10, 9.90534654299e-10, 2.61769161902e-10, 3.41336015008e-10, 5.6037352536e-10, 3.93497984197e-10, 2.58952220777e-10, 4.94074559043e-10, 4.02146177469e-10, 4.31622793062e-10, 2.9398436463e-10, 6.43766373543e-10, 5.45535394636e-10, 1.56850782362e-10, 1.69397038063e-10, 1.45848597088e-10, 1.46629652864e-10, 1.3827794465e-10, 1.4053395947e-10, 8.94729984546e-11, 3.9529903656e-11, 1.38557663606e-11],
        "max": [0.120850153267, 0.0586998946965, 0.0237799119204, 0.0146953454241, 0.00617787940428, 0.00380842736922, 0.00373298046179, 0.00174789794255, 0.00160062452778, 0.000497443019412, 0.00171547953505, 0.000511873455252, 0.000475947803352, 0.000471570441732, 0.000377271295292, 0.000240820227191, 0.000371685193386, 0.000291002681479, 0.000214803803829, 0.000274597055977, 0.000145534228068, 0.000182834104635, 0.000257130799582, 0.00017516722437, 0.00019440757751, 0.000228014963795, 0.000202443276066, 0.000173069332959, 0.000153718196088, 0.000239639251959, 0.000254075159319, 0.000112655863632, 0.00012924989278, 0.000112768510007, 0.000106647705252, 0.000101308090962, 9.80909608188e-05, 8.68596034707e-05, 5.90329364059e-05, 3.50450500264e-05],
        "mean": [0.018750090152, 0.00578997423872, 0.00160682073329, 0.000934542156756, 0.00043132994324, 0.000306355475914, 0.000247914082138, 0.000172733067302, 0.000129195017507, 6.61225931253e-05, 0.000121662196761, 5.15018655278e-05, 4.72144747619e-05, 3.9491460484e-05, 2.83688495983e-05, 2.34070812439e-05, 2.51773672062e-05, 1.99034329853e-05, 1.30273083414e-05, 1.69580289366e-05, 1.17054005386e-05, 1.35142608997e-05, 1.29687705339e-05, 1.11209865281e-05, 8.29293185234e-06, 1.03767069959e-05, 9.87091789284e-06, 8.43011639517e-06, 5.93341610511e-06, 7.21308242646e-06, 5.63975800105e-06, 4.48946866527e-06, 4.6071190809e-06, 4.77942876387e-06, 4.18126046497e-06, 3.69416011381e-06, 3.52830352313e-06, 2.61967170445e-06, 1.55268764956e-06, 9.36532501328e-07],
