{
"highlevel": {
    "danceability": {
        "all": {
            "danceable": 0.999835371971,
            "not_danceable": 0.000164609897183
        },
        "probability": 0.999835371971,
        "value": "danceable"
    },
    "gender": {
        "all": {
            "female": 0.861999511719,
            "male": 0.138000518084
        },
        "probability": 0.861999511719,
        "value": "female"
    },
    "genre_electronic": {
        "all": {
            "ambient": 0.0106384325773,
            "dnb": 0.00770222023129,
            "house": 0.0690910369158,
            "techno": 0.106880813837,
            "trance": 0.805687487125
        },
        "probability": 0.805687487125,
        "value": "trance"
    },
    "mood_acoustic": {
        "all": {
            "acoustic": 0.0435696728528,
            "not_acoustic": 0.956430315971
        },
        "probability": 0.956430315971,
        "value": "not_acoustic"
    },
    "mood_aggressive": {
        "all": {
            "aggressive": 0.986533820629,
            "not_aggressive": 0.013466170989
        },
        "probability": 0.986533820629,
        "value": "aggressive"
    },
    "mood_electronic": {
        "all": {
            "electronic": 0.735031723976,
            "not_electronic": 0.264968305826
        },
        "probability": 0.735031723976,
        "value": "electronic"
    },
    "mood_happy": {
        "all": {
            "happy": 0.99998986721,
            "not_happy": 1.01214054666e-05
        },
        "probability": 0.99998986721,
        "value": "happy"
    },
    "mood_party": {
        "all": {
            "not_party": 0.0124592352659,
            "party": 0.987540781498
        },
        "probability": 0.987540781498,
        "value": "party"
    },
    "mood_relaxed": {
        "all": {
            "not_relaxed": 0.705145716667,
            "relaxed": 0.294854283333
        },
        "probability": 0.705145716667,
        "value": "not_relaxed"
    },
    "mood_sad": {
        "all": {
            "not_sad": 0.961831271648,
            "sad": 0.0381687432528
        },
        "probability": 0.961831271648,
        "value": "not_sad"
    },
    "moods_mirex": {
        "all": {
            "Cluster1": 0.0561123564839,
            "Cluster2": 0.0149035416543,
            "Cluster3": 0.0548370480537,
            "Cluster4": 0.0264979302883,
            "Cluster5": 0.847649097443
        },
        "probability": 0.847649097443,
        "value": "Cluster5"
    },
    "timbre": {
        "all": {
            "bright": 0.000284487527097,
            "dark": 0.99971550703
        },
        "probability": 0.99971550703,
        "value": "dark"
    },
    "tonal_atonal": {
        "all": {
            "atonal": 1,
            "tonal": 2.21074252238e-08
        },
        "probability": 1,
        "value": "atonal"
    },
    "voice_instrumental": {
        "all": {
            "instrumental": 0.0998694747686,
            "voice": 0.90013051033
        },
        "probability": 0.90013051033,
        "value": "voice"
    }
},
"lowlevel": {
    "average_loudness": 0.951968729496,
    "barkbands_crest": {
        "dmean": 4.0361790657,
        "dmean2": 6.77527856827,
        "dvar": 11.2427835464,
        "dvar2": 27.9901885986,
        "max": 25.6622180939,
        "mean": 12.9863395691,
        "median": 11.8254928589,
        "min": 2.12349033356,
        "stdev": 6.15399599075,
        "var": 37.8716659546
    },
    "barkbands_flatness_db": {
        "dmean": 0.0347287021577,
        "dmean2": 0.0511600635946,
        "dvar": 0.00100471789483,
        "dvar2": 0.00210247072391,
        "max": 0.393431544304,
        "mean": 0.184770017862,
        "median": 0.172257751226,
        "min": 0.0265226047486,
        "stdev": 0.0667799189687,
        "var": 0.00445955758914
    },
    "barkbands_kurtosis": {
        "dmean": 11.6022081375,
        "dmean2": 16.7125549316,
        "dvar": 463.632232666,
        "dvar2": 1065.20214844,
        "max": 247.119262695,
        "mean": 15.861946106,
        "median": 3.40150046349,
        "min": -1.86093580723,
        "stdev": 32.1417388916,
        "var": 1033.09143066
    },
    "barkbands_skewness": {
        "dmean": 1.19208300114,
        "dmean2": 1.74578309059,
        "dvar": 1.56095075607,
        "dvar2": 3.22090959549,
        "max": 14.3766021729,
        "mean": 2.55872941017,
        "median": 1.97444331646,
        "min": -3.55366611481,
        "stdev": 2.9185667038,
        "var": 8.5180311203
    },
    "barkbands_spread": {
        "dmean": 10.367808342,
        "dmean2": 16.4306125641,
        "dvar": 116.084182739,
        "dvar2": 239.670028687,
        "max": 97.6681747437,
        "mean": 29.0906734467,
        "median": 26.1096611023,
        "min": 1.13816165924,
        "stdev": 19.7802944183,
        "var": 391.260040283
    },
    "dissonance": {
        "dmean": 0.00907790381461,
        "dmean2": 0.0155328083783,
        "dvar": 0.000112826848635,
        "dvar2": 0.000310571718728,
        "max": 0.500000059605,
        "mean": 0.486655950546,
        "median": 0.490728914738,
        "min": 0.347276091576,
        "stdev": 0.0129290698096,
        "var": 0.000167160847923
    },
    "dynamic_complexity": 2.06613230705,
    "erbbands_crest": {
        "dmean": 2.78640460968,
        "dmean2": 4.28274536133,
        "dvar": 9.30363845825,
        "dvar2": 19.7019386292,
        "max": 27.6189537048,
        "mean": 6.89784812927,
        "median": 5.16826438904,
        "min": 2.06522750854,
        "stdev": 4.25911140442,
        "var": 18.1400299072
    },
    "erbbands_flatness_db": {
        "dmean": 0.0142336320132,
        "dmean2": 0.0206408146769,
        "dvar": 0.000173411230207,
        "dvar2": 0.000324667023961,
        "max": 0.395090550184,
        "mean": 0.151592925191,
        "median": 0.140561655164,
        "min": 0.0818733274937,
        "stdev": 0.038856241852,
        "var": 0.00150980753824
    },
    "erbbands_kurtosis": {
        "dmean": 0.89075922966,
        "dmean2": 1.41244864464,
        "dvar": 1.0504462719,
        "dvar2": 2.35320043564,
        "max": 14.1454677582,
        "mean": 0.047053579241,
        "median": -0.248250365257,
        "min": -1.82192540169,
        "stdev": 1.41079175472,
        "var": 1.99033331871
    },
    "erbbands_skewness": {
        "dmean": 0.39544454217,
        "dmean2": 0.577039778233,
        "dvar": 0.120561547577,
        "dvar2": 0.244418948889,
        "max": 3.34172940254,
        "mean": -0.292996138334,
        "median": -0.426273882389,
        "min": -2.8760240078,
        "stdev": 0.74989169836,
        "var": 0.562337517738
    },
    "erbbands_spread": {
        "dmean": 15.6597738266,
        "dmean2": 25.2607345581,
        "dvar": 224.843841553,
        "dvar2": 510.223236084,
        "max": 146.082565308,
        "mean": 62.3117103577,
        "median": 59.4571762085,
        "min": 2.99886107445,
        "stdev": 28.5270614624,
        "var": 813.793273926
    },
    "hfc": {
        "dmean": 11.7070465088,
        "dmean2": 17.3367137909,
        "dvar": 157.73626709,
        "dvar2": 328.175048828,
        "max": 137.394546509,
        "mean": 34.4714851379,
        "median": 30.5831031799,
        "min": 1.06464332147e-16,
        "stdev": 20.5109386444,
        "var": 420.698608398
    },
    "loudness_ebu128": {
        "integrated": -7.27631139755,
        "loudness_range": 4.17845439911,
        "momentary": {
            "dmean": 0.342377245426,
            "dmean2": 0.463087081909,
            "dvar": 30.359128952,
            "dvar2": 53.2195930481,
            "max": -5.92804050446,
            "mean": -13.7141542435,
            "median": -6.71264028549,
            "min": -300.691009521,
            "stdev": 40.8547554016,
            "var": 1669.11096191
        },
        "short_term": {
            "dmean": 0.169212162495,
            "dmean2": 0.25744459033,
            "dvar": 21.4886741638,
            "dvar2": 42.4275779724,
            "max": -6.02219676971,
            "mean": -9.9677772522,
            "median": -6.81269979477,
            "min": -300.691009521,
            "stdev": 25.4931659698,
            "var": 649.901550293
        }
    },
    "melbands_crest": {
        "dmean": 4.34569549561,
        "dmean2": 6.9288687706,
        "dvar": 10.5641851425,
        "dvar2": 27.22631073,
        "max": 31.6567325592,
        "mean": 17.9164905548,
        "median": 18.2899608612,
        "min": 1.50469911098,
        "stdev": 6.68846607208,
        "var": 44.7355766296
    },
    "melbands_flatness_db": {
        "dmean": 0.0438710488379,
        "dmean2": 0.0635340809822,
        "dvar": 0.00157553877216,
        "dvar2": 0.00314496969804,
        "max": 0.445868134499,
        "mean": 0.192760065198,
        "median": 0.187360957265,
        "min": 0.00244626449421,
        "stdev": 0.101612895727,
        "var": 0.010325181298
    },
    "melbands_kurtosis": {
        "dmean": 38.9287185669,
        "dmean2": 58.336151123,
        "dvar": 3488.0703125,
        "dvar2": 7262.99804688,
        "max": 538.37677002,
        "mean": 67.0947647095,
        "median": 25.4193878174,
        "min": -1.70986950397,
        "stdev": 104.106285095,
        "var": 10838.1191406
    },
    "melbands_skewness": {
        "dmean": 1.84889221191,
        "dmean2": 2.84221982956,
        "dvar": 4.00916957855,
        "dvar2": 7.95423650742,
        "max": 18.5252552032,
        "mean": 5.52062368393,
        "median": 4.75091171265,
        "min": -2.22710776329,
        "stdev": 4.42544651031,
        "var": 19.5845775604
    },
    "melbands_spread": {
        "dmean": 12.9180698395,
        "dmean2": 19.8871688843,
        "dvar": 234.569503784,
        "dvar2": 483.278045654,
        "max": 208.311752319,
        "mean": 32.3779563904,
        "median": 18.331867218,
        "min": 0.700046658516,
        "stdev": 35.1685409546,
        "var": 1236.82629395
    },
    "pitch_salience": {
        "dmean": 0.100224643946,
        "dmean2": 0.15350574255,
        "dvar": 0.00794032588601,
        "dvar2": 0.0157270077616,
        "max": 0.897216081619,
        "mean": 0.480556339025,
        "median": 0.512630820274,
        "min": 0.0893676578999,
        "stdev": 0.185080245137,
        "var": 0.0342546962202
    },
    "silence_rate_20dB": {
        "dmean": 0,
        "dmean2": 0,
        "dvar": 0,
        "dvar2": 0,
        "max": 1,
        "mean": 1,
        "median": 1,
        "min": 1,
        "stdev": 0,
        "var": 0
    },
    "silence_rate_30dB": {
        "dmean": 0.0786148831248,
        "dmean2": 0.157240271568,
        "dvar": 0.0724345594645,
        "dvar2": 0.132663279772,
        "max": 1,
        "mean": 0.835227251053,
        "median": 1,
        "min": 0,
        "stdev": 0.370961904526,
        "var": 0.137612745166
    },
    "silence_rate_60dB": {
        "dmean": 0.0105622028932,
        "dmean2": 0.0211258195341,
        "dvar": 0.0104503761977,
        "dvar2": 0.02830773592,
        "max": 1,
        "mean": 0.0426470600069,
        "median": 0,
        "min": 0,
        "stdev": 0.202081099153,
        "var": 0.0408367700875
    },
    "spectral_centroid": {
        "dmean": 407.055328369,
        "dmean2": 613.424560547,
        "dvar": 129477.34375,
        "dvar2": 242806.796875,
        "max": 11925.9423828,
        "mean": 2151.95214844,
        "median": 1973.98266602,
        "min": 238.049468994,
        "stdev": 1571.21398926,
        "var": 2468713.25
    },
    "spectral_complexity": {
        "dmean": 7.90721321106,
        "dmean2": 11.9118862152,
        "dvar": 59.3762893677,
        "dvar2": 111.731925964,
        "max": 57,
        "mean": 23.635093689,
        "median": 24,
        "min": 0,
        "stdev": 13.4753408432,
        "var": 181.584823608
    },
    "spectral_decrease": {
        "dmean": 4.06146627441e-09,
        "dmean2": 5.71132563465e-09,
        "dvar": 1.38460927283e-17,
        "dvar2": 3.14500388553e-17,
        "max": 2.10899078931e-28,
        "mean": -1.47790064631e-08,
        "median": -1.32681581277e-08,
        "min": -4.70105412376e-08,
        "stdev": 1.07802309302e-08,
        "var": 1.16213383584e-16
    },
    "spectral_energy": {
        "dmean": 0.0154146011919,
        "dmean2": 0.0215912051499,
        "dvar": 0.000189023223356,
        "dvar2": 0.000431605818449,
        "max": 0.179751828313,
        "mean": 0.0589060783386,
        "median": 0.0539166331291,
        "min": 9.91305847663e-21,
        "stdev": 0.0405275635421,
        "var": 0.00164248340297
    },
    "spectral_energyband_high": {
        "dmean": 0.00120859616436,
        "dmean2": 0.00181471242104,
        "dvar": 1.71592546394e-06,
        "dvar2": 3.58885245078e-06,
        "max": 0.0147720361128,
        "mean": 0.00285771396011,
        "median": 0.00231475802138,
        "min": 6.9440657279e-21,
        "stdev": 0.00212701363489,
        "var": 4.52418726127e-06
    },
    "spectral_energyband_low": {
        "dmean": 0.0161595549434,
        "dmean2": 0.023871794343,
        "dvar": 0.000316710269544,
        "dvar2": 0.000648383342195,
        "max": 0.170817479491,
        "mean": 0.0435023754835,
        "median": 0.0354054942727,
        "min": 5.29548638938e-24,
        "stdev": 0.0408256985247,
        "var": 0.00166673772037
    },
    "spectral_energyband_middle_high": {
        "dmean": 0.00281911529601,
        "dmean2": 0.00429100682959,
        "dvar": 1.36154121719e-05,
        "dvar2": 2.74650938081e-05,
        "max": 0.0630448311567,
        "mean": 0.00553815392777,
        "median": 0.00360905425623,
        "min": 1.18710626393e-21,
        "stdev": 0.00594595726579,
        "var": 3.53544091922e-05
    },
    "spectral_energyband_middle_low": {
        "dmean": 0.00584981497377,
        "dmean2": 0.00911327730864,
        "dvar": 9.11518509383e-05,
        "dvar2": 0.000197091940208,
        "max": 0.0728254318237,
        "mean": 0.00912132486701,
        "median": 0.00475115142763,
        "min": 1.34938393883e-22,
        "stdev": 0.0122671294957,
        "var": 0.000150482461322
    },
    "spectral_entropy": {
        "dmean": 0.141759380698,
        "dmean2": 0.191374823451,
        "dvar": 0.0196549221873,
        "dvar2": 0.0312174875289,
        "max": 9.82441616058,
        "mean": 8.06422519684,
        "median": 8.09942340851,
        "min": 6.30520009995,
        "stdev": 0.376400053501,
        "var": 0.141676992178
    },
    "spectral_flux": {
        "dmean": 0.0310005247593,
        "dmean2": 0.0429787114263,
        "dvar": 0.000741944124456,
        "dvar2": 0.00156450702343,
        "max": 0.372170090675,
        "mean": 0.140095606446,
        "median": 0.129925996065,
        "min": 6.28220114818e-11,
        "stdev": 0.0678697898984,
        "var": 0.00460630794987
    },
    "spectral_kurtosis": {
        "dmean": 0.516813516617,
        "dmean2": 0.886306583881,
        "dvar": 0.298984467983,
        "dvar2": 0.80913746357,
        "max": 20.3829555511,
        "mean": 0.605699837208,
        "median": 0.48017334938,
        "min": -1.28299438953,
        "stdev": 0.771977007389,
        "var": 0.595948517323
    },
    "spectral_rms": {
        "dmean": 0.0010115391342,
        "dmean2": 0.00143717078026,
        "dvar": 7.22421873434e-07,
        "dvar2": 1.68823919466e-06,
        "max": 0.0132426442578,
        "mean": 0.0069732083939,
        "median": 0.00725269503891,
        "min": 3.10986761516e-12,
        "stdev": 0.00297385081649,
        "var": 8.84378914634e-06
    },
    "spectral_rolloff": {
        "dmean": 925.749328613,
        "dmean2": 1497.25280762,
        "dvar": 1413385.875,
        "dvar2": 2930757.25,
        "max": 19530.6152344,
        "mean": 2468.68725586,
        "median": 1055.12695312,
        "min": 64.599609375,
        "stdev": 3389.45605469,
        "var": 11488413
    },
    "spectral_skewness": {
        "dmean": 0.136370047927,
        "dmean2": 0.209157958627,
        "dvar": 0.0138122420758,
        "dvar2": 0.0310841593891,
        "max": 3.1765203476,
        "mean": 0.71920055151,
        "median": 0.686779260635,
        "min": -0.103442281485,
        "stdev": 0.253699302673,
        "var": 0.0643633380532
    },
    "spectral_spread": {
        "dmean": 393942.71875,
        "dmean2": 635685.5625,
        "dvar": 261155946496,
        "dvar2": 596756529152,
        "max": 43220696,
        "mean": 6045205,
        "median": 5315416,
        "min": 1839790.75,
        "stdev": 5148355.5,
        "var": 2.65055643894e+13
    },
    "spectral_strongpeak": {
        "dmean": 0.560784041882,
        "dmean2": 0.924962818623,
        "dvar": 1.29462623596,
        "dvar2": 3.21191310883,
        "max": 12.492524147,
        "mean": 0.956199765205,
        "median": 0.499032944441,
        "min": 0,
        "stdev": 1.41949653625,
        "var": 2.01497030258
    },
    "zerocrossingrate": {
        "dmean": 0.0167093761265,
        "dmean2": 0.0190008264035,
        "dvar": 0.000250516401138,
        "dvar2": 0.000296776153846,
        "max": 0.52978515625,
        "mean": 0.0912303924561,
        "median": 0.070556640625,
        "min": 0.0048828125,
        "stdev": 0.0822994187474,
        "var": 0.00677319429815
    },
    "barkbands": {
        "dmean": [0.000351857335772, 0.0168742872775, 0.0119559606537, 0.00376297207549, 0.00324989529327, 0.000619478931185, 0.000633641495369, 0.000378626020392, 0.000279619329376, 0.000495110114571, 0.000412142166169, 0.000459435395896, 0.000517068314366, 0.000498422887176, 0.000896856479812, 0.000329357164446, 0.00027332737227, 0.000232189238886, 0.000227977812756, 0.000247964781011, 0.000274811900454, 0.000323214189848, 0.000385518244002, 0.000251952267718, 6.57797936583e-05, 1.32775523909e-08, 9.81058700944e-09],
        "dmean2": [0.000557089340873, 0.0263543520123, 0.0187405813485, 0.00694469129667, 0.00568949989974, 0.00109203555621, 0.00106316967867, 0.000611706462223, 0.000480511138448, 0.000815403065644, 0.000695506692864, 0.000788493140135, 0.000923588755541, 0.000837791594677, 0.00134989293292, 0.000553281104658, 0.000444451812655, 0.000389352993807, 0.000371175236069, 0.000401102675823, 0.000431184773333, 0.000500509107951, 0.000612303323578, 0.000373716058675, 9.76428054855e-05, 2.51041676336e-08, 1.84302990647e-08],
        "dvar": [2.37439152784e-07, 0.000346218148479, 0.000342800369253, 6.49286230328e-05, 4.66695455543e-05, 1.51494168676e-06, 2.08903725252e-06, 1.6416050812e-06, 4.00554853286e-07, 1.95054894903e-06, 1.88574961157e-06, 1.41610200899e-06, 2.29073202718e-06, 1.5393901549e-06, 4.12178724218e-06, 3.86406782127e-07, 1.45221079606e-07, 8.25057995257e-08, 6.04589018849e-08, 6.7653488145e-08, 8.47285477334e-08, 1.00327625319e-07, 2.00614024948e-07, 9.78730341217e-08, 7.25730275875e-09, 3.66023858222e-15, 1.83652349547e-15],
        "dvar2": [4.75428834079e-07, 0.000790524005424, 0.00077339267591, 0.000193803716684, 0.00012845704623, 4.79274513054e-06, 5.21787069374e-06, 3.8973730625e-06, 1.07996379484e-06, 4.62958360004e-06, 4.74028593089e-06, 3.82429880119e-06, 6.58401313558e-06, 3.98397014578e-06, 8.36263006931e-06, 1.01664466001e-06, 3.44778698036e-07, 2.17318927298e-07, 1.48817989043e-07, 1.68505522424e-07, 2.13804952409e-07, 2.47904324624e-07, 4.77728860915e-07, 2.04405324666e-07, 1.47321097543e-08, 1.0687566961e-14, 5.35502741935e-15],
        "max": [0.00433841720223, 0.141546666622, 0.12764775753, 0.0617474019527, 0.0521357245743, 0.0180812440813, 0.0264769028872, 0.0211235824972, 0.0108726266772, 0.0468326620758, 0.0245420895517, 0.0258581992239, 0.0242964494973, 0.027083331719, 0.0301331207156, 0.0132684120908, 0.00638912664726, 0.00302186910994, 0.00292676826939, 0.00306388409808, 0.00316246622242, 0.00338518503122, 0.00477111199871, 0.00424380181357, 0.000970720604528, 1.50789003328e-06, 1.72333977844e-06],
        "mean": [0.000408462830819, 0.0277162604034, 0.0133415888995, 0.00358399213292, 0.00334906950593, 0.000838551262859, 0.000604454253335, 0.000366681342712, 0.000264459406026, 0.00055340398103, 0.000455346686067, 0.000441075593699, 0.000514231272973, 0.000600258936174, 0.001204017899, 0.000473910040455, 0.00038296362618, 0.000356793258106, 0.000430780462921, 0.000462179858005, 0.000540391192771, 0.000692361965775, 0.000700207252521, 0.000515085353982, 0.000109475062345, 8.38835756412e-09, 6.47367004447e-09],
        "median": [0.000137189694215, 0.0163352191448, 0.00623686332256, 0.00135251914617, 0.00142154656351, 0.000343582243659, 0.000193158499314, 8.78763239598e-05, 8.22412403068e-05, 0.000124906975543, 0.000112313835416, 0.000149082596181, 0.000207474658964, 0.000272829085588, 0.000323455373291, 0.000250547367614, 0.000231946149142, 0.000265204143943, 0.000360283069313, 0.000376992160454, 0.000476629356854, 0.000568749383092, 0.000504471710883, 0.000357321812771, 6.21798826614e-05, 1.00759600663e-09, 9.54740286829e-10],
        "min": [2.56737098883e-25, 1.27727920431e-24, 4.46112280386e-25, 4.66850743331e-25, 3.93586055898e-24, 5.16025117554e-24, 4.98368951102e-24, 6.21078513163e-24, 1.23122933064e-23, 8.1617126976e-24, 1.21760018078e-23, 1.43351393489e-23, 2.54565918986e-23, 2.6922882373e-23, 4.30124483751e-23, 4.89820680784e-23, 4.63909913263e-23, 9.39149446847e-23, 9.10600949341e-23, 1.36221637073e-22, 1.93347270893e-22, 2.72568330688e-22, 3.73399244172e-22, 5.50393125578e-22, 8.27468792908e-22, 1.24142109168e-21, 1.85332340597e-21],
        "stdev": [0.000610762275755, 0.0317989289761, 0.0213919170201, 0.0070189028047, 0.00620866427198, 0.00153903965838, 0.00134276261088, 0.00121706107166, 0.000553881865926, 0.00162153900601, 0.00146598182619, 0.00107060268056, 0.00129318109248, 0.00135287246667, 0.00263489410281, 0.000696795235854, 0.000473071064334, 0.000327525485773, 0.00034049115493, 0.000366755732102, 0.000403259211453, 0.000516920874361, 0.000617874669842, 0.000476571847685, 0.00012241776858, 4.49020767235e-08, 3.1937808842e-08],
        "var": [3.73030530909e-07, 0.00101117196027, 0.000457614078186, 4.92649996886e-05, 3.85475141229e-05, 2.36864298131e-06, 1.80301128694e-06, 1.48123751842e-06, 3.06785125304e-07, 2.62938874585e-06, 2.14910255636e-06, 1.14619012948e-06, 1.67231746673e-06, 1.83026395462e-06, 6.942667369e-06, 4.8552357157e-07, 2.23796234877e-07, 1.07272946082e-07, 1.15934227551e-07, 1.34509775762e-07, 1.62617993738e-07, 2.67207184379e-07, 3.81769098112e-07, 2.27120722229e-07, 1.49861083543e-08, 2.016196336e-15, 1.02002354486e-15]
    },
    "erbbands": {
        "dmean": [0.370976775885, 4.29765605927, 11.6512126923, 12.7956819534, 13.3355064392, 8.1905412674, 4.32502746582, 6.06259346008, 7.65665817261, 11.4809713364, 5.31708431244, 6.69700717926, 10.3662757874, 24.0307826996, 11.795293808, 20.3748836517, 18.7259082794, 29.9894981384, 40.1265182495, 24.8943939209, 20.0723381042, 13.4146060944, 12.8226881027, 10.043513298, 12.3574295044, 12.4161319733, 11.2696447372, 11.4971904755, 11.0050230026, 10.9304533005, 11.638920784, 6.52416038513, 3.99203419685, 1.38557970524, 0.0835583880544, 0.0024574289564, 0.000211101389141, 3.80006422347e-05, 1.20654513012e-05, 1.69868999365e-05],
        "dmean2": [0.535862803459, 6.61682510376, 17.2586250305, 21.9410858154, 23.2252883911, 13.5121660233, 7.28322458267, 10.7763738632, 12.7950735092, 19.1136493683, 8.42874908447, 11.6471042633, 17.5171203613, 40.3737030029, 20.6583118439, 35.0841331482, 32.6036224365, 50.7298088074, 59.7275161743, 38.343837738, 32.7926445007, 22.5387325287, 21.5265960693, 16.7862510681, 19.8103179932, 19.9104328156, 18.0130882263, 18.0993423462, 17.3500843048, 16.4723777771, 18.8004741669, 10.0781803131, 5.9530043602, 2.00491118431, 0.122709847987, 0.00353866373189, 0.000304609740851, 5.60512744414e-05, 1.75961431523e-05, 2.36545438383e-05],
        "dvar": [0.209119409323, 22.0805435181, 257.771636963, 695.813964844, 844.667907715, 253.791427612, 45.3471908569, 166.688247681, 309.056854248, 1237.8885498, 171, 240.704925537, 1060.05773926, 8044.81542969, 767.669433594, 2823.8815918, 1989.98144531, 7801.68115234, 7929.13085938, 2916.10400391, 1180.29846191, 318.325897217, 262.248931885, 152.507019043, 175.685333252, 173.478317261, 167.141372681, 141.548965454, 115.835289001, 130.503189087, 186.913650513, 70.4825820923, 23.2880020142, 3.02185797691, 0.0114659545943, 9.52450591285e-06, 7.22908310991e-08, 2.67167354906e-09, 1.86500731525e-10, 2.06190842178e-10],
        "dvar2": [0.387356996536, 48.1648712158, 553.098083496, 1953.85668945, 2286.06005859, 649.077880859, 124.594665527, 537.579589844, 750.46862793, 3199.05834961, 381.842010498, 650.112060547, 2632.19116211, 20947.1289062, 2118.68139648, 7740.77246094, 5622.27392578, 20509.2167969, 16010.4863281, 6666.67480469, 2925.06689453, 834.912963867, 698.288391113, 382.588653564, 436.443115234, 429.563079834, 441.931121826, 347.479736328, 286.276794434, 297.071990967, 468.369018555, 157.727035522, 49.1565513611, 5.97724199295, 0.0229874029756, 1.86165689229e-05, 1.50228800067e-07, 6.06117023239e-09, 4.38002967229e-10, 4.83835471687e-10],
        "max": [3.75068020821, 38.5550727844, 124.302947998, 190.766021729, 219.769058228, 145.897354126, 89.4903717041, 199.110961914, 422.455505371, 578.51965332, 201.099914551, 148.388183594, 1183.97387695, 1510.19555664, 453.833099365, 1182.11706543, 1169.55004883, 1446.75268555, 1372.8651123, 1786.54943848, 788.100341797, 196.930175781, 179.018630981, 129.340301514, 159.561248779, 157.380981445, 144.934829712, 117.08405304, 123.164985657, 117.580307007, 153.747680664, 108.222877502, 63.1509819031, 19.2792491913, 1.47020471096, 0.0395967848599, 0.00499031832442, 0.000960750621744, 0.000384165672585, 0.000197844070499],
        "mean": [0.63833117485, 6.75756120682, 16.2215309143, 13.6867856979, 13.0743675232, 9.9693365097, 5.97267770767, 7.52783441544, 8.18751716614, 10.3341121674, 5.71341085434, 6.25374126434, 11.9726705551, 23.4805545807, 14.4097194672, 19.7718791962, 22.1603927612, 34.2238349915, 52.6231613159, 37.3279876709, 31.3465805054, 20.6087017059, 19.3800239563, 16.9087238312, 23.9395866394, 23.6571006775, 21.972076416, 22.2833423615, 23.4029865265, 22.5281295776, 20.1589126587, 12.0650644302, 8.02604389191, 2.57527184486, 0.149391099811, 0.00473673921078, 0.000438081828179, 7.87851968198e-05, 4.81094612041e-05, 7.39604001865e-05],
        "median": [0.270897507668, 4.06580257416, 9.54836273193, 5.96502017975, 4.26576375961, 4.46279478073, 3.27148294449, 2.71537017822, 2.9871263504, 2.70809030533, 1.7859249115, 1.9615380764, 3.30889701843, 4.70255613327, 4.89397001266, 6.98187971115, 10.4038105011, 14.3514280319, 18.0293998718, 16.0076274872, 15.039850235, 14.0537033081, 14.3143291473, 13.5500516891, 19.1131362915, 19.3307533264, 19.4971160889, 18.8955039978, 19.7232379913, 17.1613063812, 14.2104387283, 8.50904083252, 5.32772779465, 1.55246579647, 0.0850074738264, 0.00289285229519, 0.000288062146865, 5.36322877451e-05, 4.91230712214e-05, 7.33230845071e-05],
        "min": [5.8272296788e-23, 3.55328523427e-22, 1.19759081858e-21, 4.42862967997e-21, 6.04565468641e-21, 1.07596697556e-20, 5.30093041e-20, 7.0282874161e-20, 1.06901455483e-19, 8.15975094063e-20, 2.28911248532e-19, 2.0859281048e-19, 3.2567731813e-19, 6.10559794509e-19, 7.04209512848e-19, 6.69714013353e-19, 1.37271398135e-18, 1.60153850516e-18, 1.85401987751e-18, 2.30717443928e-18, 3.19077455987e-18, 3.11836854572e-18, 4.86471039379e-18, 5.0424384202e-18, 7.25332345271e-18, 7.20231618742e-18, 9.11911038803e-18, 7.6895090246e-18, 1.00518516544e-17, 9.36180766129e-18, 1.1126120215e-17, 1.03627598954e-17, 8.96849320619e-18, 7.73117576642e-18, 5.49218355028e-18, 3.74385915708e-18, 2.36809753217e-18, 9.00963055241e-19, 2.39148849383e-19, 2.5024740308e-20],
        "stdev": [0.847233355045, 7.84310245514, 22.0561065674, 24.647857666, 26.2658443451, 16.7278194427, 8.51629066467, 14.8563270569, 16.9606628418, 31.1490421295, 13.4708127975, 13.3815078735, 36.4353179932, 84.8011322021, 30.2385635376, 47.5519218445, 41.8918647766, 85.077041626, 110.788528442, 66.3491439819, 46.0787086487, 21.1091594696, 18.079076767, 14.2026138306, 19.583820343, 19.2475986481, 16.729352951, 16.4627990723, 16.9116325378, 18.4488277435, 18.3771629333, 11.2716083527, 7.66531801224, 2.71795415878, 0.166867166758, 0.00494619086385, 0.000412916881032, 7.25436548237e-05, 2.3332560886e-05, 4.25094840466e-05],
        "var": [0.717804312706, 61.5142593384, 486.471862793, 607.516845703, 689.89453125, 279.819915771, 72.5272140503, 220.710464478, 287.664093018, 970.262878418, 181.462799072, 179.064758301, 1327.5324707, 7191.23144531, 914.370727539, 2261.18530273, 1754.9284668, 7238.10253906, 12274.0976562, 4402.20849609, 2123.24731445, 445.59664917, 326.853027344, 201.714248657, 383.526000977, 370.470031738, 279.871246338, 271.023773193, 286.003295898, 340.35925293, 337.720123291, 127.049163818, 58.7571029663, 7.38727474213, 0.0278446525335, 2.44648035732e-05, 1.70500356944e-07, 5.26258192579e-09, 5.44408407244e-10, 1.80705628239e-09]
    },
    "gfcc": {
        "mean": [-11.8977890015, 76.5838394165, -129.578689575, 88.5864868164, -65.9373168945, 41.3392791748, -34.7798233032, -3.25173807144, -5.56327342987, -12.2751140594, 4.09090900421, -18.4216175079, 4.87612533569],
        "cov": [[38573.375, 2871.92822266, -3317.49584961, 2582.97338867, -1780.1282959, 1286.46289062, -1063.79248047, -78.1289138794, -274.697143555, -449.449768066, 96.6093292236, -565.984130859, 76.8833847046], [2871.92822266, 1332.68151855, 628.256347656, 539.671264648, 212.13609314, 46.4597244263, 128.054855347, -71.3803024292, 9.28086853027, -177.869720459, 63.3515930176, -94.2638092041, 22.7787284851], [-3317.49584961, 628.256347656, 1515.51660156, 416.843414307, 576.130554199, -111.203445435, 269.56652832, 24.4099464417, 32.0818023682, -65.4088363647, 63.2708816528, -13.5154571533, -22.1907901764], [2582.97338867, 539.671264648, 416.843414307, 793.149047852, 228.327087402, 133.146652222, 25.8298454285, -3.0494453907, 4.97034883499, -74.625038147, 44.4451370239, -60.9054679871, 7.29529714584], [-1780.1282959, 212.13609314, 576.130554199, 228.327087402, 462.114135742, 65.2085266113, 181.274108887, 24.3693828583, 84.1417007446, -0.889019548893, 26.9130573273, 17.2551956177, 31.5027885437], [1286.46289062, 46.4597244263, -111.203445435, 133.146652222, 65.2085266113, 216.271575928, 77.8890304565, 37.2457122803, 3.2164170742, 8.88388633728, 20.2570476532, -6.81714868546, 7.57867717743], [-1063.79248047, 128.054855347, 269.56652832, 25.8298454285, 181.274108887, 77.8890304565, 237.393203735, 37.3755111694, 32.3385925293, -1.90946686268, 47.2620124817, 20.9973678589, 5.67057800293], [-78.1289138794, -71.3803024292, 24.4099464417, -3.0494453907, 24.3693828583, 37.2457122803, 37.3755111694, 83.0772476196, 40.4324073792, 31.8454742432, 9.84413719177, 8.93312072754, 5.27829122543], [-274.697143555, 9.28086853027, 32.0818023682, 4.97034883499, 84.1417007446, 3.2164170742, 32.3385925293, 40.4324073792, 111.937355042, 45.7849845886, 26.049407959, 14.8954172134, 34.6157188416], [-449.449768066, -177.869720459, -65.4088363647, -74.625038147, -0.889019548893, 8.88388633728, -1.90946686268, 31.8454742432, 45.7849845886, 81.1316833496, 26.9322948456, 23.6742305756, 5.96333885193], [96.6093292236, 63.3515930176, 63.2708816528, 44.4451370239, 26.9130573273, 20.2570476532, 47.2620124817, 9.84413719177, 26.049407959, 26.9322948456, 64.8274917603, 22.7945899963, 5.94505119324], [-565.984130859, -94.2638092041, -13.5154571533, -60.9054679871, 17.2551956177, -6.81714868546, 20.9973678589, 8.93312072754, 14.8954172134, 23.6742305756, 22.7945899963, 56.0884590149, 23.9708766937], [76.8833847046, 22.7787284851, -22.1907901764, 7.29529714584, 31.5027885437, 7.57867717743, 5.67057800293, 5.27829122543, 34.6157188416, 5.96333885193, 5.94505119324, 23.9708766937, 62.2076797485]],
        "icov": [[0.000720369396731, -0.00159890286159, 0.00115180958528, -0.00169276667293, 0.00262349750847, -0.00353698036633, 0.00278271408752, -0.00180112523958, -0.000383171340218, 0.00154580408707, -0.00226004025899, 0.00188410200644, -0.00113894580863], [-0.00159890286159, 0.00631740270182, -0.00367835327052, 0.0037220956292, -0.00490707624704, 0.00639472622424, -0.00581493927166, 0.00602317182347, -0.00202845432796, 0.00327826314606, -1.95501725102e-05, 0.000132768764161, 0.00040433878894], [0.00115180958528, -0.00367835327052, 0.00576074514538, -0.00357060134411, -0.000605457578786, 0.000170386265381, 0.00262219971046, -0.00721582630649, 0.00465694023296, 0.000499373360071, -0.00548190111294, 0.00443497532979, -0.000768135185353], [-0.00169276667293, 0.0037220956292, -0.00357060134411, 0.00723779248074, -0.00724617950618, 0.0055432585068, -0.00330759235658, 0.00368097913451, 0.000631577393506, 9.7434494819e-05, 0.000598694721702, -0.0014668230433, 0.0017373082228], [0.00262349750847, -0.00490707624704, -0.000605457578786, -0.00724617950618, 0.0208492074162, -0.0195675585419, 0.00768078165129, 0.00107952812687, -0.0113674551249, 0.00499643851072, 0.000736289133783, 0.000830091128591, -0.0043216785416], [-0.00353698036633, 0.00639472622424, 0.000170386265381, 0.0055432585068, -0.0195675585419, 0.0330266170204, -0.0192867424339, 0.000242165246163, 0.0125811826438, -0.0136869214475, 0.00874667055905, -0.00463557150215, 0.00432532234117], [0.00278271408752, -0.00581493927166, 0.00262219971046, -0.00330759235658, 0.00768078165129, -0.0192867424339, 0.0226507466286, -0.0093413060531, -0.00312186824158, 0.0139221036807, -0.0178006347269, 0.00734179560095, -0.00352406408638], [-0.00180112523958, 0.00602317182347, -0.00721582630649, 0.00368097913451, 0.00107952812687, 0.000242165246163, -0.0093413060531, 0.0289916917682, -0.0124663198367, -0.00600714515895, 0.0133547689766, -0.00868433807045, 0.00441308738664], [-0.000383171340218, -0.00202845432796, 0.00465694023296, 0.000631577393506, -0.0113674551249, 0.0125811826438, -0.00312186824158, -0.0124663198367, 0.029614193365, -0.0155126946047, -0.00459169736132, 0.00706868479028, -0.00890715792775], [0.00154580408707, 0.00327826314606, 0.000499373360071, 9.7434494819e-05, 0.00499643851072, -0.0136869214475, 0.0139221036807, -0.00600714515895, -0.0155126946047, 0.0487790703773, -0.030709747225, 0.0106501337141, -0.00177932425868], [-0.00226004025899, -1.95501725102e-05, -0.00548190111294, 0.000598694721702, 0.000736289133783, 0.00874667055905, -0.0178006347269, 0.0133547689766, -0.00459169736132, -0.030709747225, 0.0564446039498, -0.0321603491902, 0.0123228989542], [0.00188410200644, 0.000132768764161, 0.00443497532979, -0.0014668230433, 0.000830091128591, -0.00463557150215, 0.00734179560095, -0.00868433807045, 0.00706868479028, 0.0106501337141, -0.0321603491902, 0.0503202266991, -0.0216822009534], [-0.00113894580863, 0.00040433878894, -0.000768135185353, 0.0017373082228, -0.0043216785416, 0.00432532234117, -0.00352406408638, 0.00441308738664, -0.00890715792775, -0.00177932425868, 0.0123228989542, -0.0216822009534, 0.0307696741074]]
    },
    "melbands": {
        "dmean": [0.00395157421008, 0.00422296253964, 0.00189035222866, 0.000814699975308, 0.000164702258189, 0.000127950173919, 0.000121353186842, 0.000121766992379, 3.94922826672e-05, 4.40581789007e-05, 5.22744339833e-05, 9.70897963271e-05, 4.0305985749e-05, 4.49884682894e-05, 5.07629847561e-05, 5.54969374207e-05, 5.63502253499e-05, 5.66218222957e-05, 6.4829539042e-05, 1.82062085514e-05, 2.79123869404e-05, 1.61344069056e-05, 1.1114307199e-05, 1.24321422845e-05, 7.95002051746e-06, 1.00848310467e-05, 7.35875983082e-06, 9.43505801843e-06, 7.7563281593e-06, 6.35803871774e-06, 7.24985602574e-06, 6.3139032136e-06, 7.70534734329e-06, 6.05817058386e-06, 6.88579848429e-06, 6.18724379819e-06, 3.54112648893e-06, 3.19166952067e-06, 2.08908977584e-06, 9.58867758527e-07],
        "dmean2": [0.00608175247908, 0.00581745244563, 0.00302244257182, 0.00139506370761, 0.000275351194432, 0.000226512929657, 0.000201448507141, 0.000201473842026, 6.33527670288e-05, 7.70214101067e-05, 8.7094893388e-05, 0.000162835756782, 6.98200092302e-05, 7.84067378845e-05, 8.7456231995e-05, 9.83597637969e-05, 9.49827444856e-05, 8.52468656376e-05, 9.86584782368e-05, 2.96867965517e-05, 4.53977263533e-05, 2.68240582955e-05, 1.82482763194e-05, 2.15209383896e-05, 1.32932973429e-05, 1.66378304129e-05, 1.19134920169e-05, 1.51711992658e-05, 1.26915074361e-05, 1.00650449895e-05, 1.1601818187e-05, 1.02403337223e-05, 1.20796248666e-05, 9.31699651119e-06, 1.11569897854e-05, 9.98656651063e-06, 5.41103054275e-06, 4.82472933072e-06, 3.15731381306e-06, 1.44474881836e-06],
        "dvar": [2.03511845029e-05, 2.5469400498e-05, 1.24570533444e-05, 2.96885696116e-06, 6.53469527379e-08, 6.87640593355e-08, 7.30358777901e-08, 1.54474207648e-07, 8.0247000156e-09, 1.06241726527e-08, 3.05609724194e-08, 1.21328113778e-07, 9.99291582815e-09, 9.05328612077e-09, 3.07429814939e-08, 3.1672325207e-08, 2.60132164698e-08, 1.34242474914e-08, 2.02046965825e-08, 1.79623016461e-09, 2.78593659253e-09, 4.62680782576e-10, 1.792105353e-10, 2.72274369717e-10, 9.63013904731e-11, 1.27648988602e-10, 5.84250425817e-11, 1.06075072337e-10, 7.87908349675e-11, 4.55894731688e-11, 5.64393150271e-11, 4.02334207616e-11, 7.87454546014e-11, 4.19475253144e-11, 6.2279681412e-11, 6.65766747288e-11, 2.01271829064e-11, 1.54520701789e-11, 6.74374878856e-12, 1.48810282673e-12],
        "dvar2": [4.33816967416e-05, 4.48889513791e-05, 3.08994094667e-05, 8.04031697044e-06, 1.75604228048e-07, 2.18981696776e-07, 1.77228130838e-07, 3.94472777998e-07, 1.82906489954e-08, 2.89073582849e-08, 7.44725028312e-08, 3.13871424851e-07, 2.43577851222e-08, 2.51437537457e-08, 8.57693578382e-08, 8.85781687998e-08, 6.73549251928e-08, 2.77649405689e-08, 4.1086604341e-08, 4.43582859333e-09, 6.7781806834e-09, 1.16768783531e-09, 4.61210875047e-10, 7.43551220594e-10, 2.42347752977e-10, 3.30274141369e-10, 1.48018389212e-10, 2.6540306064e-10, 2.10427425484e-10, 1.19094623052e-10, 1.39797839971e-10, 1.00742518494e-10, 1.9552744146e-10, 9.6078901779e-11, 1.58983132215e-10, 1.61902394269e-10, 4.47894256406e-11, 3.36089281405e-11, 1.45293299961e-11, 3.09690597819e-12],
        "max": [0.0322465226054, 0.044244043529, 0.0285002179444, 0.0135061852634, 0.00253459298983, 0.00398570252582, 0.0055265808478, 0.00649518147111, 0.00121009792201, 0.00134780467488, 0.00651595275849, 0.00579013442621, 0.00156610098202, 0.00123237527441, 0.00644018268213, 0.00275211082771, 0.00329076009803, 0.00171491375659, 0.00209029810503, 0.001376908971, 0.00127616117243, 0.000269813201157, 0.000154418681632, 0.000185104538104, 0.000103525511804, 0.000125863123685, 0.000110473352834, 0.000125834718347, 9.33681294555e-05, 7.12053806637e-05, 7.59748436394e-05, 7.2734663263e-05, 0.000110526445496, 7.10683743819e-05, 8.86489870027e-05, 8.25730021461e-05, 6.32491064607e-05, 5.11380276293e-05, 3.28192945744e-05, 1.31910519485e-05],
        "mean": [0.00684154825285, 0.00853406079113, 0.00239514396526, 0.00084248528583, 0.000234929466387, 0.000164627403137, 0.000126615777845, 0.000109385167889, 4.18492381868e-05, 3.98867668991e-05, 5.95145611442e-05, 9.45966385189e-05, 5.08435077791e-05, 4.51530395367e-05, 4.98641493323e-05, 5.4922515119e-05, 6.37477132841e-05, 7.18203664292e-05, 9.27040309762e-05, 2.48248470598e-05, 4.22402408731e-05, 2.30300247495e-05, 1.69522045326e-05, 1.63820805028e-05, 1.27719695229e-05, 1.7403761376e-05, 1.43223296618e-05, 1.66156678461e-05, 1.39225730891e-05, 1.20732147479e-05, 1.31635470098e-05, 1.26110990095e-05, 1.4784915038e-05, 1.17228928502e-05, 1.19073683891e-05, 9.70293513092e-06, 6.54892755847e-06, 6.24413723926e-06, 3.78446270588e-06, 1.60653769399e-06],
