{
"highlevel": {
    "danceability": {
        "all": {
            "danceable": 0.999999880791,
            "not_danceable": 1.00000008274e-07
        },
        "probability": 0.999999880791,
        "value": "danceable"
    },
    "gender": {
        "all": {
            "female": 0.778985202312,
            "male": 0.221014782786
        },
        "probability": 0.778985202312,
        "value": "female"
    },
    "genre_electronic": {
        "all": {
            "ambient": 0.185909569263,
            "dnb": 0.0410390086472,
            "house": 0.644661724567,
            "techno": 0.0328295938671,
            "trance": 0.0955601334572
        },
        "probability": 0.644661724567,
        "value": "house"
    },
    "mood_acoustic": {
        "all": {
            "acoustic": 0.0520507767797,
            "not_acoustic": 0.947949230671
        },
        "probability": 0.947949230671,
        "value": "not_acoustic"
    },
    "mood_aggressive": {
        "all": {
            "aggressive": 0.997299790382,
            "not_aggressive": 0.00270018610172
        },
        "probability": 0.997299790382,
        "value": "aggressive"
    },
    "mood_electronic": {
        "all": {
            "electronic": 0.884026288986,
            "not_electronic": 0.115973718464
        },
        "probability": 0.884026288986,
        "value": "electronic"
    },
    "mood_happy": {
        "all": {
            "happy": 0.107548952103,
            "not_happy": 0.892451047897
        },
        "probability": 0.892451047897,
        "value": "not_happy"
    },
    "mood_party": {
        "all": {
            "not_party": 0.141516894102,
            "party": 0.8584831357
        },
        "probability": 0.8584831357,
        "value": "party"
    },
    "mood_relaxed": {
        "all": {
            "not_relaxed": 0.0486314967275,
            "relaxed": 0.951368510723
        },
        "probability": 0.951368510723,
        "value": "relaxed"
    },
    "mood_sad": {
        "all": {
            "not_sad": 0.00738742435351,
            "sad": 0.992612600327
        },
        "probability": 0.992612600327,
        "value": "sad"
    },
    "moods_mirex": {
        "all": {
            "Cluster1": 0.0563656687737,
            "Cluster2": 0.0732050836086,
            "Cluster3": 0.514620304108,
            "Cluster4": 0.279551953077,
            "Cluster5": 0.0762569829822
        },
        "probability": 0.514620304108,
        "value": "Cluster3"
    },
    "timbre": {
        "all": {
            "bright": 0.00256329146214,
            "dark": 0.997436702251
        },
        "probability": 0.997436702251,
        "value": "dark"
    },
    "tonal_atonal": {
        "all": {
            "atonal": 0.889880239964,
            "tonal": 0.110119745135
        },
        "probability": 0.889880239964,
        "value": "atonal"
    },
    "voice_instrumental": {
        "all": {
            "instrumental": 0.66640651226,
            "voice": 0.333593457937
        },
        "probability": 0.66640651226,
        "value": "instrumental"
    }
},
"lowlevel": {
    "average_loudness": 0.770008563995,
    "barkbands_crest": {
        "dmean": 2.91031718254,
        "dmean2": 4.70412397385,
        "dvar": 9.70982456207,
        "dvar2": 24.5096759796,
        "max": 26.9362506866,
        "mean": 11.6171607971,
        "median": 10.6333999634,
        "min": 2.17195415497,
        "stdev": 5.3875670433,
        "var": 29.0258769989
    },
    "barkbands_flatness_db": {
        "dmean": 0.03381074965,
        "dmean2": 0.0508951693773,
        "dvar": 0.00192228751257,
        "dvar2": 0.00417760480195,
        "max": 0.706451416016,
        "mean": 0.169517442584,
        "median": 0.139292240143,
        "min": 0.010992131196,
        "stdev": 0.106309816241,
        "var": 0.0113017763942
    },
    "barkbands_kurtosis": {
        "dmean": 14.8773832321,
        "dmean2": 24.009393692,
        "dvar": 4919.85546875,
        "dvar2": 11998.1835938,
        "max": 2921.29931641,
        "mean": 20.0081348419,
        "median": 4.83931732178,
        "min": -1.99279081821,
        "stdev": 78.2834014893,
        "var": 6128.29052734
    },
    "barkbands_skewness": {
        "dmean": 1.01736366749,
        "dmean2": 1.54696190357,
        "dvar": 2.87015581131,
        "dvar2": 6.6875705719,
        "max": 32.3234634399,
        "mean": 2.45158410072,
        "median": 2.06845211983,
        "min": -37.2411346436,
        "stdev": 2.75394415855,
        "var": 7.5842089653
    },
    "barkbands_spread": {
        "dmean": 7.78744363785,
        "dmean2": 12.0728912354,
        "dvar": 96.4125747681,
        "dvar2": 221.535690308,
        "max": 133.413375854,
        "mean": 25.7806053162,
        "median": 20.593919754,
        "min": 0.0383814834058,
        "stdev": 21.2854137421,
        "var": 453.068847656
    },
    "dissonance": {
        "dmean": 0.0214611552656,
        "dmean2": 0.0345153063536,
        "dvar": 0.000840262626298,
        "dvar2": 0.00208628899418,
        "max": 0.500000119209,
        "mean": 0.456260889769,
        "median": 0.474083840847,
        "min": 0.0701070576906,
        "stdev": 0.0520269311965,
        "var": 0.00270680175163
    },
    "dynamic_complexity": 4.47552013397,
    "erbbands_crest": {
        "dmean": 2.21538639069,
        "dmean2": 3.50350642204,
        "dvar": 5.90677309036,
        "dvar2": 13.7840108871,
        "max": 34.5633964539,
        "mean": 8.41650390625,
        "median": 6.98857307434,
        "min": 2.17108845711,
        "stdev": 4.94502878189,
        "var": 24.4533100128
    },
    "erbbands_flatness_db": {
        "dmean": 0.0190161522478,
        "dmean2": 0.0274410415441,
        "dvar": 0.000685592298396,
        "dvar2": 0.00136910146102,
        "max": 0.624334037304,
        "mean": 0.146798580885,
        "median": 0.122307188809,
        "min": 0.0198074709624,
        "stdev": 0.0793526247144,
        "var": 0.00629683956504
    },
    "erbbands_kurtosis": {
        "dmean": 2.11679506302,
        "dmean2": 3.24460101128,
        "dvar": 43.337928772,
        "dvar2": 101.47441864,
        "max": 203.156524658,
        "mean": 2.1083688736,
        "median": -0.136652231216,
        "min": -1.93752014637,
        "stdev": 8.6528263092,
        "var": 74.8714065552
    },
    "erbbands_skewness": {
        "dmean": 0.477855324745,
        "dmean2": 0.695160746574,
        "dvar": 0.374915450811,
        "dvar2": 0.812492609024,
        "max": 11.6629161835,
        "mean": 0.419057577848,
        "median": 0.360363483429,
        "min": -8.07838344574,
        "stdev": 1.33362662792,
        "var": 1.77856004238
    },
    "erbbands_spread": {
        "dmean": 11.6986627579,
        "dmean2": 17.8685894012,
        "dvar": 185.22996521,
        "dvar2": 419.265869141,
        "max": 229.266983032,
        "mean": 57.5125999451,
        "median": 55.4279403687,
        "min": 0.249570310116,
        "stdev": 33.9918060303,
        "var": 1155.44274902
    },
    "hfc": {
        "dmean": 12.8019542694,
        "dmean2": 20.2642383575,
        "dvar": 1244.00402832,
        "dvar2": 3300.77807617,
        "max": 1190.58569336,
        "mean": 29.7889614105,
        "median": 15.5906305313,
        "min": 1.10349903886e-16,
        "stdev": 49.5764541626,
        "var": 2457.82470703
    },
    "loudness_ebu128": {
        "integrated": -7.65294551849,
        "loudness_range": 6.08233070374,
        "momentary": {
            "dmean": 0.796636164188,
            "dmean2": 0.973995983601,
            "dvar": 8.93415164948,
            "dvar2": 7.53467702866,
            "max": -1.69291186333,
            "mean": -10.1921310425,
            "median": -8.19219970703,
            "min": -300.691009521,
            "stdev": 10.2710971832,
            "var": 105.495445251
        },
        "short_term": {
            "dmean": 0.108595952392,
            "dmean2": 0.125060468912,
            "dvar": 0.8219435215,
            "dvar2": 1.46574831009,
            "max": -3.93669581413,
            "mean": -9.05070877075,
            "median": -8.08770847321,
            "min": -78.2284545898,
            "stdev": 5.16015768051,
            "var": 26.6272296906
        }
    },
    "melbands_crest": {
        "dmean": 3.56806206703,
        "dmean2": 5.7262377739,
        "dvar": 13.699836731,
        "dvar2": 32.6170692444,
        "max": 39.5216331482,
        "mean": 16.2721004486,
        "median": 15.2934408188,
        "min": 1.64742767811,
        "stdev": 6.7530207634,
        "var": 45.6032905579
    },
    "melbands_flatness_db": {
        "dmean": 0.0425549261272,
        "dmean2": 0.0631468296051,
        "dvar": 0.00287771574222,
        "dvar2": 0.0062192264013,
        "max": 0.892106115818,
        "mean": 0.250880122185,
        "median": 0.224873781204,
        "min": 0.00424631126225,
        "stdev": 0.130963638425,
        "var": 0.0171514730901
    },
    "melbands_kurtosis": {
        "dmean": 24.7523441315,
        "dmean2": 39.841594696,
        "dvar": 4609.72314453,
        "dvar2": 11619.7304688,
        "max": 2690.29150391,
        "mean": 45.0721969604,
        "median": 20.7293052673,
        "min": -1.96702742577,
        "stdev": 87.0369033813,
        "var": 7575.42236328
    },
    "melbands_skewness": {
        "dmean": 1.27541804314,
        "dmean2": 1.97434854507,
        "dvar": 3.29753422737,
        "dvar2": 7.96094846725,
        "max": 46.100189209,
        "mean": 4.33294487,
        "median": 3.75850462914,
        "min": -13.88692379,
        "stdev": 3.30455088615,
        "var": 10.9200563431
    },
    "melbands_spread": {
        "dmean": 9.19413757324,
        "dmean2": 13.953707695,
        "dvar": 219.870742798,
        "dvar2": 463.736633301,
        "max": 296.605773926,
        "mean": 23.8300914764,
        "median": 13.0157279968,
        "min": 0.0990164726973,
        "stdev": 31.3172073364,
        "var": 980.767456055
    },
    "pitch_salience": {
        "dmean": 0.0892802327871,
        "dmean2": 0.144215747714,
        "dvar": 0.00958991143852,
        "dvar2": 0.0242620110512,
        "max": 0.935305476189,
        "mean": 0.529462456703,
        "median": 0.556375443935,
        "min": 0.0178475286812,
        "stdev": 0.165851965547,
        "var": 0.0275068767369
    },
    "silence_rate_20dB": {
        "dmean": 0,
        "dmean2": 0,
        "dvar": 0,
        "dvar2": 0,
        "max": 1,
        "mean": 1,
        "median": 1,
        "min": 1,
        "stdev": 0,
        "var": 0
    },
    "silence_rate_30dB": {
        "dmean": 0.00479313824326,
        "dmean2": 0.00958688091487,
        "dvar": 0.00477009173483,
        "dvar2": 0.0135313859209,
        "max": 1,
        "mean": 0.996783733368,
        "median": 1,
        "min": 0,
        "stdev": 0.0566221512854,
        "var": 0.0032060679514
    },
    "silence_rate_60dB": {
        "dmean": 0.0218213927001,
        "dmean2": 0.0436455383897,
        "dvar": 0.0213503986597,
        "dvar2": 0.0472796969116,
        "max": 1,
        "mean": 0.10973072052,
        "median": 0,
        "min": 0,
        "stdev": 0.312585562468,
        "var": 0.0977097377181
    },
    "spectral_centroid": {
        "dmean": 309.67388916,
        "dmean2": 459.989593506,
        "dvar": 174556.375,
        "dvar2": 368473.46875,
        "max": 11625.9013672,
        "mean": 1372.36633301,
        "median": 1114.07397461,
        "min": 62.681854248,
        "stdev": 1062.82067871,
        "var": 1129587.875
    },
    "spectral_complexity": {
        "dmean": 4.60128641129,
        "dmean2": 6.87593841553,
        "dvar": 43.8305244446,
        "dvar2": 85.9435882568,
        "max": 65,
        "mean": 16.2054615021,
        "median": 12,
        "min": 0,
        "stdev": 13.3189878464,
        "var": 177.395431519
    },
    "spectral_decrease": {
        "dmean": 2.56198728898e-09,
        "dmean2": 4.02105904129e-09,
        "dvar": 1.34091626938e-17,
        "dvar2": 3.15144729162e-17,
        "max": 1.11818172499e-08,
        "mean": -8.0077597886e-09,
        "median": -6.85402401501e-09,
        "min": -3.96170349859e-08,
        "stdev": 6.24950802219e-09,
        "var": 3.90563517082e-17
    },
    "spectral_energy": {
        "dmean": 0.0102928215638,
        "dmean2": 0.0161079503596,
        "dvar": 0.000206048469408,
        "dvar2": 0.000481050694361,
        "max": 0.153014451265,
        "mean": 0.0329250358045,
        "median": 0.0287571046501,
        "min": 1.02004924304e-20,
        "stdev": 0.0246112495661,
        "var": 0.000605713634286
    },
    "spectral_energyband_high": {
        "dmean": 0.00113419850823,
        "dmean2": 0.00179779587779,
        "dvar": 8.59714782564e-06,
        "dvar2": 2.18384102482e-05,
        "max": 0.074461646378,
        "mean": 0.00236160703935,
        "median": 0.000788828823715,
        "min": 7.08279781068e-21,
        "stdev": 0.00469447905198,
        "var": 2.20381352847e-05
    },
    "spectral_energyband_low": {
        "dmean": 0.00819074548781,
        "dmean2": 0.0133210383356,
        "dvar": 0.00019026226073,
        "dvar2": 0.000477974448586,
        "max": 0.142159357667,
        "mean": 0.0183286517859,
        "median": 0.0106273340061,
        "min": 2.87172380098e-23,
        "stdev": 0.0212015565485,
        "var": 0.000449506012956
    },
    "spectral_energyband_middle_high": {
        "dmean": 0.00152309949044,
        "dmean2": 0.00241542723961,
        "dvar": 1.22504779938e-05,
        "dvar2": 3.07984664687e-05,
        "max": 0.0550687275827,
        "mean": 0.00270574144088,
        "median": 0.00136815221049,
        "min": 1.25149235895e-21,
        "stdev": 0.00416706269607,
        "var": 1.73644111783e-05
    },
    "spectral_energyband_middle_low": {
        "dmean": 0.00454135611653,
        "dmean2": 0.0074735917151,
        "dvar": 5.30693359906e-05,
        "dvar2": 0.000142391683767,
        "max": 0.0868501216173,
        "mean": 0.0122828427702,
        "median": 0.00995441060513,
        "min": 1.88310337215e-22,
        "stdev": 0.0115643292665,
        "var": 0.000133733716211
    },
    "spectral_entropy": {
        "dmean": 0.233511924744,
        "dmean2": 0.341457992792,
        "dvar": 0.114683613181,
        "dvar2": 0.238899439573,
        "max": 9.81821918488,
        "mean": 7.44894552231,
        "median": 7.7369351387,
        "min": 2.94450330734,
        "stdev": 0.889722883701,
        "var": 0.791606843472
    },
    "spectral_flux": {
        "dmean": 0.0280965790153,
        "dmean2": 0.0424951948225,
        "dvar": 0.00130787596572,
        "dvar2": 0.0024850149639,
        "max": 0.379882991314,
        "mean": 0.0812782049179,
        "median": 0.0711264684796,
        "min": 6.41915270938e-11,
        "stdev": 0.0558580905199,
        "var": 0.00312012643553
    },
    "spectral_kurtosis": {
        "dmean": 3.72956562042,
        "dmean2": 5.74020051956,
        "dvar": 261.765258789,
        "dvar2": 748.67791748,
        "max": 784.860778809,
        "mean": 8.49712753296,
        "median": 2.16496086121,
        "min": -1.87341046333,
        "stdev": 32.4878349304,
        "var": 1055.45935059
    },
    "spectral_rms": {
        "dmean": 0.000854363839608,
        "dmean2": 0.00130267278291,
        "dvar": 1.06789468646e-06,
        "dvar2": 2.35940683524e-06,
        "max": 0.0122181177139,
        "mean": 0.00514346873388,
        "median": 0.00529676442966,
        "min": 3.15463150394e-12,
        "stdev": 0.00238046445884,
        "var": 5.66661128687e-06
    },
    "spectral_rolloff": {
        "dmean": 720.004150391,
        "dmean2": 1212.31726074,
        "dvar": 1808615.75,
        "dvar2": 4277609,
        "max": 19724.4140625,
        "mean": 1871.24255371,
        "median": 602.9296875,
        "min": 21.533203125,
        "stdev": 2890.74414062,
        "var": 8356401
    },
    "spectral_skewness": {
        "dmean": 0.34800156951,
        "dmean2": 0.50510340929,
        "dvar": 0.479701191187,
        "dvar2": 1.08566474915,
        "max": 23.70054245,
        "mean": 1.74159920216,
        "median": 1.22174537182,
        "min": -0.836715042591,
        "stdev": 1.70746123791,
        "var": 2.91542387009
    },
    "spectral_spread": {
        "dmean": 644875.1875,
        "dmean2": 957140.0625,
        "dvar": 776911388672,
        "dvar2": 1.62174337024e+12,
        "max": 42255544,
        "mean": 6040140.5,
        "median": 5997134.5,
        "min": 145711.171875,
        "stdev": 2912653.25,
        "var": 8.48354869248e+12
    },
    "spectral_strongpeak": {
        "dmean": 0.584839999676,
        "dmean2": 0.978607058525,
        "dvar": 14.1679067612,
        "dvar2": 38.9368438721,
        "max": 164.032791138,
        "mean": 1.02421081066,
        "median": 0.474539428949,
        "min": 0,
        "stdev": 4.83215141296,
        "var": 23.3496894836
    },
    "zerocrossingrate": {
        "dmean": 0.0132246427238,
        "dmean2": 0.0154250990599,
        "dvar": 0.000273255340289,
        "dvar2": 0.000363701750757,
        "max": 0.828125,
        "mean": 0.074533239007,
        "median": 0.05810546875,
        "min": 0,
        "stdev": 0.0765126720071,
        "var": 0.00585418846458
    },
    "barkbands": {
        "dmean": [0.00047370014363, 0.00484894681722, 0.00368952262215, 0.00229611201212, 0.00167372846045, 0.000988814164884, 0.000828685704619, 0.000495431537274, 0.000366534019122, 0.000281257089227, 0.000172230997123, 0.00014936538355, 0.000113049216452, 0.000134150148369, 0.00011357213225, 0.000167935635545, 0.000186063320143, 0.000277830578852, 0.000285338115646, 0.000241165442276, 0.000252736761468, 0.0001616008376, 0.000178390851943, 0.000301122956444, 0.000177969952347, 0.000100174205727, 6.32326846244e-05],
        "dmean2": [0.000768014113419, 0.00791138224304, 0.0060569816269, 0.00388004234992, 0.00269000837579, 0.00161223602481, 0.0013532419689, 0.000798355962615, 0.000586576003116, 0.000451941363281, 0.000280567648588, 0.000245408824412, 0.000189886224689, 0.000227101700148, 0.000191938219359, 0.000293596531264, 0.00030515625258, 0.000448685052106, 0.000462920259451, 0.00038568029413, 0.000393545022234, 0.00025700320839, 0.000288327777525, 0.000474306434626, 0.000290914205834, 0.000168093043612, 0.000103380516521],
        "dvar": [1.45956278175e-06, 0.000120800781588, 4.78674046462e-05, 1.75329987542e-05, 7.86721557233e-06, 3.8923944885e-06, 2.65234143626e-06, 1.04201933482e-06, 5.71432053675e-07, 4.58080648968e-07, 2.33040609032e-07, 1.60403629934e-07, 2.27146088605e-07, 1.62193813935e-07, 1.13480240316e-07, 3.63720658925e-07, 3.62292382761e-07, 6.02770171554e-07, 6.04688352723e-07, 4.55658778264e-07, 8.151295674e-07, 2.23905431085e-07, 4.50564925814e-07, 7.89435944171e-07, 3.30147372551e-07, 1.63383015206e-06, 1.27066277855e-06],
        "dvar2": [3.61759225598e-06, 0.000295150268357, 0.000124935933854, 4.75313208881e-05, 2.05304495466e-05, 1.06584493551e-05, 6.99483189237e-06, 2.49881122727e-06, 1.43984823353e-06, 1.17207230232e-06, 5.75725607632e-07, 4.08742494074e-07, 6.38359608729e-07, 4.08401376717e-07, 3.03736072738e-07, 9.71628651314e-07, 8.95120876976e-07, 1.33734431529e-06, 1.49785023495e-06, 1.13455166684e-06, 1.69074587575e-06, 5.17427395152e-07, 1.01407886177e-06, 1.66517145317e-06, 7.91525280874e-07, 5.07785853188e-06, 3.02422722598e-06],
        "max": [0.0303233750165, 0.127827957273, 0.104668289423, 0.0745495632291, 0.0465050451458, 0.0515346229076, 0.0321244001389, 0.0303088705987, 0.0284109842032, 0.0232520848513, 0.0109200626612, 0.00909221637994, 0.0295172519982, 0.0183558296412, 0.0109222475439, 0.0170474946499, 0.0240595974028, 0.0311160720885, 0.025109924376, 0.0174531657249, 0.0305483564734, 0.022282699123, 0.0350803248584, 0.0484589114785, 0.026347881183, 0.0556656382978, 0.0731583014131],
        "mean": [0.000744354678318, 0.00827323552221, 0.00666597532108, 0.00405557872728, 0.00343720172532, 0.00172259472311, 0.00132373685483, 0.000843248912133, 0.00064275180921, 0.000456182082416, 0.000272765057161, 0.000220385903958, 0.0001531689486, 0.000175605877303, 0.000136777700391, 0.000175368317286, 0.000229647717788, 0.000409456668422, 0.000428639323218, 0.00036596308928, 0.000396356219426, 0.000272464996669, 0.000297863240121, 0.000650122237857, 0.000351607392076, 0.000134232424898, 8.98013822734e-05],
        "median": [7.54491484258e-05, 0.00235799560323, 0.00225598062389, 0.00143455760553, 0.00164757110178, 0.000688497442752, 0.000516287982464, 0.000278375810012, 0.000238393564359, 0.000154448542162, 7.3745221016e-05, 5.69541261939e-05, 4.37559501734e-05, 5.18473025295e-05, 3.64223669749e-05, 2.92593649647e-05, 5.25413524883e-05, 0.000121924553241, 0.000119953743706, 8.48224735819e-05, 7.71428458393e-05, 3.52069509972e-05, 5.09909114044e-05, 0.000155368092237, 7.92652572272e-05, 1.15857646961e-05, 3.61271349902e-06],
        "min": [1.76130768967e-24, 8.69836214965e-24, 1.57850731869e-24, 2.56769649256e-24, 1.1075342052e-23, 9.40204974293e-24, 7.53014986802e-24, 6.07856454974e-24, 2.16038047038e-23, 3.34787014595e-23, 1.44993865003e-23, 2.8827817376e-23, 4.07818495023e-23, 2.78828124987e-23, 3.96931583442e-23, 6.08186640594e-23, 6.87108766282e-23, 1.23843525946e-22, 1.8202481974e-22, 1.92082758416e-22, 2.38115985545e-22, 4.20360525135e-22, 4.48387680247e-22, 6.71270446168e-22, 8.73934896414e-22, 1.44379105068e-21, 2.02021658613e-21],
        "stdev": [0.00180018984247, 0.014644863084, 0.0104628968984, 0.0063711181283, 0.00470113288611, 0.00273042614572, 0.00217352015898, 0.00150798831601, 0.00111761200242, 0.000882807129528, 0.000725940859411, 0.000504317868035, 0.000562872155569, 0.000462725729449, 0.00033475109376, 0.000591296877246, 0.000632317271084, 0.000925445696339, 0.000878087594174, 0.000755742541514, 0.00130358990282, 0.00065490353154, 0.000992545392364, 0.00154997035861, 0.000908343587071, 0.00141689798329, 0.00113440910354],
        "var": [3.2406835544e-06, 0.000214472005609, 0.000109472217446, 4.05911487178e-05, 2.21006484935e-05, 7.45522720536e-06, 4.72418969366e-06, 2.27402870223e-06, 1.24905659504e-06, 7.79348454216e-07, 5.26990106664e-07, 2.54336498529e-07, 3.1682509416e-07, 2.14115104313e-07, 1.12058302193e-07, 3.49631989138e-07, 3.99825125896e-07, 8.56449730691e-07, 7.71037775849e-07, 5.71146756556e-07, 1.69934673977e-06, 4.28898630389e-07, 9.85146471066e-07, 2.40240819949e-06, 8.25088079637e-07, 2.00759996005e-06, 1.28688395762e-06]
    },
    "erbbands": {
        "dmean": [0.158106833696, 1.08768010139, 3.45309519768, 6.855884552, 5.66111660004, 6.05858945847, 6.12953805923, 8.25999832153, 12.5202722549, 11.6482620239, 10.3216648102, 7.77227067947, 9.00312900543, 8.0813999176, 5.47501707077, 6.34427022934, 5.30890703201, 6.35248947144, 5.99807167053, 6.61699438095, 10.0107860565, 10.3043136597, 14.5685882568, 15.0430450439, 13.8906517029, 10.7279567719, 9.03384876251, 10.7546033859, 6.28172779083, 4.87520313263, 5.36735153198, 6.65327739716, 5.0896282196, 2.82765722275, 0.762851417065, 0.392038077116, 0.190897256136, 0.0618930719793, 0.0122087141499, 0.000672739231959],
        "dmean2": [0.256729602814, 1.80189204216, 5.7490735054, 11.292963028, 9.28567028046, 9.80815696716, 9.58515548706, 13.8684139252, 20.5685806274, 18.5207023621, 16.6342792511, 12.5485677719, 14.2961339951, 13.184923172, 9.13751983643, 10.3859090805, 8.88033390045, 10.6702833176, 10.1204557419, 11.5454521179, 17.0548915863, 16.6175422668, 23.4551486969, 24.0385932922, 22.4326324463, 17.0026721954, 14.4454679489, 16.4368572235, 10.0403366089, 7.83276414871, 8.74578762054, 10.7117357254, 8.12623214722, 4.62399768829, 1.23661756516, 0.660615742207, 0.328605145216, 0.104034967721, 0.0205763038248, 0.00107515521813],
        "dvar": [0.150431230664, 6.26133441925, 42.6534118652, 146.949417114, 110.535179138, 110.306007385, 113.288627625, 362.766479492, 655.109741211, 531.790405273, 476.190216064, 272.756988525, 379.730407715, 703.249450684, 268.348114014, 307.900756836, 432.616241455, 345.781097412, 306.001373291, 544.434997559, 1302.80065918, 1080.61828613, 1651.34436035, 1632.74291992, 1610.17138672, 896.440856934, 560.211669922, 2414.23388672, 362.689849854, 345.088653564, 411.733856201, 576.754455566, 242.605484009, 69.8193969727, 16.4282836914, 31.498128891, 9.31937503815, 1.27434873581, 0.0629242584109, 0.000113316869829],
        "dvar2": [0.376161545515, 15.8555631638, 114.311988831, 396.219238281, 286.569122314, 292.524261475, 273.152984619, 1041.7701416, 1770.23608398, 1340.14221191, 1142.36730957, 708.970031738, 945.877563477, 1662.32092285, 683.764953613, 791.88470459, 1183.27819824, 898.964233398, 804.37677002, 1513.13757324, 3457.66650391, 2603.13623047, 3601.58959961, 4037.38647461, 3867.12768555, 2194.97827148, 1361.08776855, 4826.95214844, 864.003112793, 847.484008789, 969.161254883, 1234.21057129, 567.479553223, 175.232330322, 35.1517562866, 98.7737426758, 27.9856872559, 3.34343147278, 0.150730371475, 0.000243201997364],
        "max": [6.12372112274, 30.5458297729, 98.9564285278, 184.012939453, 224.549224854, 189.348526001, 304.136383057, 432.651824951, 442.116271973, 434.177062988, 850.832946777, 544.696472168, 567.50390625, 998.008972168, 519.971618652, 400.645721436, 1063.3560791, 649.330078125, 617.602966309, 572.042785645, 1018.89208984, 1609.67773438, 1813.26196289, 1351.74145508, 1757.53320312, 925.656677246, 498.778320312, 1847.40893555, 781.183410645, 1139.83666992, 1157.92712402, 1410.13842773, 923.727722168, 355.761077881, 345.8644104, 353.655151367, 162.508346558, 77.2019958496, 14.9141530991, 1.07399570942],
        "mean": [0.256303787231, 1.82880818844, 6.30842447281, 13.2612571716, 10.2827730179, 11.8742170334, 13.2874641418, 12.8804893494, 19.8120422363, 19.8010559082, 17.9048881531, 14.0078926086, 15.8409280777, 12.8785476685, 8.39474964142, 9.88453578949, 7.57276010513, 8.99580287933, 7.60864591599, 7.68027067184, 10.7231302261, 13.6325187683, 21.503030777, 22.2974147797, 21.1385288239, 16.8594760895, 13.9691810608, 17.1080379486, 10.316028595, 8.053606987, 8.84310531616, 12.925157547, 10.7265176773, 5.70282268524, 1.44991791248, 0.535138905048, 0.237781867385, 0.0769335255027, 0.0160222928971, 0.00109867635183],
        "median": [0.0544199235737, 0.56215018034, 2.50355887413, 5.29194784164, 4.61844301224, 5.42174386978, 5.45802021027, 5.09601974487, 7.66404438019, 7.61929178238, 6.34662294388, 5.21479415894, 5.47521924973, 4.12733793259, 2.77473521233, 2.58092951775, 2.51564216614, 2.82501769066, 2.32708740234, 1.97129821777, 1.86906814575, 3.64637517929, 6.52757549286, 5.92249059677, 5.68813276291, 4.05653858185, 3.49020171165, 2.62525939941, 1.40023803711, 0.97108322382, 1.77045691013, 3.17900824547, 2.50022816658, 1.32466340065, 0.303975224495, 0.0751232430339, 0.0172579232603, 0.0037804224994, 0.000680283294059, 8.3384285972e-05],
        "min": [1.8543070461e-22, 1.40044080891e-21, 2.94135712106e-21, 1.10718957018e-20, 1.34787335981e-20, 3.29891228202e-20, 6.07985375798e-20, 8.8988193696e-20, 1.43268586823e-19, 1.2360104944e-19, 2.27883295675e-19, 4.35292268526e-19, 8.57805837359e-19, 9.83923894006e-19, 8.93269241569e-19, 1.37640351707e-18, 2.03798029625e-18, 2.02087089246e-18, 2.50895791188e-18, 3.32092874092e-18, 4.12819828895e-18, 4.55730195402e-18, 7.16424602691e-18, 7.54511306815e-18, 9.58103864776e-18, 8.76515566801e-18, 8.40376376711e-18, 1.13016074091e-17, 1.29862798406e-17, 1.304639271e-17, 1.23308020708e-17, 8.77198238961e-18, 9.09211865746e-18, 8.78013342736e-18, 7.60739232365e-18, 4.29188078856e-18, 2.73104784134e-18, 1.03873122703e-18, 2.72987489923e-19, 2.80892150641e-20],
        "stdev": [0.510926544666, 3.25024843216, 9.5328207016, 18.254119873, 14.8860797882, 17.4602909088, 21.6736354828, 21.806634903, 32.4592514038, 33.1252250671, 32.1811332703, 24.0624904633, 29.6688327789, 35.8019676208, 24.9207019806, 22.4289894104, 25.4003734589, 22.5276260376, 18.532995224, 21.0806808472, 36.2428703308, 36.9180908203, 49.1082878113, 45.6244773865, 44.9873657227, 34.5663070679, 28.4577407837, 72.9171295166, 24.9881801605, 24.8089675903, 28.4815063477, 36.0917930603, 24.4582424164, 12.1613674164, 6.75053548813, 5.60715723038, 3.11095166206, 1.18599462509, 0.248104408383, 0.0116094807163],
        "var": [0.26104593277, 10.5641145706, 90.8746643066, 333.212921143, 221.59538269, 304.861785889, 469.746490479, 475.529296875, 1053.60290527, 1097.28051758, 1035.62536621, 579.003417969, 880.239624023, 1281.78088379, 621.041381836, 503.059539795, 645.179016113, 507.493927002, 343.471923828, 444.395080566, 1313.54553223, 1362.94543457, 2411.6237793, 2081.59301758, 2023.86291504, 1194.82958984, 809.842956543, 5316.90820312, 624.409118652, 615.484863281, 811.196228027, 1302.61743164, 598.205627441, 147.898864746, 45.5697288513, 31.4402103424, 9.67802047729, 1.40658330917, 0.0615557990968, 0.000134780042572]
    },
    "gfcc": {
        "mean": [-35.7645683289, 75.8253250122, -75.9366226196, 35.316608429, -57.6095924377, 8.00535297394, -31.5892620087, 12.5700922012, -21.4405097961, -5.14530658722, -6.12549304962, -8.76526927948, -10.1672897339],
        "cov": [[25787.5996094, -2650.16259766, -854.037658691, 1771.66748047, -889.587341309, 525.317993164, -1015.65081787, 669.887512207, -653.035217285, 83.0204162598, -161.889862061, -379.329833984, -303.811309814], [-2650.16259766, 3031.95166016, 374.313293457, -571.065124512, 243.507568359, -290.428955078, 230.544128418, -87.6134338379, 61.8015022278, -89.7267990112, 135.020462036, -74.4543151855, 76.4731369019], [-854.037658691, 374.313293457, 1436.06506348, 25.9455852509, 48.0633659363, 103.615959167, -34.4397087097, 110.716087341, -26.9472103119, -20.0001716614, 29.7135105133, -66.8700027466, 24.3850955963], [1771.66748047, -571.065124512, 25.9455852509, 1195.76806641, 93.6509094238, 120.075775146, 130.528381348, 14.4023704529, 53.9640350342, 7.76988077164, -21.6990642548, -82.1511993408, -94.5302505493], [-889.587341309, 243.507568359, 48.0633659363, 93.6509094238, 654.162353516, -11.7581338882, 177.655029297, -39.5474967957, 93.6336517334, 44.5618934631, -54.1616477966, 23.7417812347, -22.058380127], [525.317993164, -290.428955078, 103.615959167, 120.075775146, -11.7581338882, 413.780517578, 18.1305675507, 87.3810882568, 12.1347122192, 17.5844116211, 38.4288444519, -13.6078662872, -3.5792734623], [-1015.65081787, 230.544128418, -34.4397087097, 130.528381348, 177.655029297, 18.1305675507, 404.837646484, -9.66371059418, 133.333953857, 19.1429004669, -1.08378708363, 44.9948959351, -15.7132806778], [669.887512207, -87.6134338379, 110.716087341, 14.4023704529, -39.5474967957, 87.3810882568, -9.66371059418, 226.521972656, -37.128528595, 30.6976070404, 39.8907051086, -26.4257793427, 12.3952846527], [-653.035217285, 61.8015022278, -26.9472103119, 53.9640350342, 93.6336517334, 12.1347122192, 133.333953857, -37.128528595, 237.729904175, 31.2703094482, 0.55562287569, 45.714881897, -10.3784370422], [83.0204162598, -89.7267990112, -20.0001716614, 7.76988077164, 44.5618934631, 17.5844116211, 19.1429004669, 30.6976070404, 31.2703094482, 155.929138184, 16.4344425201, 46.2535476685, 13.5589332581], [-161.889862061, 135.020462036, 29.7135105133, -21.6990642548, -54.1616477966, 38.4288444519, -1.08378708363, 39.8907051086, 0.55562287569, 16.4344425201, 144.97883606, 16.1865653992, 27.1131401062], [-379.329833984, -74.4543151855, -66.8700027466, -82.1511993408, 23.7417812347, -13.6078662872, 44.9948959351, -26.4257793427, 45.714881897, 46.2535476685, 16.1865653992, 138.327041626, 29.755657196], [-303.811309814, 76.4731369019, 24.3850955963, -94.5302505493, -22.058380127, -3.5792734623, -15.7132806778, 12.3952846527, -10.3784370422, 13.5589332581, 27.1131401062, 29.755657196, 99.9903411865]],
        "icov": [[6.67882268317e-05, -1.21298044178e-05, 6.084495908e-05, -0.000113472262456, 5.49532815057e-05, -5.14500643476e-05, 0.000170903382241, -0.000198708759854, 9.18575606192e-05, -5.74466612306e-05, 0.00012907240307, -2.61941549979e-05, 0.000141983749927], [-1.21298044178e-05, 0.000577294733375, -0.000159724804689, 0.000341653561918, -0.000219000023208, 0.000402605452109, -0.000483651470859, 0.000313949363772, -9.08410074771e-05, 0.000202455034014, -0.00079861615086, 0.000824620539788, -0.000330973940436], [6.084495908e-05, -0.000159724804689, 0.000851119868457, -0.000184311720659, -2.55732011283e-05, -0.000270388787612, 0.000351694907295, -0.000552393554244, 6.15527605987e-05, 3.84113554901e-05, 0.000226607386139, 9.26885986701e-05, -5.42073830729e-05], [-0.000113472262456, 0.000341653561918, -0.000184311720659, 0.00137313804589, -0.000244430702878, 5.2565963415e-05, -0.000842552282847, 0.000557922234293, -0.000282306631561, -1.59123082994e-05, -0.000645569525659, 0.00113810016774, 0.000292647804599], [5.49532815057e-05, -0.000219000023208, -2.55732011283e-05, -0.000244430702878, 0.00200689770281, -0.000142678589327, -0.000410561508033, 1.23391373563e-06, -0.000135782713187, -0.000687511987053, 0.00106074952055, -0.000275360274827, 0.000356016564183], [-5.14500643476e-05, 0.000402605452109, -0.000270388787612, 5.2565963415e-05, -0.000142678589327, 0.0030864351429, -0.000449199898867, -0.000597620964982, -0.000366288644727, 0.000120811491797, -0.00112168386113, 0.000589336093981, -0.000191730083316], [0.000170903382241, -0.000483651470859, 0.000351694907295, -0.000842552282847, -0.000410561508033, -0.000449199898867, 0.00426014233381, -0.00111652107444, -0.00122925895266, 0.000153649947606, 0.000758969981689, -0.00160776486155, 0.000832311692648], [-0.000198708759854, 0.000313949363772, -0.000552393554244, 0.000557922234293, 1.23391373563e-06, -0.000597620964982, -0.00111652107444, 0.00640348810703, 0.000607905967627, -0.00126627529971, -0.00180862273555, 0.00186556379776, -0.00100201915484], [9.18575606192e-05, -9.08410074771e-05, 6.15527605987e-05, -0.000282306631561, -0.000135782713187, -0.000366288644727, -0.00122925895266, 0.000607905967627, 0.00579691445455, -0.000837121042423, 6.01204556006e-05, -0.0012523754267, 0.000826662930194], [-5.74466612306e-05, 0.000202455034014, 3.84113554901e-05, -1.59123082994e-05, -0.000687511987053, 0.000120811491797, 0.000153649947606, -0.00126627529971, -0.000837121042423, 0.00798148475587, -0.000728821381927, -0.0023830528371, -0.000582430919167], [0.00012907240307, -0.00079861615086, 0.000226607386139, -0.000645569525659, 0.00106074952055, -0.00112168386113, 0.000758969981689, -0.00180862273555, 6.01204556006e-05, -0.000728821381927, 0.00931668374687, -0.00188919214997, -0.000984313548543], [-2.61941549979e-05, 0.000824620539788, 9.26885986701e-05, 0.00113810016774, -0.000275360274827, 0.000589336093981, -0.00160776486155, 0.00186556379776, -0.0012523754267, -0.0023830528371, -0.00188919214997, 0.0113521553576, -0.00285329297185], [0.000141983749927, -0.000330973940436, -5.42073830729e-05, 0.000292647804599, 0.000356016564183, -0.000191730083316, 0.000832311692648, -0.00100201915484, 0.000826662930194, -0.000582430919167, -0.000984313548543, -0.00285329297185, 0.0125828590244]]
    },
    "melbands": {
        "dmean": [0.00135403324384, 0.00156106008217, 0.00104608631227, 0.000380574638257, 0.00022171146702, 0.000193086525542, 0.000186999051948, 0.000122029763588, 8.78704158822e-05, 4.65981174784e-05, 4.43416793132e-05, 3.24307147821e-05, 1.96344353753e-05, 1.6985426555e-05, 1.4474307136e-05, 1.14135582407e-05, 1.25843489513e-05, 1.0029157238e-05, 8.88484100869e-06, 1.02227504613e-05, 1.2652303667e-05, 1.12456455099e-05, 1.11937097245e-05, 1.46479260366e-05, 1.25282576846e-05, 1.07471596493e-05, 1.02585372588e-05, 6.59474335407e-06, 5.94210996496e-06, 6.03017542744e-06, 6.20787113803e-06, 3.83122051062e-06, 2.94057099381e-06, 2.83504004983e-06, 3.17478657053e-06, 3.83901124223e-06, 4.61236550109e-06, 3.91820140067e-06, 3.51702760781e-06, 2.21067534767e-06],
        "dmean2": [0.0022064964287, 0.00258274329826, 0.00171282782685, 0.000622037274297, 0.00034679035889, 0.000321520725265, 0.00030423948192, 0.000193928950466, 0.000140449672472, 7.57015732233e-05, 7.05690254108e-05, 5.3166590078e-05, 3.25787659676e-05, 2.80134318018e-05, 2.34685830947e-05, 1.91788203665e-05, 2.12340128201e-05, 1.7101125195e-05, 1.51293925228e-05, 1.81607574632e-05, 2.15430663957e-05, 1.86191737157e-05, 1.77751026058e-05, 2.37731710513e-05, 2.02807532332e-05, 1.75163950189e-05, 1.62884462043e-05, 1.06384050014e-05, 9.59020690061e-06, 9.57691645453e-06, 9.53164089879e-06, 6.26597920927e-06, 4.65644552605e-06, 4.64798722533e-06, 5.35033723281e-06, 6.38701112621e-06, 7.51511288399e-06, 6.36122422293e-06, 5.75633021072e-06, 3.68242740478e-06],
        "dvar": [1.00553961602e-05, 8.30111548566e-06, 3.15154284181e-06, 4.33873879047e-07, 1.36601329359e-07, 1.7823856524e-07, 1.39371124419e-07, 5.91094178048e-08, 3.583334518e-08, 1.02061328278e-08, 9.40083566547e-09, 1.1619804674e-08, 3.30782734537e-09, 1.79817249979e-09, 1.88262094802e-09, 3.20572435264e-09, 1.39493083751e-09, 1.02280839354e-09, 7.47812534119e-10, 1.42388223434e-09, 2.25155538658e-09, 1.46106315935e-09, 9.81635661645e-10, 1.80244696946e-09, 1.16397758099e-09, 9.73191194298e-10, 8.74603389711e-10, 3.52801787784e-10, 2.43894682228e-10, 3.95090404837e-10, 8.28625834615e-10, 1.32341956838e-10, 1.34474154034e-10, 1.50042325786e-10, 2.03520450492e-10, 2.86016321738e-10, 2.96513008591e-10, 1.82830514617e-10, 1.11161913008e-10, 6.66685734396e-11],
        "dvar2": [2.45633927989e-05, 2.21443115151e-05, 8.36190702103e-06, 1.14664169359e-06, 3.31097766093e-07, 5.01113277096e-07, 3.71107915953e-07, 1.46462909356e-07, 8.35207600858e-08, 2.66626329903e-08, 2.35757973144e-08, 2.77624234712e-08, 8.64358185027e-09, 4.62109328581e-09, 4.7116879287e-09, 9.15166076254e-09, 3.52749585097e-09, 2.68224487066e-09, 2.00556393715e-09, 4.00665411959e-09, 5.89599213896e-09, 3.60614338391e-09, 2.06396855162e-09, 4.02248767628e-09, 2.91442825429e-09, 2.42385200799e-09, 2.15897499878e-09, 8.72592775814e-10, 5.91889592894e-10, 8.63940252671e-10, 1.67067160106e-09, 3.277803029e-10, 3.25975996196e-10, 3.63994473451e-10, 5.41965805567e-10, 7.97372445849e-10, 6.90989265806e-10, 4.50691428622e-10, 2.84095691416e-10, 1.74278022569e-10],
        "max": [0.0397784002125, 0.0368148051202, 0.0267152413726, 0.0117565356195, 0.00961579289287, 0.00949118286371, 0.00601705349982, 0.00506306160241, 0.00758697744459, 0.00334228971042, 0.00274387584068, 0.00423630652949, 0.00165169173852, 0.00104552356061, 0.00118719704915, 0.00382327591069, 0.0014138573315, 0.00141679297667, 0.000856769620441, 0.000804366660304, 0.00152890605386, 0.00163529266138, 0.00174562027678, 0.00188777549192, 0.00113271549344, 0.00138256675564, 0.000894760596566, 0.000643877952825, 0.000390776258428, 0.000638420751784, 0.001060284907, 0.000466026074719, 0.000764649943449, 0.000750483945012, 0.000826845760457, 0.00118698063307, 0.000975247647148, 0.00078664754983, 0.00045516146929, 0.000475606910186],
        "mean": [0.0023342766799, 0.00306635326706, 0.00213460880332, 0.000737348978873, 0.000505162926856, 0.000312616786687, 0.000303434382658, 0.000206347351195, 0.00015065279149, 8.36340041133e-05, 7.54697975935e-05, 4.92007602588e-05, 2.94551591651e-05, 2.53296529991e-05, 2.11649348785e-05, 1.51802869368e-05, 1.72557356564e-05, 1.21684115584e-05, 1.04780938273e-05, 1.06224315459e-05, 1.30356938826e-05, 1.3495058738e-05, 1.6882780983e-05, 2.01085968001e-05, 1.77596484718e-05, 1.60615727509e-05, 1.42711623994e-05, 1.026116297e-05, 8.80450716068e-06, 8.89772309165e-06, 9.62009380601e-06, 5.8726404859e-06, 4.7647640713e-06, 4.34256116932e-06, 4.56163206763e-06, 6.56447264191e-06, 8.4433304437e-06, 7.57989846534e-06, 7.02008537701e-06, 4.01386751037e-06],
