{
"highlevel": {
    "danceability": {
        "all": {
            "danceable": 0.985257565975,
            "not_danceable": 0.0147424135357
        },
        "probability": 0.985257565975,
        "value": "danceable"
    },
    "gender": {
        "all": {
            "female": 0.212970539927,
            "male": 0.787029445171
        },
        "probability": 0.787029445171,
        "value": "male"
    },
    "genre_electronic": {
        "all": {
            "ambient": 0.252902925014,
            "dnb": 0.00406473362818,
            "house": 0.686894714832,
            "techno": 0.0314330942929,
            "trance": 0.0247045308352
        },
        "probability": 0.686894714832,
        "value": "house"
    },
    "mood_acoustic": {
        "all": {
            "acoustic": 0.0522660166025,
            "not_acoustic": 0.947733998299
        },
        "probability": 0.947733998299,
        "value": "not_acoustic"
    },
    "mood_aggressive": {
        "all": {
            "aggressive": 0.00216982956044,
            "not_aggressive": 0.997830152512
        },
        "probability": 0.997830152512,
        "value": "not_aggressive"
    },
    "mood_electronic": {
        "all": {
            "electronic": 0.904225647449,
            "not_electronic": 0.0957743525505
        },
        "probability": 0.904225647449,
        "value": "electronic"
    },
    "mood_happy": {
        "all": {
            "happy": 0.999987721443,
            "not_happy": 1.22954761537e-05
        },
        "probability": 0.999987721443,
        "value": "happy"
    },
    "mood_party": {
        "all": {
            "not_party": 0.46775534749,
            "party": 0.532244622707
        },
        "probability": 0.532244622707,
        "value": "party"
    },
    "mood_relaxed": {
        "all": {
            "not_relaxed": 0.628077328205,
            "relaxed": 0.371922671795
        },
        "probability": 0.628077328205,
        "value": "not_relaxed"
    },
    "mood_sad": {
        "all": {
            "not_sad": 0.549436330795,
            "sad": 0.450563669205
        },
        "probability": 0.549436330795,
        "value": "not_sad"
    },
    "moods_mirex": {
        "all": {
            "Cluster1": 0.0220562871546,
            "Cluster2": 0.244814246893,
            "Cluster3": 0.124664418399,
            "Cluster4": 0.576189279556,
            "Cluster5": 0.0322757698596
        },
        "probability": 0.576189279556,
        "value": "Cluster4"
    },
    "timbre": {
        "all": {
            "bright": 0.117007039487,
            "dark": 0.882992982864
        },
        "probability": 0.882992982864,
        "value": "dark"
    },
    "tonal_atonal": {
        "all": {
            "atonal": 0.999999940395,
            "tonal": 6.12846449144e-08
        },
        "probability": 0.999999940395,
        "value": "atonal"
    },
    "voice_instrumental": {
        "all": {
            "instrumental": 0.830281615257,
            "voice": 0.169718414545
        },
        "probability": 0.830281615257,
        "value": "instrumental"
    }
},
"lowlevel": {
    "average_loudness": 0.962902128696,
    "barkbands_crest": {
        "dmean": 3.41365504265,
        "dmean2": 5.2156329155,
        "dvar": 11.5991754532,
        "dvar2": 28.3799285889,
        "max": 26.8247241974,
        "mean": 15.2079916,
        "median": 14.6509370804,
        "min": 2.53355550766,
        "stdev": 6.11918354034,
        "var": 37.4444084167
    },
    "barkbands_flatness_db": {
        "dmean": 0.0650844275951,
        "dmean2": 0.0902617201209,
        "dvar": 0.00545616401359,
        "dvar2": 0.0117920534685,
        "max": 0.916716337204,
        "mean": 0.356520920992,
        "median": 0.342860341072,
        "min": 0.0354390889406,
        "stdev": 0.164198681712,
        "var": 0.0269612055272
    },
    "barkbands_kurtosis": {
        "dmean": 42.7541732788,
        "dmean2": 73.8320236206,
        "dvar": 43430.109375,
        "dvar2": 129175.828125,
        "max": 6837.59667969,
        "mean": 43.884979248,
        "median": 7.99600124359,
        "min": -1.92894411087,
        "stdev": 165.279144287,
        "var": 27317.1972656
    },
    "barkbands_skewness": {
        "dmean": 1.73769676685,
        "dmean2": 2.75815820694,
        "dvar": 8.5099105835,
        "dvar2": 25.2434253693,
        "max": 51.6343002319,
        "mean": 3.10307025909,
        "median": 2.22452068329,
        "min": -4.89828634262,
        "stdev": 3.45191311836,
        "var": 11.9157047272
    },
    "barkbands_spread": {
        "dmean": 5.47693824768,
        "dmean2": 8.91606998444,
        "dvar": 146.814971924,
        "dvar2": 362.455413818,
        "max": 142.474212646,
        "mean": 8.33858966827,
        "median": 3.88743495941,
        "min": 0.00888993777335,
        "stdev": 13.6414804459,
        "var": 186.089981079
    },
    "dissonance": {
        "dmean": 0.0511013194919,
        "dmean2": 0.0832185000181,
        "dvar": 0.00254292972386,
        "dvar2": 0.00619224412367,
        "max": 0.500000119209,
        "mean": 0.364913880825,
        "median": 0.376056820154,
        "min": 0.0298543218523,
        "stdev": 0.0877052620053,
        "var": 0.00769221363589
    },
    "dynamic_complexity": 4.1657204628,
    "erbbands_crest": {
        "dmean": 2.97967791557,
        "dmean2": 4.52648496628,
        "dvar": 9.97935581207,
        "dvar2": 24.3021621704,
        "max": 29.7978553772,
        "mean": 12.3493652344,
        "median": 11.6426954269,
        "min": 2.38328099251,
        "stdev": 5.17635440826,
        "var": 26.7946453094
    },
    "erbbands_flatness_db": {
        "dmean": 0.0391902029514,
        "dmean2": 0.0565560944378,
        "dvar": 0.0021005962044,
        "dvar2": 0.00422294484451,
        "max": 0.542689144611,
        "mean": 0.265387892723,
        "median": 0.260116070509,
        "min": 0.0322335138917,
        "stdev": 0.0995992198586,
        "var": 0.00992000475526
    },
    "erbbands_kurtosis": {
        "dmean": 5.10035514832,
        "dmean2": 7.94318056107,
        "dvar": 340.181640625,
        "dvar2": 666.341491699,
        "max": 453.169219971,
        "mean": 8.06625843048,
        "median": 0.8868496418,
        "min": -1.84385991096,
        "stdev": 35.3241958618,
        "var": 1247.79882812
    },
    "erbbands_skewness": {
        "dmean": 0.734451413155,
        "dmean2": 1.12386155128,
        "dvar": 1.06198942661,
        "dvar2": 2.5939848423,
        "max": 13.9056854248,
        "mean": 1.01821279526,
        "median": 0.603961467743,
        "min": -2.73914933205,
        "stdev": 1.9053196907,
        "var": 3.63024306297
    },
    "erbbands_spread": {
        "dmean": 9.99715137482,
        "dmean2": 15.84263134,
        "dvar": 302.640716553,
        "dvar2": 706.733093262,
        "max": 163.397033691,
        "mean": 22.8348369598,
        "median": 16.6572723389,
        "min": 0.401288717985,
        "stdev": 20.7883319855,
        "var": 432.154724121
    },
    "hfc": {
        "dmean": 13.0812959671,
        "dmean2": 21.3549060822,
        "dvar": 682.314880371,
        "dvar2": 1835.95251465,
        "max": 222.629623413,
        "mean": 17.8223552704,
        "median": 10.0578212738,
        "min": 1.05762618289e-16,
        "stdev": 25.4386100769,
        "var": 647.12286377
    },
    "loudness_ebu128": {
        "integrated": -12.0505123138,
        "loudness_range": 4.1817855835,
        "momentary": {
            "dmean": 0.993560731411,
            "dmean2": 1.47929382324,
            "dvar": 5.62972164154,
            "dvar2": 6.00205183029,
            "max": -8.7913274765,
            "mean": -17.8053817749,
            "median": -12.0696582794,
            "min": -300.691009521,
            "stdev": 35.895816803,
            "var": 1288.50976562
        },
        "short_term": {
            "dmean": 0.136713609099,
            "dmean2": 0.148137256503,
            "dvar": 4.07669305801,
            "dvar2": 3.7685983181,
            "max": -10.5199050903,
            "mean": -16.0173397064,
            "median": -11.6351890564,
            "min": -300.691009521,
            "stdev": 28.835313797,
            "var": 831.475280762
        }
    },
    "melbands_crest": {
        "dmean": 3.9198589325,
        "dmean2": 5.60850381851,
        "dvar": 16.7394390106,
        "dvar2": 31.7843666077,
        "max": 38.6469726562,
        "mean": 21.4208927155,
        "median": 20.484003067,
        "min": 1.54360997677,
        "stdev": 8.96943187714,
        "var": 80.4507141113
    },
    "melbands_flatness_db": {
        "dmean": 0.0770831629634,
        "dmean2": 0.105631738901,
        "dvar": 0.00795465055853,
        "dvar2": 0.01736385189,
        "max": 1,
        "mean": 0.467492550611,
        "median": 0.465678215027,
        "min": 0.00265576667152,
        "stdev": 0.203064531088,
        "var": 0.0412352010608
    },
    "melbands_kurtosis": {
        "dmean": 29.317232132,
        "dmean2": 44.522480011,
        "dvar": 3825.7265625,
        "dvar2": 8591.73046875,
        "max": 1242.83764648,
        "mean": 46.2005882263,
        "median": 13.3553028107,
        "min": -1.80359828472,
        "stdev": 90.71459198,
        "var": 8229.13671875
    },
    "melbands_skewness": {
        "dmean": 1.45798659325,
        "dmean2": 2.10262298584,
        "dvar": 2.97402095795,
        "dvar2": 6.37845611572,
        "max": 25.7510471344,
        "mean": 3.77103877068,
        "median": 2.85414242744,
        "min": -2.38379907608,
        "stdev": 3.17158389091,
        "var": 10.0589447021
    },
    "melbands_spread": {
        "dmean": 5.98228263855,
        "dmean2": 9.81690597534,
        "dvar": 278.847595215,
        "dvar2": 697.755615234,
        "max": 257.160125732,
        "mean": 10.4449720383,
        "median": 3.99833369255,
        "min": 0.0390981994569,
        "stdev": 22.8123550415,
        "var": 520.403503418
    },
    "pitch_salience": {
        "dmean": 0.102695189416,
        "dmean2": 0.160517588258,
        "dvar": 0.0166505649686,
        "dvar2": 0.0416108071804,
        "max": 0.987433254719,
        "mean": 0.368361145258,
        "median": 0.382386356592,
        "min": 0.0126166939735,
        "stdev": 0.201857730746,
        "var": 0.0407465435565
    },
    "silence_rate_20dB": {
        "dmean": 0.0785313099623,
        "dmean2": 0.157070785761,
        "dvar": 0.0723789483309,
        "dvar2": 0.145598813891,
        "max": 1,
        "mean": 0.873264312744,
        "median": 1,
        "min": 0,
        "stdev": 0.332715570927,
        "var": 0.110699646175
    },
    "silence_rate_30dB": {
        "dmean": 0.109111711383,
        "dmean2": 0.218234777451,
        "dvar": 0.0972335338593,
        "dvar2": 0.180994614959,
        "max": 1,
        "mean": 0.654376208782,
        "median": 1,
        "min": 0,
        "stdev": 0.475571364164,
        "var": 0.226168125868
    },
    "silence_rate_60dB": {
        "dmean": 0.0568961948156,
        "dmean2": 0.113798305392,
        "dvar": 0.0536594428122,
        "dvar2": 0.120189525187,
        "max": 1,
        "mean": 0.139840871096,
        "median": 0,
        "min": 0,
        "stdev": 0.3468080163,
        "var": 0.12027580291
    },
    "spectral_centroid": {
        "dmean": 216.338302612,
        "dmean2": 345.357879639,
        "dvar": 196810.65625,
        "dvar2": 469406.125,
        "max": 11839.3466797,
        "mean": 714.528930664,
        "median": 396.289611816,
        "min": 43.6258888245,
        "stdev": 1428.58947754,
        "var": 2040867.75
    },
    "spectral_complexity": {
        "dmean": 3.2228000164,
        "dmean2": 5.35933828354,
        "dvar": 36.4598350525,
        "dvar2": 90.0374450684,
        "max": 52,
        "mean": 7.64002275467,
        "median": 6,
        "min": 0,
        "stdev": 6.55301570892,
        "var": 42.9420127869
    },
    "spectral_decrease": {
        "dmean": 1.99224778896e-08,
        "dmean2": 3.23811981673e-08,
        "dvar": 1.25644208714e-15,
        "dvar2": 3.97180017011e-15,
        "max": 9.86147438211e-18,
        "mean": -3.02990343926e-08,
        "median": -1.49352619161e-08,
        "min": -2.26109492019e-07,
        "stdev": 4.28892441562e-08,
        "var": 1.83948726375e-15
    },
    "spectral_energy": {
        "dmean": 0.0759713202715,
        "dmean2": 0.123448595405,
        "dvar": 0.0180286150426,
        "dvar2": 0.0569907985628,
        "max": 0.857875704765,
        "mean": 0.115972183645,
        "median": 0.0583406798542,
        "min": 9.85664621288e-21,
        "stdev": 0.162712588906,
        "var": 0.0264753866941
    },
    "spectral_energyband_high": {
        "dmean": 0.000759950373322,
        "dmean2": 0.00137773924507,
        "dvar": 7.59142494644e-06,
        "dvar2": 2.09492791328e-05,
        "max": 0.0229991599917,
        "mean": 0.000482345902128,
        "median": 4.92204526381e-06,
        "min": 6.9359918312e-21,
        "stdev": 0.00217428593896,
        "var": 4.72751935376e-06
    },
    "spectral_energyband_low": {
        "dmean": 0.073029063642,
        "dmean2": 0.120863437653,
        "dvar": 0.0188045222312,
        "dvar2": 0.0595528893173,
        "max": 0.852731704712,
        "mean": 0.100755669177,
        "median": 0.0345224738121,
        "min": 1.22902257114e-23,
        "stdev": 0.161497563124,
        "var": 0.0260814651847
    },
    "spectral_energyband_middle_high": {
        "dmean": 0.00163690315094,
        "dmean2": 0.00264920876361,
        "dvar": 1.70289076777e-05,
        "dvar2": 4.12413319282e-05,
        "max": 0.0969127342105,
        "mean": 0.00258083525114,
        "median": 0.000331924384227,
        "min": 1.14956769297e-21,
        "stdev": 0.00557457748801,
        "var": 3.10759132844e-05
    },
    "spectral_energyband_middle_low": {
        "dmean": 0.00614224374294,
        "dmean2": 0.00917923264205,
        "dvar": 0.000114428818051,
        "dvar2": 0.000275856669759,
        "max": 0.137309879065,
        "mean": 0.0124423522502,
        "median": 0.00585803808644,
        "min": 1.37099860142e-22,
        "stdev": 0.0153982015327,
        "var": 0.000237104613916
    },
    "spectral_entropy": {
        "dmean": 0.498760312796,
        "dmean2": 0.737242102623,
        "dvar": 0.435358047485,
        "dvar2": 0.915542840958,
        "max": 9.8262720108,
        "mean": 6.05953264236,
        "median": 5.88060903549,
        "min": 2.78158426285,
        "stdev": 1.20054876804,
        "var": 1.44131731987
    },
    "spectral_flux": {
        "dmean": 0.0722692385316,
        "dmean2": 0.110058367252,
        "dvar": 0.00961714237928,
        "dvar2": 0.0200677104294,
        "max": 0.793655216694,
        "mean": 0.142276898026,
        "median": 0.0957410484552,
        "min": 6.29433727362e-11,
        "stdev": 0.148111134768,
        "var": 0.0219369083643
    },
    "spectral_kurtosis": {
        "dmean": 27.7345275879,
        "dmean2": 44.0399513245,
        "dvar": 2521.9921875,
        "dvar2": 6071.55126953,
        "max": 808.510986328,
        "mean": 59.1608581543,
        "median": 21.985786438,
        "min": -1.27093267441,
        "stdev": 88.0555419922,
        "var": 7753.77783203
    },
    "spectral_rms": {
        "dmean": 0.00282858195715,
        "dmean2": 0.00405326578766,
        "dvar": 1.34931597131e-05,
        "dvar2": 3.69055778719e-05,
        "max": 0.0289301201701,
        "mean": 0.00836432632059,
        "median": 0.00754438433796,
        "min": 3.10100643081e-12,
        "stdev": 0.00657129427418,
        "var": 4.31819062214e-05
    },
    "spectral_rolloff": {
        "dmean": 505.364990234,
        "dmean2": 891.006103516,
        "dvar": 2701893.75,
        "dvar2": 6371217,
        "max": 19702.8808594,
        "mean": 1002.02362061,
        "median": 258.3984375,
        "min": 21.533203125,
        "stdev": 2852.35522461,
        "var": 8135930
    },
    "spectral_skewness": {
        "dmean": 1.42366433144,
        "dmean2": 2.19580340385,
        "dvar": 3.73229908943,
        "dvar2": 8.12294387817,
        "max": 23.0973320007,
        "mean": 5.00882387161,
        "median": 3.82490420341,
        "min": -0.0860736817122,
        "stdev": 3.86625552177,
        "var": 14.9479322433
    },
    "spectral_spread": {
        "dmean": 1094351,
        "dmean2": 1672613.375,
        "dvar": 3.73989677466e+12,
        "dvar2": 8.05312974029e+12,
        "max": 42650744,
        "mean": 3777932.75,
        "median": 2402800,
        "min": 131833.25,
        "stdev": 5452893,
        "var": 2.97340439101e+13
    },
    "spectral_strongpeak": {
        "dmean": 0.382681965828,
        "dmean2": 0.635919570923,
        "dvar": 0.321611881256,
        "dvar2": 0.799695491791,
        "max": 8.83824634552,
        "mean": 0.715272545815,
        "median": 0.521336615086,
        "min": 0,
        "stdev": 0.764574050903,
        "var": 0.584573507309
    },
    "zerocrossingrate": {
        "dmean": 0.0112030170858,
        "dmean2": 0.0134584754705,
        "dvar": 0.000601026520599,
        "dvar2": 0.000816305575427,
        "max": 0.77490234375,
        "mean": 0.0337881296873,
        "median": 0.0126953125,
        "min": 0.00146484375,
        "stdev": 0.0739106312394,
        "var": 0.00546278106049
    },
    "barkbands": {
        "dmean": [0.00781742949039, 0.0655498355627, 0.00791525840759, 0.00126344524324, 0.00309588434175, 0.00117050402332, 0.000714649620932, 0.000441109819803, 0.000476609449834, 0.000270091637503, 0.000482584640849, 0.000286562542897, 0.000181032170076, 0.000232706035604, 0.000149087325553, 9.07835128601e-05, 6.06983157923e-05, 4.72896281281e-05, 4.99952257087e-05, 6.59974175505e-05, 7.99003173597e-05, 0.000112197005365, 0.000130920496304, 0.00016316746769, 0.000126890736283, 0.000113158683234, 1.00001434475e-05],
        "dmean2": [0.0127602741122, 0.106935501099, 0.0134013211355, 0.00221410766244, 0.00443028192967, 0.00178088783287, 0.00101794314105, 0.000685108534526, 0.00071822758764, 0.000425641366746, 0.000702428573277, 0.000474025786389, 0.0002937875106, 0.000383644859539, 0.000262058252702, 0.000162352764164, 0.000109477579826, 8.76667327248e-05, 9.34061972657e-05, 0.000122928846395, 0.000149821833475, 0.00021086705965, 0.000246138341026, 0.000300189043628, 0.000223295079195, 0.0001975857449, 1.74280139618e-05],
        "dvar": [0.000307028793031, 0.0163334738463, 0.000357550714398, 1.13644964586e-05, 3.12725169351e-05, 9.77270428848e-06, 2.4863568342e-06, 8.22035246983e-07, 1.46719764871e-06, 6.06253706792e-07, 2.28115868595e-06, 2.35045240515e-06, 3.68206855228e-07, 5.34833588972e-07, 2.7880329867e-07, 1.17531534727e-07, 5.08074364802e-08, 2.65659974019e-08, 2.87281451961e-08, 5.21262251141e-08, 9.30565491331e-08, 1.78086736469e-07, 2.55341291222e-07, 4.07750292197e-07, 2.16020239918e-07, 2.00415144036e-07, 1.90324533911e-09],
        "dvar2": [0.000872445292771, 0.0523121021688, 0.000955521536525, 3.15275065077e-05, 6.8587854912e-05, 2.2730215278e-05, 5.04756599184e-06, 1.82438611773e-06, 2.59243984146e-06, 1.29041904984e-06, 4.49312756245e-06, 5.61913657293e-06, 7.71212967265e-07, 1.25960184505e-06, 7.64479068494e-07, 3.14581455996e-07, 1.40415806982e-07, 7.43244683576e-08, 8.11169584836e-08, 1.47266135286e-07, 2.66572044438e-07, 5.08290213475e-07, 7.30983686026e-07, 1.14922954708e-06, 5.77728428652e-07, 5.24842164396e-07, 4.98414243211e-09],
        "max": [0.124574512243, 0.753362119198, 0.20946598053, 0.0530627816916, 0.0845815241337, 0.0681571438909, 0.0415168143809, 0.0216346867383, 0.0329438634217, 0.0316103436053, 0.0401946976781, 0.0640685632825, 0.0178363416344, 0.0170774199069, 0.00765328016132, 0.00382501445711, 0.0033278381452, 0.00201659789309, 0.00166519230697, 0.00260436697863, 0.00346547737718, 0.00541647570208, 0.00758757349104, 0.00745237525553, 0.00505601195619, 0.00476401066408, 0.000594928686041],
        "mean": [0.00808154884726, 0.0837182030082, 0.0087506044656, 0.00126596039627, 0.00547046307474, 0.00173701520544, 0.00180126295891, 0.00111685320735, 0.000858644314576, 0.000321667146636, 0.00103517086245, 0.000411723740399, 0.000284745445242, 0.00030661872006, 0.000129949534312, 6.97380091879e-05, 4.30661821156e-05, 3.16663754347e-05, 3.31067967636e-05, 4.3477415602e-05, 4.97573237226e-05, 6.65821426082e-05, 7.73100255174e-05, 9.9100463558e-05, 8.39098283905e-05, 7.59899121476e-05, 6.78552032696e-06],
        "median": [0.000465573044494, 0.0200219042599, 0.000523224181961, 9.22796607483e-05, 0.00182661321014, 0.000426176702604, 0.000532162608579, 0.000372465437977, 5.46236587979e-05, 1.57834983838e-05, 7.91358834249e-05, 1.83936699614e-05, 8.42894951347e-06, 1.02662515928e-05, 5.95840492679e-06, 1.31878164211e-06, 2.06865183827e-06, 8.52779237448e-07, 8.24027836188e-07, 1.00174338513e-06, 6.59700958749e-07, 4.5693710149e-07, 3.27807526901e-07, 3.21365092759e-07, 1.73459724806e-07, 8.52949426644e-08, 1.515163639e-08],
        "min": [1.69043277747e-25, 1.39677979854e-24, 8.14822859954e-25, 6.47142142206e-25, 4.50549701864e-24, 7.51125033845e-24, 4.47776500794e-24, 6.41351173465e-24, 1.10444802357e-23, 1.15101913709e-23, 1.07945170361e-23, 1.82756368323e-23, 2.17315749269e-23, 2.23132841139e-23, 4.52135817154e-23, 4.59130836127e-23, 6.05706840561e-23, 8.51234811711e-23, 9.19258792439e-23, 1.39521246602e-22, 2.32456280892e-22, 2.62404369106e-22, 3.82764878518e-22, 4.70387029275e-22, 8.23953224818e-22, 1.21730996832e-21, 1.83704111494e-21],
        "stdev": [0.0178011916578, 0.145459979773, 0.0184875838459, 0.0030450199265, 0.00861424021423, 0.00393433263525, 0.00303541589528, 0.00170683406759, 0.00236653978936, 0.00117966660764, 0.0029489393346, 0.00190480274614, 0.000982751837, 0.000946324551478, 0.000446992111392, 0.000293173943646, 0.000178958245669, 0.000128401850816, 0.00013060180936, 0.000175614710315, 0.000229439945542, 0.000318074016832, 0.000379406119464, 0.000490609847475, 0.000380919955205, 0.000374898518203, 3.64906773029e-05],
        "var": [0.000316882418701, 0.021158605814, 0.000341790757375, 9.27214659896e-06, 7.42051415727e-05, 1.54789722728e-05, 9.21374976315e-06, 2.91328251478e-06, 5.60051057619e-06, 1.39161318202e-06, 8.69624273037e-06, 3.62827358913e-06, 9.65801064012e-07, 8.95530206435e-07, 1.99801959866e-07, 8.5950965456e-08, 3.20260511444e-08, 1.64870339603e-08, 1.70568341673e-08, 3.08405248006e-08, 5.2642690207e-08, 1.01171075073e-07, 1.43949009157e-07, 2.4069802862e-07, 1.45100017335e-07, 1.40548891636e-07, 1.33156963233e-09]
    },
    "erbbands": {
        "dmean": [2.59554791451, 12.1301965714, 12.0256986618, 5.41219186783, 6.50636577606, 12.5445261002, 10.7383031845, 9.19147014618, 8.0530872345, 14.1171731949, 10.1306142807, 10.3255805969, 11.8591146469, 9.62089252472, 17.855676651, 10.6334037781, 8.5266046524, 10.74629879, 10.0006456375, 6.68666791916, 4.69107294083, 3.48938894272, 2.60996460915, 2.69121050835, 2.48516368866, 3.18886327744, 3.14013671875, 3.33748483658, 3.84615373611, 3.96540737152, 3.75948119164, 3.4882311821, 2.62698817253, 1.77955973148, 0.723020493984, 0.471476584673, 0.210022523999, 0.0388543382287, 0.00126969604753, 0.000114298345579],
        "dmean2": [4.27745437622, 20.079328537, 20.2804393768, 8.96902751923, 9.5660200119, 17.8877372742, 16.482919693, 14.137298584, 11.5671405792, 19.844499588, 15.3933124542, 15.6633138657, 17.5385112762, 15.1977348328, 26.6831626892, 17.4091663361, 13.629650116, 17.3387985229, 18.0084095001, 11.2584028244, 8.3684129715, 6.2659034729, 4.81627750397, 5.03161668777, 4.63513326645, 5.9448094368, 5.88877868652, 6.26516723633, 7.23893260956, 7.44816207886, 7.06090736389, 6.50441217422, 4.77859067917, 3.15580701828, 1.2690205574, 0.822968840599, 0.368453681469, 0.067504003644, 0.00218291254714, 0.000188971724128],
        "dvar": [29.5972118378, 633.235290527, 805.265197754, 173.573562622, 192.947540283, 673.98260498, 769.303527832, 682.333618164, 419.523223877, 1072.58056641, 468.528076172, 747.349365234, 852.469726562, 737.204101562, 3144.15771484, 1766.14477539, 859.346496582, 919.661010742, 1817.04760742, 337.994140625, 307.785858154, 163.456375122, 81.1257629395, 94.7774887085, 67.8050994873, 121.384155273, 136.457580566, 171.756515503, 209.921386719, 237.895309448, 209.074157715, 178.961074829, 113.869483948, 47.2092971802, 6.66428041458, 3.24893832207, 0.729816198349, 0.0258128549904, 2.63693382294e-05, 3.60864795823e-08],
        "dvar2": [87.9430847168, 1985.56835938, 2178.69067383, 463.047180176, 395.043609619, 1388.02978516, 1806.43701172, 1626.7857666, 828.841186523, 1999.03991699, 992.416687012, 1316.58776855, 1641.69616699, 1751.96484375, 6784.00878906, 4297.51611328, 1748.10839844, 1971.31054688, 4988.61621094, 830.127380371, 819.124511719, 448.423614502, 226.089767456, 268.556091309, 191.089889526, 343.019989014, 390.011230469, 493.230834961, 600.012084961, 681.616149902, 597.900146484, 509.352172852, 318.816314697, 128.721908569, 17.5163536072, 8.48711395264, 1.93116569519, 0.0664841458201, 6.73284521326e-05, 1.04168734083e-07],
        "max": [39.3898582458, 172.014099121, 254.164093018, 207.217453003, 408.197875977, 417.76272583, 637.178100586, 792.423156738, 623.588867188, 899.095397949, 592.859313965, 913.273376465, 1043.94787598, 1182.14624023, 1432.32824707, 1617.40161133, 871.350036621, 645.260131836, 659.198425293, 278.984161377, 183.345718384, 173.043411255, 100.087081909, 114.959632874, 93.2834014893, 116.082954407, 144.924667358, 162.906433105, 211.079391479, 222.822952271, 204.293899536, 164.722976685, 157.049667358, 86.4443283081, 24.2450695038, 18.9693641663, 11.2133836746, 1.63617324829, 0.0505861565471, 0.00241169100627],
        "mean": [3.49508428574, 14.3078651428, 13.3806619644, 6.39401817322, 10.068116188, 22.0045051575, 16.2918663025, 13.1688299179, 14.515619278, 39.0702438354, 26.5327243805, 20.008562088, 17.2501602173, 17.1316509247, 36.4711227417, 16.5634613037, 13.9140882492, 16.0928459167, 8.30111980438, 6.49905157089, 3.68201804161, 2.51970744133, 1.80753135681, 1.77002310753, 1.66389274597, 2.12942528725, 1.96276211739, 2.03873229027, 2.27558279037, 2.34395289421, 2.22207927704, 2.06979799271, 1.62909388542, 1.1581788063, 0.482165008783, 0.317085206509, 0.139540180564, 0.0266046393663, 0.000917355937418, 0.000150038482388],
        "median": [0.585543811321, 3.36660718918, 2.21886205673, 0.778691530228, 0.99257594347, 7.44433403015, 6.4145359993, 2.09475898743, 3.61646223068, 10.6966714859, 8.58829784393, 2.95352602005, 1.42769038677, 2.06086611748, 3.32326173782, 1.44502079487, 0.612675666809, 0.659196674824, 0.260050445795, 0.271626889706, 0.103601239622, 0.108020633459, 0.0616900809109, 0.0466983020306, 0.0440050773323, 0.050425067544, 0.0337175689638, 0.020328624174, 0.0166031364352, 0.0114542627707, 0.00966399069875, 0.00718469778076, 0.00490707717836, 0.00252868235111, 0.00118946307339, 0.000560586748179, 0.00018416660896, 2.62177836703e-05, 5.13030900038e-05, 7.40722898627e-05],
        "min": [7.21647810395e-23, 4.63947197985e-22, 2.22332921035e-21, 3.17486358408e-21, 6.13749233314e-21, 1.1165738696e-20, 3.37856331266e-20, 6.23505352041e-20, 5.92515030391e-20, 8.89921034169e-20, 1.48030471739e-19, 2.61091883082e-19, 5.67356513006e-19, 6.02047278825e-19, 8.39230772922e-19, 1.11044406383e-18, 1.27037147365e-18, 1.66726234753e-18, 1.99437340231e-18, 2.820959272e-18, 3.71496863342e-18, 4.01928052256e-18, 4.79830888371e-18, 3.7263229281e-18, 6.70887482789e-18, 6.11168640798e-18, 7.87216043002e-18, 1.06154759802e-17, 8.74032784193e-18, 1.05352378065e-17, 9.65349222479e-18, 1.00505058316e-17, 8.69982825195e-18, 7.48034482619e-18, 5.89826264301e-18, 3.93829375033e-18, 2.31909617986e-18, 8.89833546894e-19, 2.41860631774e-19, 2.66432888131e-20],
        "stdev": [6.47565460205, 25.7625408173, 26.8805274963, 12.9876747131, 22.7040996552, 41.0817337036, 32.4499702454, 32.8509521484, 33.9082069397, 67.2375183105, 42.3707084656, 52.9385147095, 49.2746353149, 45.5110778809, 96.7609100342, 53.3936691284, 48.271068573, 48.2372627258, 36.8143806458, 19.7623786926, 15.5481071472, 10.2405176163, 7.15368652344, 7.45770549774, 6.37886857986, 8.47582817078, 8.81697559357, 9.81776809692, 10.9011878967, 11.5741405487, 10.8742265701, 10.1333475113, 8.27441215515, 5.50998306274, 2.15357327461, 1.51326262951, 0.707824766636, 0.136553868651, 0.00440618209541, 0.00020713955746],
        "var": [41.9341049194, 663.708557129, 722.562744141, 168.6796875, 515.476135254, 1687.70874023, 1053.00061035, 1079.18518066, 1149.76660156, 4520.88378906, 1795.27697754, 2802.48632812, 2427.98950195, 2071.25830078, 9362.67382812, 2850.88378906, 2330.09619141, 2326.83349609, 1355.29870605, 390.551635742, 241.743621826, 104.868202209, 51.1752319336, 55.6173744202, 40.6899642944, 71.8396606445, 77.7390594482, 96.3885726929, 118.835899353, 133.960723877, 118.248794556, 102.68473053, 68.4658889771, 30.3599147797, 4.63787794113, 2.28996396065, 0.501015901566, 0.0186469573528, 1.94144413399e-05, 4.29067981145e-08]
    },
    "gfcc": {
        "mean": [-158.637420654, 157.624908447, -55.0457572937, -3.78297066689, -42.5576210022, 14.0929441452, -15.2512559891, 3.30131649971, -9.72965526581, 4.43595409393, -1.98999094963, -2.29736876488, -3.61627912521],
        "cov": [[37850.1328125, 752.440124512, -3468.5703125, 1154.5748291, -1616.42041016, 576.961181641, -1601.39465332, -70.1151351929, -1038.83691406, 136.174972534, -501.675170898, 183.647369385, -48.9019622803], [752.440124512, 5340.56835938, 1095.19921875, -1354.40942383, 1132.03869629, 274.186187744, 929.471374512, -261.457336426, 557.399108887, -192.55909729, 481.832183838, -262.943817139, 207.707778931], [-3468.5703125, 1095.19921875, 3402.49023438, -13.4286203384, 721.223449707, 491.374450684, 716.421386719, 254.947860718, 217.044845581, 108.256881714, 189.380111694, 60.8043746948, 72.6849212646], [1154.5748291, -1354.40942383, -13.4286203384, 1594.77502441, 55.444442749, -71.3533172607, -44.131980896, 125.939193726, -59.9067840576, -81.4582595825, -63.9541244507, 66.6942520142, 113.298522949], [-1616.42041016, 1132.03869629, 721.223449707, 55.444442749, 1128.32324219, 369.759033203, 514.688354492, 104.73677063, 422.274230957, 3.24394226074, 220.595062256, -54.7352104187, 132.532897949], [576.961181641, 274.186187744, 491.374450684, -71.3533172607, 369.759033203, 450.388763428, 200.732681274, 128.158828735, 142.142227173, 113.664955139, 54.4024162292, 2.61041259766, -15.6064367294], [-1601.39465332, 929.471374512, 716.421386719, -44.131980896, 514.688354492, 200.732681274, 606.223449707, 122.001182556, 347.413024902, 25.6078357697, 225.11428833, -58.4953956604, 65.082611084], [-70.1151351929, -261.457336426, 254.947860718, 125.939193726, 104.73677063, 128.158828735, 122.001182556, 238.784637451, 117.005386353, 82.8994445801, -1.64177811146, 15.3231649399, -30.9998950958], [-1038.83691406, 557.399108887, 217.044845581, -59.9067840576, 422.274230957, 142.142227173, 347.413024902, 117.005386353, 374.60723877, 69.2665481567, 169.109634399, -51.7844734192, 46.900642395], [136.174972534, -192.55909729, 108.256881714, -81.4582595825, 3.24394226074, 113.664955139, 25.6078357697, 82.8994445801, 69.2665481567, 180.137268066, 48.1477432251, 41.2663230896, -16.7092380524], [-501.675170898, 481.832183838, 189.380111694, -63.9541244507, 220.595062256, 54.4024162292, 225.11428833, -1.64177811146, 169.109634399, 48.1477432251, 203.094192505, 16.3260211945, 77.8203430176], [183.647369385, -262.943817139, 60.8043746948, 66.6942520142, -54.7352104187, 2.61041259766, -58.4953956604, 15.3231649399, -51.7844734192, 41.2663230896, 16.3260211945, 104.701324463, 38.5123214722], [-48.9019622803, 207.707778931, 72.6849212646, 113.298522949, 132.532897949, -15.6064367294, 65.082611084, -30.9998950958, 46.900642395, -16.7092380524, 77.8203430176, 38.5123214722, 137.478088379]],
        "icov": [[7.94832303654e-05, -0.000206208846066, 0.000115413342428, -0.000225166397286, 0.000208692479646, -0.000363880128134, 0.000268058705842, -0.00026957411319, 0.000202035269467, -0.000190412058146, -3.16070363624e-05, -8.79431099747e-05, -1.53523014887e-05], [-0.000206208846066, 0.00115179899149, -0.000394672475522, 0.00109305570368, -0.000698307238054, 0.000739974144381, -0.0009677488124, 0.00106083671562, -0.000505525385961, 0.00129343511071, -0.000589879113249, 0.00131836079527, -0.000756897032261], [0.000115413342428, -0.000394672475522, 0.00070421671262, -0.000354867777787, 0.000111763438326, -0.000622681749519, -0.000501669885125, -0.000666431093123, 0.00107770238537, -0.000657039694488, 0.0003573395079, -0.000759839836974, 2.93312514259e-05], [-0.000225166397286, 0.00109305570368, -0.000354867777787, 0.00189997814596, -0.000855416641571, 0.00103293557186, -0.000975804170594, 5.52651872567e-05, -0.00013390807726, 0.00160994939506, -0.000219029840082, 0.00103852094617, -0.0016189890448], [0.000208692479646, -0.000698307238054, 0.000111763438326, -0.000855416641571, 0.00329929240979, -0.00277262693271, 0.000824566057418, -0.000315094221151, -0.00195562234148, 0.00107165356167, -7.76342203608e-05, -0.000249261996942, -0.00127043912653], [-0.000363880128134, 0.000739974144381, -0.000622681749519, 0.00103293557186, -0.00277262693271, 0.00648654298857, -0.00200446206145, 0.000474586297059, 0.000332963652909, -0.00237951544113, 0.00147042085882, -0.000294617959298, 0.00154309812933], [0.000268058705842, -0.0009677488124, -0.000501669885125, -0.000975804170594, 0.000824566057418, -0.00200446206145, 0.00847726128995, -0.00336810783483, -0.00211841287091, 0.00195453106426, -0.00567536382005, 0.00269779516384, 0.000248873519013], [-0.00026957411319, 0.00106083671562, -0.000666431093123, 5.52651872567e-05, -0.000315094221151, 0.000474586297059, -0.00336810783483, 0.0113655850291, -0.00534701673314, -0.00150187697727, 0.00557588273659, -0.00417695660144, 0.00277852197178], [0.000202035269467, -0.000505525385961, 0.00107770238537, -0.00013390807726, -0.00195562234148, 0.000332963652909, -0.00211841287091, -0.00534701673314, 0.0128529500216, -0.00403023231775, -0.00451640924439, 0.00572495162487, -0.00182538491208], [-0.000190412058146, 0.00129343511071, -0.000657039694488, 0.00160994939506, 0.00107165356167, -0.00237951544113, 0.00195453106426, -0.00150187697727, -0.00403023231775, 0.0135890524834, -0.0051983287558, -0.00202501285821, 0.000967875181232], [-3.16070363624e-05, -0.000589879113249, 0.0003573395079, -0.000219029840082, -7.76342203608e-05, 0.00147042085882, -0.00567536382005, 0.00557588273659, -0.00451640924439, -0.0051983287558, 0.0183455646038, -0.00778005225584, -0.00223884452134], [-8.79431099747e-05, 0.00131836079527, -0.000759839836974, 0.00103852094617, -0.000249261996942, -0.000294617959298, 0.00269779516384, -0.00417695660144, 0.00572495162487, -0.00202501285821, -0.00778005225584, 0.0228266771883, -0.00867918692529], [-1.53523014887e-05, -0.000756897032261, 2.93312514259e-05, -0.0016189890448, -0.00127043912653, 0.00154309812933, 0.000248873519013, 0.00277852197178, -0.00182538491208, 0.000967875181232, -0.00223884452134, -0.00867918692529, 0.0160783510655]]
    },
    "melbands": {
        "dmean": [0.0201781336218, 0.00875004380941, 0.000963627768215, 0.000647852197289, 0.000435547553934, 0.000210868034628, 0.0001285844628, 0.000138047063956, 7.98089968157e-05, 6.59417855786e-05, 5.87056783843e-05, 3.52772658516e-05, 7.33822016628e-05, 3.47567074641e-05, 2.12737995753e-05, 1.80934093805e-05, 1.97613007913e-05, 1.75917175511e-05, 9.16893259273e-06, 7.71455506765e-06, 5.20372304891e-06, 3.93906202589e-06, 2.29382840189e-06, 2.47738421422e-06, 2.15661702896e-06, 1.81356097073e-06, 1.89081288227e-06, 2.1676128199e-06, 1.94928543351e-06, 1.8984549115e-06, 1.92191782844e-06, 2.04993330044e-06, 2.40907775151e-06, 2.13407179217e-06, 2.12308941627e-06, 2.17259480451e-06, 2.15852719521e-06, 1.8808329969e-06, 1.65575420397e-06, 1.48511992393e-06],
        "dmean2": [0.0330163761973, 0.0147285973653, 0.00156214437447, 0.000935676100198, 0.000645957828965, 0.000319924060022, 0.000184598306078, 0.000197595349164, 0.000121766257507, 9.97914758045e-05, 8.70139119797e-05, 5.67008464714e-05, 0.000106710991531, 5.75564299652e-05, 3.45577282133e-05, 2.8780723369e-05, 3.20827311953e-05, 3.1843137549e-05, 1.59973769769e-05, 1.33011017169e-05, 9.39578512771e-06, 7.06780065229e-06, 4.22212724516e-06, 4.60588353235e-06, 4.03761259804e-06, 3.38456698046e-06, 3.51054518433e-06, 4.04979891755e-06, 3.65394816981e-06, 3.56874397767e-06, 3.60797707799e-06, 3.86642841477e-06, 4.51854521089e-06, 4.01710076403e-06, 3.99925602323e-06, 4.05407081416e-06, 4.03965577789e-06, 3.42597854797e-06, 2.99030125461e-06, 2.62527100858e-06],
        "dvar": [0.0016005160287, 0.000362369260984, 4.8905649237e-06, 1.43360830407e-06, 9.84864755083e-07, 3.31473927417e-07, 9.22790590607e-08, 9.47317460032e-08, 3.08907424085e-08, 2.75132041594e-08, 2.1362270175e-08, 1.09255413605e-08, 5.17514777698e-08, 4.22362091967e-08, 4.46075532068e-09, 2.70659272772e-09, 3.08535730298e-09, 6.20957241182e-09, 8.70325533864e-10, 6.0381977196e-10, 4.21655904637e-10, 2.18373499838e-10, 6.27806071019e-11, 7.89078594132e-11, 6.42925018779e-11, 3.68163242948e-11, 4.01929184379e-11, 5.97283819626e-11, 5.30150506828e-11, 5.61351937156e-11, 6.14225961759e-11, 6.58201618209e-11, 8.20900777909e-11, 7.55852394563e-11, 7.07737687899e-11, 6.96085966645e-11, 7.04632532877e-11, 6.00886840285e-11, 4.80033651717e-11, 3.22566140465e-11],
        "dvar2": [0.00492046028376, 0.00106128572952, 1.28708379634e-05, 3.20905610351e-06, 2.23262668442e-06, 7.69156827118e-07, 1.85964438515e-07, 1.81258485554e-07, 6.32902654729e-08, 4.9376495781e-08, 4.11211473761e-08, 2.61107597765e-08, 1.02784902367e-07, 9.9715762758e-08, 9.93995374898e-09, 5.57625279285e-09, 6.82609835323e-09, 1.68487126473e-08, 2.31882046897e-09, 1.60619195722e-09, 1.12941589414e-09, 5.99872207463e-10, 1.75602143937e-10, 2.22820123463e-10, 1.82788367775e-10, 1.03958418263e-10, 1.13047453343e-10, 1.69424960172e-10, 1.51521670211e-10, 1.61163762891e-10, 1.76983414035e-10, 1.89048623978e-10, 2.33937730298e-10, 2.17593970619e-10, 2.0309626203e-10, 1.98209323954e-10, 2.01258398835e-10, 1.68744462847e-10, 1.34036282073e-10, 8.75893524377e-11],
        "max": [0.272095173597, 0.154369801283, 0.0308788381517, 0.0205308180302, 0.0204771757126, 0.0156594365835, 0.00955933146179, 0.00817933958024, 0.00440152967349, 0.0049168500118, 0.00519169680774, 0.00479873036966, 0.00597000634298, 0.00868714880198, 0.00170735409483, 0.00112063786946, 0.001072555664, 0.00149886019062, 0.000417840114096, 0.00035582439159, 0.00022393213294, 0.000211885315366, 9.99333424261e-05, 0.00013003560889, 0.000102141639218, 6.6074069764e-05, 7.93486688053e-05, 8.9641471277e-05, 9.82798956102e-05, 0.000101023972093, 0.000101496640127, 0.000108847983938, 0.00014826603001, 0.000132993998704, 0.000126492624986, 0.000124688842334, 0.000104045095213, 0.000141624987009, 0.000113678346679, 8.06054085842e-05],
        "mean": [0.0269135050476, 0.0103920698166, 0.00122124853078, 0.0011077830568, 0.000709304295015, 0.000306938949507, 0.000260265253019, 0.000377970136469, 0.000197827204829, 0.000119851538329, 8.25952593004e-05, 5.92669348407e-05, 0.000158067734446, 4.95817621413e-05, 3.25173277815e-05, 3.11279036396e-05, 2.80527528957e-05, 1.41946447911e-05, 7.96579388407e-06, 6.92235926181e-06, 3.88015860153e-06, 2.80059020952e-06, 1.59270712174e-06, 1.66404174706e-06, 1.39649057473e-06, 1.21456992019e-06, 1.29205682242e-06, 1.41603868542e-06, 1.21255095564e-06, 1.16197418265e-06, 1.17267393307e-06, 1.20520905966e-06, 1.42929661706e-06, 1.25324072542e-06, 1.24580094507e-06, 1.29607201416e-06, 1.26607199036e-06, 1.1604932979e-06, 1.04126365841e-06, 9.72854991232e-07],
