{
"highlevel": {
    "danceability": {
        "all": {
            "danceable": 0.9927546978,
            "not_danceable": 0.00724528683349
        },
        "probability": 0.9927546978,
        "value": "danceable"
    },
    "gender": {
        "all": {
            "female": 0.576100885868,
            "male": 0.423899143934
        },
        "probability": 0.576100885868,
        "value": "female"
    },
    "genre_electronic": {
        "all": {
            "ambient": 0.123835273087,
            "dnb": 0.00407939171419,
            "house": 0.226260513067,
            "techno": 0.633659660816,
            "trance": 0.0121651506051
        },
        "probability": 0.633659660816,
        "value": "techno"
    },
    "mood_acoustic": {
        "all": {
            "acoustic": 0.0522897467017,
            "not_acoustic": 0.94771027565
        },
        "probability": 0.94771027565,
        "value": "not_acoustic"
    },
    "mood_aggressive": {
        "all": {
            "aggressive": 0.0142021346837,
            "not_aggressive": 0.98579788208
        },
        "probability": 0.98579788208,
        "value": "not_aggressive"
    },
    "mood_electronic": {
        "all": {
            "electronic": 0.975829720497,
            "not_electronic": 0.0241702757776
        },
        "probability": 0.975829720497,
        "value": "electronic"
    },
    "mood_happy": {
        "all": {
            "happy": 0.345780134201,
            "not_happy": 0.654219865799
        },
        "probability": 0.654219865799,
        "value": "not_happy"
    },
    "mood_party": {
        "all": {
            "not_party": 0.157645955682,
            "party": 0.842354059219
        },
        "probability": 0.842354059219,
        "value": "party"
    },
    "mood_relaxed": {
        "all": {
            "not_relaxed": 0.0497307218611,
            "relaxed": 0.950269281864
        },
        "probability": 0.950269281864,
        "value": "relaxed"
    },
    "mood_sad": {
        "all": {
            "not_sad": 0.789843022823,
            "sad": 0.210156962276
        },
        "probability": 0.789843022823,
        "value": "not_sad"
    },
    "moods_mirex": {
        "all": {
            "Cluster1": 0.038369320333,
            "Cluster2": 0.129870459437,
            "Cluster3": 0.057847995311,
            "Cluster4": 0.712963223457,
            "Cluster5": 0.0609490014613
        },
        "probability": 0.712963223457,
        "value": "Cluster4"
    },
    "timbre": {
        "all": {
            "bright": 0.00241470849141,
            "dark": 0.997585296631
        },
        "probability": 0.997585296631,
        "value": "dark"
    },
    "tonal_atonal": {
        "all": {
            "atonal": 0.999999523163,
            "tonal": 4.63787301896e-07
        },
        "probability": 0.999999523163,
        "value": "atonal"
    },
    "voice_instrumental": {
        "all": {
            "instrumental": 0.824215471745,
            "voice": 0.175784498453
        },
        "probability": 0.824215471745,
        "value": "instrumental"
    }
},
"lowlevel": {
    "average_loudness": 0.948185265064,
    "barkbands_crest": {
        "dmean": 3.03356122971,
        "dmean2": 4.74764919281,
        "dvar": 13.4932518005,
        "dvar2": 26.7449932098,
        "max": 26.8646678925,
        "mean": 20.0912151337,
        "median": 22.9548950195,
        "min": 2.29380655289,
        "stdev": 5.82774782181,
        "var": 33.9626464844
    },
    "barkbands_flatness_db": {
        "dmean": 0.0870103761554,
        "dmean2": 0.120961666107,
        "dvar": 0.00813286751509,
        "dvar2": 0.0147460447624,
        "max": 0.794732809067,
        "mean": 0.378675073385,
        "median": 0.373394578695,
        "min": 0.0174434147775,
        "stdev": 0.168246507645,
        "var": 0.0283068884164
    },
    "barkbands_kurtosis": {
        "dmean": 145.781661987,
        "dmean2": 232.543685913,
        "dvar": 50550.5039062,
        "dvar2": 128366.226562,
        "max": 3241.66894531,
        "mean": 183.044342041,
        "median": 52.8017997742,
        "min": -1.92009413242,
        "stdev": 284.242431641,
        "var": 80793.765625
    },
    "barkbands_skewness": {
        "dmean": 4.03696203232,
        "dmean2": 6.27619504929,
        "dvar": 19.1752967834,
        "dvar2": 49.2636871338,
        "max": 39.4714355469,
        "mean": 6.99638366699,
        "median": 5.19861078262,
        "min": -10.9998722076,
        "stdev": 6.15024709702,
        "var": 37.8255386353
    },
    "barkbands_spread": {
        "dmean": 6.38430976868,
        "dmean2": 10.3835420609,
        "dvar": 184.629577637,
        "dvar2": 460.159332275,
        "max": 122.298347473,
        "mean": 7.64917230606,
        "median": 1.75028538704,
        "min": 0.0228671915829,
        "stdev": 15.2722034454,
        "var": 233.240203857
    },
    "dissonance": {
        "dmean": 0.0392383038998,
        "dmean2": 0.061624545604,
        "dvar": 0.00179969333112,
        "dvar2": 0.00402200268582,
        "max": 0.500000119209,
        "mean": 0.43062132597,
        "median": 0.45364677906,
        "min": 0.0234687551856,
        "stdev": 0.0720418542624,
        "var": 0.00519002880901
    },
    "dynamic_complexity": 6.40377950668,
    "erbbands_crest": {
        "dmean": 4.26450777054,
        "dmean2": 6.69071626663,
        "dvar": 16.5907783508,
        "dvar2": 31.9955978394,
        "max": 31.3179149628,
        "mean": 13.4422941208,
        "median": 12.0465927124,
        "min": 2.18770051003,
        "stdev": 6.64625644684,
        "var": 44.1727256775
    },
    "erbbands_flatness_db": {
        "dmean": 0.0508109107614,
        "dmean2": 0.0738211497664,
        "dvar": 0.00298123713583,
        "dvar2": 0.00537493918091,
        "max": 0.61534678936,
        "mean": 0.201054811478,
        "median": 0.188842117786,
        "min": 0.0282807592303,
        "stdev": 0.102799400687,
        "var": 0.0105677172542
    },
    "erbbands_kurtosis": {
        "dmean": 13.444152832,
        "dmean2": 21.3863048553,
        "dvar": 673.344116211,
        "dvar2": 1629.58190918,
        "max": 291.790771484,
        "mean": 14.59141922,
        "median": 2.1262383461,
        "min": -1.95406234264,
        "stdev": 28.5868625641,
        "var": 817.208679199
    },
    "erbbands_skewness": {
        "dmean": 1.48177933693,
        "dmean2": 2.18942594528,
        "dvar": 3.44002246857,
        "dvar2": 7.24813365936,
        "max": 13.5382814407,
        "mean": 1.90856599808,
        "median": 1.14240288734,
        "min": -6.06356525421,
        "stdev": 2.65263652802,
        "var": 7.03648090363
    },
    "erbbands_spread": {
        "dmean": 26.0831489563,
        "dmean2": 42.0208015442,
        "dvar": 1319.77636719,
        "dvar2": 3243.43823242,
        "max": 219.820068359,
        "mean": 45.3029060364,
        "median": 30.1340045929,
        "min": 0.27812358737,
        "stdev": 44.8989677429,
        "var": 2015.9173584
    },
    "hfc": {
        "dmean": 6.37814950943,
        "dmean2": 9.34502410889,
        "dvar": 194.512512207,
        "dvar2": 435.778533936,
        "max": 126.467285156,
        "mean": 8.73951435089,
        "median": 3.59838008881,
        "min": 1.03831846391e-16,
        "stdev": 15.5318279266,
        "var": 241.237686157
    },
    "loudness_ebu128": {
        "integrated": -10.2219266891,
        "loudness_range": 5.02310562134,
        "momentary": {
            "dmean": 1.07402050495,
            "dmean2": 1.57582104206,
            "dvar": 14.3543577194,
            "dvar2": 22.9629631042,
            "max": -5.84800338745,
            "mean": -11.9408540726,
            "median": -9.93083572388,
            "min": -300.691009521,
            "stdev": 10.8337965012,
            "var": 117.371139526
        },
        "short_term": {
            "dmean": 0.194319218397,
            "dmean2": 0.231736943126,
            "dvar": 0.0873841792345,
            "dvar2": 0.0311158001423,
            "max": -7.49149417877,
            "mean": -10.9217910767,
            "median": -10.1353034973,
            "min": -70.7884368896,
            "stdev": 3.18104577065,
            "var": 10.1190519333
        }
    },
    "melbands_crest": {
        "dmean": 3.93256640434,
        "dmean2": 6.19327020645,
        "dvar": 20.7864551544,
        "dvar2": 47.6913375854,
        "max": 39.0593643188,
        "mean": 28.0142173767,
        "median": 31.1482200623,
        "min": 1.5951846838,
        "stdev": 8.17119121552,
        "var": 66.768371582
    },
    "melbands_flatness_db": {
        "dmean": 0.0983133390546,
        "dmean2": 0.136188194156,
        "dvar": 0.0101132299751,
        "dvar2": 0.0185890439898,
        "max": 0.958687722683,
        "mean": 0.498250424862,
        "median": 0.497537732124,
        "min": 0.00367348385043,
        "stdev": 0.189892038703,
        "var": 0.0360589846969
    },
    "melbands_kurtosis": {
        "dmean": 195.783340454,
        "dmean2": 326.523162842,
        "dvar": 161386.328125,
        "dvar2": 403933.21875,
        "max": 3754.01000977,
        "mean": 244.579864502,
        "median": 93.1853485107,
        "min": -1.8101130724,
        "stdev": 426.712127686,
        "var": 182083.234375
    },
    "melbands_skewness": {
        "dmean": 4.21859550476,
        "dmean2": 6.66020441055,
        "dvar": 34.0352592468,
        "dvar2": 84.4634933472,
        "max": 46.0305099487,
        "mean": 8.45790195465,
        "median": 6.33147335052,
        "min": -2.77995824814,
        "stdev": 7.61759757996,
        "var": 58.0277938843
    },
    "melbands_spread": {
        "dmean": 4.10954236984,
        "dmean2": 6.60563230515,
        "dvar": 123.525917053,
        "dvar2": 273.660949707,
        "max": 248.38041687,
        "mean": 5.53307104111,
        "median": 1.16555285454,
        "min": 0.0419606082141,
        "stdev": 15.7688045502,
        "var": 248.655197144
    },
    "pitch_salience": {
        "dmean": 0.115208901465,
        "dmean2": 0.17686830461,
        "dvar": 0.0216315351427,
        "dvar2": 0.047572620213,
        "max": 0.902904450893,
        "mean": 0.245195791125,
        "median": 0.15136501193,
        "min": 0.00522084813565,
        "stdev": 0.221919357777,
        "var": 0.0492482036352
    },
    "silence_rate_20dB": {
        "dmean": 0,
        "dmean2": 0,
        "dvar": 0,
        "dvar2": 0,
        "max": 1,
        "mean": 1,
        "median": 1,
        "min": 1,
        "stdev": 0,
        "var": 0
    },
    "silence_rate_30dB": {
        "dmean": 0.0813642889261,
        "dmean2": 0.162736937404,
        "dvar": 0.0747251659632,
        "dvar2": 0.139420554042,
        "max": 1,
        "mean": 0.738969624043,
        "median": 1,
        "min": 0,
        "stdev": 0.439184635878,
        "var": 0.192883148789
    },
    "silence_rate_60dB": {
        "dmean": 0.0799260288477,
        "dmean2": 0.159860283136,
        "dvar": 0.0735359415412,
        "dvar2": 0.166271790862,
        "max": 1,
        "mean": 0.159432947636,
        "median": 0,
        "min": 0,
        "stdev": 0.366059333086,
        "var": 0.133999437094
    },
    "spectral_centroid": {
        "dmean": 382.102050781,
        "dmean2": 566.784667969,
        "dvar": 420315.4375,
        "dvar2": 901028.6875,
        "max": 11649.71875,
        "mean": 704.86920166,
        "median": 325.861816406,
        "min": 47.5475502014,
        "stdev": 955.66998291,
        "var": 913305.125
    },
    "spectral_complexity": {
        "dmean": 2.68687081337,
        "dmean2": 4.04160881042,
        "dvar": 31.4954128265,
        "dvar2": 60.9713439941,
        "max": 50,
        "mean": 4.09584474564,
        "median": 2,
        "min": 0,
        "stdev": 6.6340045929,
        "var": 44.010017395
    },
    "spectral_decrease": {
        "dmean": 5.84587223074e-09,
        "dmean2": 7.01627245192e-09,
        "dvar": 5.60639196387e-17,
        "dvar2": 1.05487941386e-16,
        "max": 1.21888603395e-28,
        "mean": -1.62598858822e-08,
        "median": -7.54164819483e-09,
        "min": -7.91257050992e-08,
        "stdev": 1.82126385084e-08,
        "var": 3.31700219727e-16
    },
    "spectral_energy": {
        "dmean": 0.0223066750914,
        "dmean2": 0.026967169717,
        "dvar": 0.000827951531392,
        "dvar2": 0.00156717246864,
        "max": 0.301004081964,
        "mean": 0.0621613450348,
        "median": 0.0291759520769,
        "min": 9.71549478838e-21,
        "stdev": 0.0694193691015,
        "var": 0.00481904856861
    },
    "spectral_energyband_high": {
        "dmean": 0.000407922489103,
        "dmean2": 0.000628847512417,
        "dvar": 1.00073236808e-06,
        "dvar2": 2.22613334699e-06,
        "max": 0.0133620742708,
        "mean": 0.000358435703674,
        "median": 5.10157087774e-06,
        "min": 6.93034696976e-21,
        "stdev": 0.00102016597521,
        "var": 1.0407385389e-06
    },
    "spectral_energyband_low": {
        "dmean": 0.0223801415414,
        "dmean2": 0.0279581155628,
        "dvar": 0.00104571995325,
        "dvar2": 0.00191616534721,
        "max": 0.300028324127,
        "mean": 0.0563851222396,
        "median": 0.0238115340471,
        "min": 1.05492175822e-23,
        "stdev": 0.0675600767136,
        "var": 0.00456436397508
    },
    "spectral_energyband_middle_high": {
        "dmean": 0.000388407526771,
        "dmean2": 0.000598281389102,
        "dvar": 1.10232747375e-06,
        "dvar2": 2.06047275242e-06,
        "max": 0.0152161447331,
        "mean": 0.000402600504458,
        "median": 3.74316368834e-05,
        "min": 1.16627589316e-21,
        "stdev": 0.00120323593728,
        "var": 1.44777663991e-06
    },
    "spectral_energyband_middle_low": {
        "dmean": 0.00849132053554,
        "dmean2": 0.0152169149369,
        "dvar": 0.000674425682519,
        "dvar2": 0.00186343677342,
        "max": 0.19082583487,
        "mean": 0.00590701587498,
        "median": 0.0003734981874,
        "min": 1.79910091913e-22,
        "stdev": 0.0206272806972,
        "var": 0.000425484671723
    },
    "spectral_entropy": {
        "dmean": 0.663361847401,
        "dmean2": 0.972067594528,
        "dvar": 0.572781324387,
        "dvar2": 1.05926132202,
        "max": 9.8195476532,
        "mean": 6.71045255661,
        "median": 6.84054231644,
        "min": 2.59103322029,
        "stdev": 1.31838548183,
        "var": 1.73814034462
    },
    "spectral_flux": {
        "dmean": 0.0471616722643,
        "dmean2": 0.0632813721895,
        "dvar": 0.00391222024336,
        "dvar2": 0.00578728318214,
        "max": 0.544025599957,
        "mean": 0.100837528706,
        "median": 0.0509087368846,
        "min": 6.40044059419e-11,
        "stdev": 0.113343305886,
        "var": 0.0128467045724
    },
    "spectral_kurtosis": {
        "dmean": 12.8984231949,
        "dmean2": 19.7885742188,
        "dvar": 674.921264648,
        "dvar2": 1385.30957031,
        "max": 525.141479492,
        "mean": 22.0151386261,
        "median": 5.53992938995,
        "min": -1.27801275253,
        "stdev": 43.104850769,
        "var": 1858.02807617
    },
    "spectral_rms": {
        "dmean": 0.00142936140765,
        "dmean2": 0.00171343039256,
        "dvar": 2.45216983785e-06,
        "dvar2": 4.81127790408e-06,
        "max": 0.0171365831047,
        "mean": 0.0063758790493,
        "median": 0.00533519871533,
        "min": 3.07872238987e-12,
        "stdev": 0.00447139283642,
        "var": 1.99933547265e-05
    },
    "spectral_rolloff": {
        "dmean": 350.151245117,
        "dmean2": 615.493164062,
        "dvar": 1801818.125,
        "dvar2": 4429891,
        "max": 19487.5488281,
        "mean": 461.741027832,
        "median": 86.1328125,
        "min": 43.06640625,
        "stdev": 1621.83703613,
        "var": 2630355.25
    },
    "spectral_skewness": {
        "dmean": 1.07199156284,
        "dmean2": 1.60088467598,
        "dvar": 1.95816075802,
        "dvar2": 3.77242207527,
        "max": 20.0923137665,
        "mean": 3.02430152893,
        "median": 2.19041538239,
        "min": -0.280429512262,
        "stdev": 2.65941095352,
        "var": 7.07246637344
    },
    "spectral_spread": {
        "dmean": 1559636.625,
        "dmean2": 2383419,
        "dvar": 3.11887632794e+12,
        "dvar2": 6.42057135718e+12,
        "max": 42196300,
        "mean": 5843757,
        "median": 6075631.5,
        "min": 208371.5625,
        "stdev": 3436512,
        "var": 1.18096155116e+13
    },
    "spectral_strongpeak": {
        "dmean": 0.16016638279,
        "dmean2": 0.208774149418,
        "dvar": 0.0391327850521,
        "dvar2": 0.0915196239948,
        "max": 3.61835336685,
        "mean": 0.483625173569,
        "median": 0.394317746162,
        "min": 0,
        "stdev": 0.382060617208,
        "var": 0.145970314741
    },
    "zerocrossingrate": {
        "dmean": 0.0107141211629,
        "dmean2": 0.0129044251516,
        "dvar": 0.000304068642436,
        "dvar2": 0.000353400886524,
        "max": 0.51416015625,
        "mean": 0.0222806129605,
        "median": 0.00927734375,
        "min": 0.0009765625,
        "stdev": 0.0401709638536,
        "var": 0.00161370623391
    },
    "barkbands": {
        "dmean": [0.00166974088643, 0.021269692108, 0.00731434067711, 0.00259517598897, 0.00451782392338, 0.00144992454443, 0.000456487381598, 0.000115202958114, 9.52612390392e-05, 5.27338597749e-05, 5.78389772272e-05, 6.81079181959e-05, 7.94946026872e-05, 4.17619630753e-05, 3.12379161187e-05, 2.33898299484e-05, 2.70438104053e-05, 2.55583436228e-05, 3.02498992824e-05, 4.55294830317e-05, 3.57564240403e-05, 4.81141905766e-05, 5.23060407431e-05, 0.000107876679976, 6.85160921421e-05, 5.03320115968e-05, 2.36855121329e-05],
        "dmean2": [0.0022161481902, 0.028029454872, 0.01308693178, 0.00474098930135, 0.00849484279752, 0.0025994181633, 0.00083716691006, 0.000209747231565, 0.000165338919032, 8.72888849699e-05, 9.38743760344e-05, 0.000107342442789, 0.000127269435325, 7.13611443643e-05, 4.99100642628e-05, 3.63475701306e-05, 4.27338381996e-05, 3.93925365643e-05, 4.61437703052e-05, 7.36894580768e-05, 5.61243978154e-05, 7.31840846129e-05, 8.32341829664e-05, 0.000176205285243, 0.00010577867215, 7.73157080403e-05, 3.54626172339e-05],
        "dvar": [5.50180493519e-06, 0.00112208526116, 0.000531597295776, 7.34150307835e-05, 0.000233395549003, 3.06687252305e-05, 2.44319858211e-06, 1.72009180233e-07, 7.15378405403e-08, 1.71324732179e-08, 2.97139113314e-08, 3.91238863529e-08, 1.00384127677e-07, 2.34927064469e-08, 1.35141515756e-08, 5.2362780778e-09, 7.15761760972e-09, 5.96506932737e-09, 9.02853170004e-09, 2.09313597566e-08, 9.13721986961e-09, 1.55128745405e-08, 3.59982017528e-08, 6.43376409926e-08, 2.93386186456e-08, 2.10076986917e-08, 5.97704596927e-09],
        "dvar2": [1.29983300212e-05, 0.00222119921818, 0.001447451883, 0.00020728338859, 0.000673005764838, 8.56287151692e-05, 6.87966121404e-06, 4.92637923344e-07, 1.96512587536e-07, 4.24267163623e-08, 6.68205828447e-08, 8.5488551349e-08, 2.48260050739e-07, 6.27302796374e-08, 3.25892166586e-08, 1.04365751596e-08, 1.44567815497e-08, 1.28369199714e-08, 2.02893168932e-08, 5.00197927522e-08, 2.03985432989e-08, 3.66438186461e-08, 9.62391055737e-08, 1.60239167712e-07, 5.94454760972e-08, 4.35330420601e-08, 1.3330902604e-08],
        "max": [0.0295763183385, 0.273831129074, 0.166619122028, 0.064793497324, 0.109844975173, 0.0733014047146, 0.035109385848, 0.00638430286199, 0.0114923091605, 0.00208035996184, 0.00316457683221, 0.00414746813476, 0.0123783033341, 0.00477549852803, 0.00328967976384, 0.00108005374204, 0.00118256325368, 0.000867042981554, 0.00119608337991, 0.00155805668328, 0.00141551694833, 0.00240417825989, 0.00657981168479, 0.005420954898, 0.0016968739219, 0.00156645220704, 0.000971478701103],
        "mean": [0.00316987605765, 0.0475542359054, 0.00477872369811, 0.00170675502159, 0.00274154753424, 0.000985055346973, 0.000298551254673, 7.78073081165e-05, 8.09737102827e-05, 4.66500823677e-05, 5.65009650018e-05, 6.36227050563e-05, 6.84873448336e-05, 3.58940160368e-05, 2.74730355159e-05, 2.12028990063e-05, 2.50659595622e-05, 2.31802478083e-05, 2.77330564131e-05, 3.63818980986e-05, 3.18031743518e-05, 4.39040923084e-05, 4.41475131083e-05, 8.71672455105e-05, 6.2233346398e-05, 4.44046490884e-05, 2.21972732106e-05],
        "median": [0.00121522916015, 0.0194970164448, 0.000144318968523, 4.99538145959e-05, 8.42338049551e-05, 2.88628380076e-05, 1.4669657503e-05, 5.61717206438e-06, 6.54213818052e-06, 6.1072923927e-06, 3.79746325052e-06, 3.79309199161e-06, 2.3080910978e-06, 1.1686685184e-06, 1.00532520264e-06, 6.57859970943e-07, 4.24364600349e-07, 3.6335330833e-07, 2.91880581926e-07, 3.89923542343e-07, 4.87711417918e-07, 6.23365565389e-07, 8.1301652699e-07, 1.21572782064e-06, 9.39355459195e-07, 2.66883034783e-07, 3.30455378617e-08],
        "min": [9.69584501265e-25, 4.10137462094e-24, 6.10836347461e-25, 1.30286413283e-24, 1.51404259159e-23, 2.0146840143e-23, 1.35778581234e-23, 1.42873706657e-23, 1.30648815983e-23, 2.99193200344e-23, 2.34974653068e-23, 4.2893440819e-23, 2.7395116599e-23, 3.92689247266e-23, 5.0673114491e-23, 6.80594984016e-23, 7.87423474434e-23, 1.47172843973e-22, 1.53941194809e-22, 2.2869153373e-22, 2.66126353697e-22, 3.99752095655e-22, 4.63382954179e-22, 6.50589416241e-22, 9.03321618586e-22, 1.30798752251e-21, 2.08304353859e-21],
        "stdev": [0.00408135028556, 0.0603388436139, 0.0185383763164, 0.00661155721173, 0.011425501667, 0.00438476633281, 0.00123674224596, 0.00031791056972, 0.000243250804488, 0.000127244900796, 0.000179529553861, 0.000204335126909, 0.000295252655633, 0.000136265560286, 0.000111138695502, 7.77152599767e-05, 9.0734603873e-05, 8.03194780019e-05, 9.74037538981e-05, 0.000135863752803, 9.68035456026e-05, 0.000121456818306, 0.000160516021424, 0.000235891129705, 0.000183530341019, 0.000152366585098, 8.00205743872e-05],
        "var": [1.66574191098e-05, 0.00364077603444, 0.000343671388691, 4.37126909674e-05, 0.0001305420883, 1.92261741176e-05, 1.52953145971e-06, 1.01067122671e-07, 5.91709543585e-08, 1.61912634411e-08, 3.22308615353e-08, 4.17528447372e-08, 8.7174136354e-08, 1.85683042275e-08, 1.23518093531e-08, 6.03966165968e-09, 8.23276824491e-09, 6.45121867038e-09, 9.48749168117e-09, 1.84589605823e-08, 9.37092625719e-09, 1.47517580373e-08, 2.57653951508e-08, 5.56446231315e-08, 3.36833849701e-08, 2.321557524e-08, 6.40329256285e-09]
    },
    "erbbands": {
        "dmean": [0.834332406521, 4.82030630112, 8.31705760956, 8.63665103912, 12.1693658829, 15.4053449631, 13.793674469, 9.92610359192, 6.26135444641, 5.21711444855, 2.34006381035, 2.39219975471, 1.89091980457, 1.61118531227, 2.42027497292, 3.20242619514, 3.76181268692, 2.40033221245, 1.83628082275, 1.39009284973, 1.23640036583, 1.57007133961, 1.37708747387, 1.52966630459, 1.62255191803, 2.1023042202, 1.86990785599, 1.30864286423, 2.01151823997, 1.19611358643, 1.5949600935, 2.33004522324, 1.69282448292, 0.790937840939, 0.503421843052, 0.262334108353, 0.0800272524357, 0.0217727515846, 0.00445071747527, 0.000233660932281],
        "dmean2": [0.949301242828, 6.76927947998, 13.8592815399, 15.2685155869, 22.9162940979, 28.7151756287, 24.894235611, 17.9075202942, 11.4670381546, 9.52758026123, 4.27135848999, 4.17344760895, 3.24797797203, 2.58110237122, 3.91513800621, 4.99618005753, 5.99005699158, 4.08973360062, 2.90739202499, 2.13792228699, 1.91979300976, 2.48272490501, 2.11661791801, 2.30956363678, 2.52192783356, 3.41005778313, 2.9831840992, 2.02240419388, 3.08738136292, 1.9066144228, 2.51675128937, 3.84738826752, 2.74987745285, 1.22164750099, 0.786284327507, 0.412287503481, 0.122527115047, 0.0331878252327, 0.00676958076656, 0.000339495192748],
        "dvar": [1.23517823219, 77.9074020386, 561.519165039, 722.759643555, 1781.64355469, 2611.54003906, 2378.63964844, 1426.98779297, 468.648406982, 333.726409912, 62.3836669922, 44.3478622437, 25.287569046, 14.4911651611, 58.3709602356, 88.8937835693, 233.853805542, 91.6571960449, 38.0597076416, 18.5819473267, 14.6824617386, 24.28282547, 17.6361865997, 19.7872085571, 30.1403236389, 46.4771537781, 24.9838008881, 12.5752544403, 28.1777496338, 30.0130596161, 24.3208389282, 37.1760635376, 12.907995224, 3.78544068336, 1.65207028389, 0.538849413395, 0.0591450855136, 0.00453394139186, 0.000221895214054, 5.56752240755e-07],
        "dvar2": [1.93197023869, 165.484649658, 1441.87219238, 1958.46838379, 5114.32617188, 7508.0625, 6739.30664062, 4000.90527344, 1333.42749023, 918.111999512, 178.988967896, 121.234397888, 68.0490112305, 32.8267021179, 125.030349731, 191.647186279, 566.069519043, 249.753967285, 89.4676971436, 39.9039878845, 29.6231899261, 48.5618896484, 37.0539741516, 41.2790794373, 72.2389907837, 113.378295898, 55.4779891968, 28.5217552185, 68.0548477173, 83.0403747559, 62.5296401978, 94.9370574951, 31.2656955719, 7.99161815643, 3.37329125404, 1.09029531479, 0.133949548006, 0.00997159909457, 0.000509253120981, 1.245834369e-06],
        "max": [11.5987148285, 70.5689926147, 176.020217896, 203.555099487, 307.616363525, 418.686981201, 595.385925293, 467.58416748, 214.698455811, 647.734741211, 114.951950073, 223.913970947, 73.7659301758, 58.2907485962, 151.245162964, 161.150863647, 667.108764648, 279.402801514, 138.1953125, 78.7129669189, 51.4675483704, 57.7280921936, 46.784236908, 52.2639160156, 65.5252914429, 76.55103302, 65.8470077515, 45.4491615295, 103.375587463, 222.524398804, 139.706100464, 155.846832275, 54.458896637, 21.6855869293, 14.411690712, 7.64070892334, 2.90618562698, 0.77930867672, 0.185643807054, 0.012976125814],
        "mean": [2.04482936859, 7.86648750305, 6.79664945602, 6.00215768814, 7.33564996719, 9.61474132538, 9.27281761169, 6.69231557846, 4.05207920074, 3.55186724663, 1.61196291447, 2.00365138054, 1.56614625454, 1.66036498547, 2.32904195786, 2.94502544403, 3.29477405548, 2.08189797401, 1.66363060474, 1.28198480606, 1.12267446518, 1.46233129501, 1.25723302364, 1.4449968338, 1.38587784767, 1.67542684078, 1.61164999008, 1.1781090498, 1.78393113613, 1.0428057909, 1.36724388599, 1.8524081707, 1.38408350945, 0.719254076481, 0.444661259651, 0.229139536619, 0.0698954463005, 0.0196716189384, 0.00407819915563, 0.000277729675872],
        "median": [0.72894090414, 3.03163981438, 0.84844648838, 0.278490424156, 0.231072574854, 0.323190808296, 0.241333931684, 0.26183912158, 0.172831147909, 0.241931959987, 0.130891412497, 0.154505982995, 0.248789787292, 0.197967872024, 0.163927257061, 0.162450030446, 0.126181662083, 0.074525013566, 0.0627406835556, 0.0494008883834, 0.0377231687307, 0.0243786368519, 0.0217617303133, 0.0147051708773, 0.0160774551332, 0.0179561208934, 0.021683068946, 0.0194828677922, 0.0240331701934, 0.0153308892623, 0.0268014185131, 0.0280952807516, 0.0188042949885, 0.0120748272166, 0.00552974408492, 0.00208166451193, 0.00031137446058, 3.98198535549e-05, 5.39934480912e-05, 6.34463722236e-05],
        "min": [1.55675489732e-22, 8.42614619366e-22, 9.81702434232e-22, 1.28586866042e-20, 3.59006596359e-20, 3.5538270517e-20, 6.69527613372e-20, 1.12985672618e-19, 1.6896054523e-19, 2.41531672384e-19, 3.92506687384e-19, 3.06154614903e-19, 1.0646009905e-18, 1.18383545688e-18, 1.20010878787e-18, 1.65052827694e-18, 1.83038980895e-18, 1.61685954447e-18, 3.76221677642e-18, 3.63961372039e-18, 3.55980526694e-18, 4.44741059606e-18, 6.97435017368e-18, 8.1105348574e-18, 8.73968760413e-18, 1.06341694349e-17, 8.67521301129e-18, 1.03081535672e-17, 1.36388384899e-17, 1.36343196022e-17, 1.28250565489e-17, 1.16096734574e-17, 1.11947439458e-17, 8.10910714367e-18, 6.91453508923e-18, 4.08488545772e-18, 2.59897005178e-18, 1.08455444803e-18, 2.36249296992e-19, 2.54206399352e-20],
        "stdev": [2.57948279381, 11.9618625641, 21.0200576782, 21.82629776, 31.6788959503, 38.5450210571, 37.8989830017, 29.6396751404, 16.6088790894, 15.2656831741, 6.10209465027, 5.99191141129, 4.39375591278, 4.16550254822, 8.05251693726, 9.72264003754, 14.4618320465, 8.2969865799, 6.10686588287, 4.54458236694, 4.10752439499, 5.29826211929, 4.43038606644, 4.74991512299, 5.29372596741, 6.31799411774, 5.02556371689, 3.55824017525, 5.07071495056, 4.42012643814, 4.38666772842, 5.471616745, 3.46852135658, 2.04901719093, 1.36143124104, 0.774173438549, 0.244589850307, 0.0692482143641, 0.0150090586394, 0.000793480372522],
        "var": [6.65373086929, 143.086166382, 441.842834473, 476.387268066, 1003.5524292, 1485.71862793, 1436.33288574, 878.510375977, 275.854858398, 233.041091919, 37.2355575562, 35.9029998779, 19.3050899506, 17.3514118195, 64.8430328369, 94.5297241211, 209.144577026, 68.8399887085, 37.2938117981, 20.6532287598, 16.8717575073, 28.0715789795, 19.6283187866, 22.5616931915, 28.0235347748, 39.917049408, 25.2562904358, 12.6610736847, 25.7121505737, 19.537519455, 19.242855072, 29.9385910034, 12.0306396484, 4.19847154617, 1.85349500179, 0.599344551563, 0.0598241984844, 0.00479531567544, 0.000225271840463, 6.29611065506e-07]
    },
    "gfcc": {
        "mean": [-184.253814697, 102.406898499, -24.6513748169, 39.1387901306, -31.5794048309, 31.0958805084, -12.1715230942, 12.1990146637, -6.20022964478, 6.82253456116, 2.9304766655, 1.56222486496, 2.50608038902],
        "cov": [[22910.5058594, -4285.99853516, -2442.85913086, 197.63633728, -1180.29052734, 957.701660156, -544.040039062, 128.330551147, -789.463562012, 176.113189697, -391.472503662, 165.075683594, -401.972991943], [-4285.99853516, 4314.18066406, 894.735046387, -805.46661377, 561.608215332, -908.066894531, 11.8223924637, -330.093841553, 180.394073486, -341.833465576, 113.628303528, -295.695861816, 149.015609741], [-2442.85913086, 894.735046387, 1984.2565918, 833.911621094, 163.647644043, -413.91204834, 64.0315170288, -124.766433716, 159.81477356, -99.6719970703, 113.878982544, -91.7978897095, 132.416259766], [197.63633728, -805.46661377, 833.911621094, 1077.98742676, -76.8573303223, 134.061386108, 10.4757032394, 33.2673416138, 8.88623905182, -11.7547750473, 35.8587837219, -12.2005357742, 72.828163147], [-1180.29052734, 561.608215332, 163.647644043, -76.8573303223, 692.973876953, -17.7666034698, 206.928726196, 4.49626636505, 57.2304344177, -39.1660423279, 36.4014358521, -13.3104763031, 16.076965332], [957.701660156, -908.066894531, -413.91204834, 134.061386108, -17.7666034698, 690.592468262, 241.471832275, 163.526947021, 109.86832428, 127.398498535, 23.6784954071, 45.427482605, 7.28893470764], [-544.040039062, 11.8223924637, 64.0315170288, 10.4757032394, 206.928726196, 241.471832275, 361.097045898, 151.10055542, 199.58442688, 56.7104911804, 77.6670913696, 6.59957122803, 47.9815597534], [128.330551147, -330.093841553, -124.766433716, 33.2673416138, 4.49626636505, 163.526947021, 151.10055542, 199.879455566, 96.0837249756, 66.4855270386, 18.5532054901, 24.4571437836, 17.7982673645], [-789.463562012, 180.394073486, 159.81477356, 8.88623905182, 57.2304344177, 109.86832428, 199.58442688, 96.0837249756, 256.385772705, 86.2248916626, 108.619476318, 1.08636462688, 57.0264930725], [176.113189697, -341.833465576, -99.6719970703, -11.7547750473, -39.1660423279, 127.398498535, 56.7104911804, 66.4855270386, 86.2248916626, 151.888626099, 60.0708274841, 65.9395980835, -3.98543190956], [-391.472503662, 113.628303528, 113.878982544, 35.8587837219, 36.4014358521, 23.6784954071, 77.6670913696, 18.5532054901, 108.619476318, 60.0708274841, 127.356071472, 32.3084564209, 54.160900116], [165.075683594, -295.695861816, -91.7978897095, -12.2005357742, -13.3104763031, 45.427482605, 6.59957122803, 24.4571437836, 1.08636462688, 65.9395980835, 32.3084564209, 99.4815750122, 12.8430757523], [-401.972991943, 149.015609741, 132.416259766, 72.828163147, 16.076965332, 7.28893470764, 47.9815597534, 17.7982673645, 57.0264930725, -3.98543190956, 54.160900116, 12.8430757523, 92.255897522]],
        "icov": [[6.56292831991e-05, 1.77563197212e-05, 5.3981981182e-05, -3.74779410777e-05, 6.81169258314e-05, -4.11072760471e-05, -1.91939489014e-05, -1.61900279636e-05, 0.000193057421711, -4.38014612882e-05, -5.75512931391e-05, 5.24681418028e-05, 0.000119119053124], [1.77563197212e-05, 0.00126073940191, -0.000551475968678, 0.00145200779662, -0.000517116161063, 0.000485506170662, 0.000354272197001, 0.000702471821569, -0.000711398199201, 0.00122095295228, -0.00113617489114, 0.00269962358288, -0.00179806503002], [5.3981981182e-05, -0.000551475968678, 0.00215077889152, -0.00234515126795, 0.000191517334315, 0.0014446118148, -0.00146034313366, 0.00143051228952, -0.000988587969914, -0.000856865546666, 0.00106852373574, -0.000724191602785, 0.000273829122307], [-3.74779410777e-05, 0.00145200779662, -0.00234515126795, 0.00426220102236, -0.000496844702866, -0.0012389048934, 0.00182994198985, -0.000996241695248, 0.000665933010168, 0.00183655647561, -0.00228875968605, 0.00320322299376, -0.00251688435674], [6.81169258314e-05, -0.000517116161063, 0.000191517334315, -0.000496844702866, 0.00243771355599, 0.000122003126307, -0.00243290443905, 0.000399537297199, 0.0013267674949, -5.40410610483e-07, -2.5913997888e-05, -0.0013859954197, 0.00139121641405], [-4.11072760471e-05, 0.000485506170662, 0.0014446118148, -0.0012389048934, 0.000122003126307, 0.00437125749886, -0.00337817938998, 0.00178855343256, -0.000845784670673, -0.00194378837477, 0.00137231883127, 0.00155513326172, -0.00159680237994], [-1.91939489014e-05, 0.000354272197001, -0.00146034313366, 0.00182994198985, -0.00243290443905, -0.00337817938998, 0.0111000807956, -0.00504979351535, -0.00460877502337, 0.00383102428168, -0.00224335095845, -0.000106666215288, 0.000233829268836], [-1.61900279636e-05, 0.000702471821569, 0.00143051228952, -0.000996241695248, 0.000399537297199, 0.00178855343256, -0.00504979351535, 0.011574184522, -0.0027861695271, -0.00257276953198, 0.00396711286157, 0.00089058507001, -0.00313137378544], [0.000193057421711, -0.000711398199201, -0.000988587969914, 0.000665933010168, 0.0013267674949, -0.000845784670673, -0.00460877502337, -0.0027861695271, 0.015250409022, -0.00713868811727, -0.00521278614178, 0.00476464349777, -0.00168457708787], [-4.38014612882e-05, 0.00122095295228, -0.000856865546666, 0.00183655647561, -5.40410610483e-07, -0.00194378837477, 0.00383102428168, -0.00257276953198, -0.00713868811727, 0.020798586309, -0.007257246878, -0.00784457940608, 0.00693835597485], [-5.75512931391e-05, -0.00113617489114, 0.00106852373574, -0.00228875968605, -2.5913997888e-05, 0.00137231883127, -0.00224335095845, 0.00396711286157, -0.00521278614178, -0.007257246878, 0.0208264961839, -0.00509631540626, -0.00645346520469], [5.24681418028e-05, 0.00269962358288, -0.000724191602785, 0.00320322299376, -0.0013859954197, 0.00155513326172, -0.000106666215288, 0.00089058507001, 0.00476464349777, -0.00784457940608, -0.00509631540626, 0.0246146805584, -0.00933764688671], [0.000119119053124, -0.00179806503002, 0.000273829122307, -0.00251688435674, 0.00139121641405, -0.00159680237994, 0.000233829268836, -0.00313137378544, -0.00168457708787, 0.00693835597485, -0.00645346520469, -0.00933764688671, 0.0226523894817]]
    },
    "melbands": {
        "dmean": [0.00641281669959, 0.00427712313831, 0.00144200399518, 0.00104292668402, 0.000517373380717, 0.000233587183175, 9.29965899559e-05, 4.92334511364e-05, 1.70234652614e-05, 1.46741440403e-05, 9.29985526454e-06, 6.33901026958e-06, 7.91002457845e-06, 7.52632331569e-06, 8.17233467387e-06, 8.14987561171e-06, 4.13574616687e-06, 3.03492720377e-06, 2.34241019825e-06, 1.70251280451e-06, 1.39892551942e-06, 1.67667053574e-06, 1.24730718198e-06, 1.33859600737e-06, 1.24945586322e-06, 1.13353178222e-06, 1.21833079447e-06, 1.47885543811e-06, 1.34943240937e-06, 8.19202512048e-07, 7.00969621903e-07, 1.25649660276e-06, 8.459306855e-07, 6.05369677942e-07, 8.0244444689e-07, 1.2663324469e-06, 1.47317268784e-06, 1.30861076286e-06, 8.24887990802e-07, 6.12274675404e-07],
        "dmean2": [0.00794257968664, 0.00620325887576, 0.00245660310611, 0.00196917285211, 0.000937395496294, 0.000419278861955, 0.000171127176145, 8.9802662842e-05, 3.08435410261e-05, 2.55669674516e-05, 1.59134579008e-05, 1.01817731775e-05, 1.28328774736e-05, 1.2001014511e-05, 1.25237111206e-05, 1.35197251439e-05, 7.11167740519e-06, 4.84335487272e-06, 3.75190029445e-06, 2.62873004431e-06, 2.1938565169e-06, 2.65402763944e-06, 1.96404789676e-06, 2.08607070817e-06, 1.89919308013e-06, 1.74978345058e-06, 1.97480994757e-06, 2.41494785769e-06, 2.18852960643e-06, 1.28150975343e-06, 1.08780318442e-06, 1.94076551452e-06, 1.32820912313e-06, 9.8703878848e-07, 1.27107080061e-06, 2.04214597943e-06, 2.45552882916e-06, 2.16192802327e-06, 1.29280545025e-06, 9.45266549479e-07],
        "dvar": [8.16187020973e-05, 8.82971289684e-05, 1.83334195754e-05, 1.2725767192e-05, 3.00830924971e-06, 7.78007404278e-07, 1.03889526315e-07, 2.97416988815e-08, 3.16240300613e-09, 1.55610824226e-09, 6.15537509852e-10, 2.21299353842e-10, 5.86456161411e-10, 5.25937404738e-10, 6.19338469399e-10, 1.23433596677e-09, 2.94158780667e-10, 9.77054687157e-11, 8.21133300244e-11, 2.73140277757e-11, 2.01261646238e-11, 2.78156352118e-11, 1.51988439195e-11, 1.73915066376e-11, 1.32497259692e-11, 1.42754549501e-11, 1.92515725583e-11, 2.26641014983e-11, 1.37577917808e-11, 5.0904315485e-12, 3.78116721961e-12, 1.08011767933e-11, 5.85298172776e-12, 1.18918251982e-11, 6.88222092163e-12, 1.1922029336e-11, 1.52397920672e-11, 8.05115349389e-12, 3.63443303231e-12, 2.63519631463e-12],
        "dvar2": [0.000145557714859, 0.000193252781173, 4.70857667096e-05, 3.66890926671e-05, 8.55093549035e-06, 2.17208889808e-06, 2.95961939401e-07, 8.23731483024e-08, 9.02754848653e-09, 4.24600044013e-09, 1.65079883097e-09, 5.11450992668e-10, 1.27424426566e-09, 1.14478304614e-09, 1.3318004477e-09, 3.18810511324e-09, 8.09788458511e-10, 2.29314747746e-10, 2.0121727895e-10, 5.55545991154e-11, 4.30910272742e-11, 5.6717311403e-11, 3.10960111827e-11, 3.96097911415e-11, 2.79112861296e-11, 3.30563527939e-11, 4.82832766824e-11, 5.52978322854e-11, 3.13577011579e-11, 1.13408909e-11, 8.77672587385e-12, 2.63604919143e-11, 1.43981502068e-11, 3.37364025604e-11, 1.79810177164e-11, 2.97662554327e-11, 3.94463108011e-11, 2.02325066423e-11, 8.2430147777e-12, 5.61962542472e-12],
        "max": [0.0804885774851, 0.0724653750658, 0.0306214354932, 0.0261718798429, 0.0197410341352, 0.0106986016035, 0.00390258990228, 0.00566010689363, 0.00153134774882, 0.0012149058748, 0.00037279643584, 0.0002176494163, 0.000449789920822, 0.000615362834651, 0.000529308337718, 0.00138459540904, 0.000534923223313, 0.000203107003472, 0.000269233220024, 7.39511597203e-05, 6.77249481669e-05, 6.53071183478e-05, 4.6389104682e-05, 5.25955110788e-05, 4.48074824817e-05, 4.85941855004e-05, 6.05141867709e-05, 5.68316318095e-05, 4.45531732112e-05, 3.35778095177e-05, 2.45038590947e-05, 6.54728428344e-05, 5.83345099585e-05, 0.000142473305459, 8.33162193885e-05, 8.05558229331e-05, 0.000100125558674, 4.64003678644e-05, 2.38666907535e-05, 1.80415299837e-05],
        "mean": [0.0152883846313, 0.00553984474391, 0.00106301798951, 0.000628170440905, 0.000346295913914, 0.00015884739696, 5.99029772275e-05, 3.36610828526e-05, 1.20574222819e-05, 1.23769486891e-05, 7.63202478993e-06, 6.43819157631e-06, 7.63796651881e-06, 7.09416826794e-06, 7.47973308535e-06, 6.74716284266e-06, 3.49552556145e-06, 2.72350121122e-06, 2.04020761885e-06, 1.55647785505e-06, 1.23375241401e-06, 1.53739529196e-06, 1.18096102142e-06, 1.15487796393e-06, 1.18313641906e-06, 1.00406202819e-06, 9.75095417743e-07, 1.16459625588e-06, 1.12148268272e-06, 7.3612147844e-07, 6.30363501841e-07, 1.09633037937e-06, 7.67096594245e-07, 5.02722059537e-07, 6.84251119765e-07, 1.04129981082e-06, 1.16375417747e-06, 1.04479750007e-06, 7.25077143215e-07, 5.57657074296e-07],
