{
"highlevel": {
    "danceability": {
        "all": {
            "danceable": 0.999980866909,
            "not_danceable": 1.91077233467e-05
        },
        "probability": 0.999980866909,
        "value": "danceable"
    },
    "gender": {
        "all": {
            "female": 0.434769839048,
            "male": 0.565230190754
        },
        "probability": 0.565230190754,
        "value": "male"
    },
    "genre_electronic": {
        "all": {
            "ambient": 0.148286402225,
            "dnb": 0.0241659916937,
            "house": 0.600335240364,
            "techno": 0.0787433683872,
            "trance": 0.148469030857
        },
        "probability": 0.600335240364,
        "value": "house"
    },
    "mood_acoustic": {
        "all": {
            "acoustic": 0.0232275649905,
            "not_acoustic": 0.976772427559
        },
        "probability": 0.976772427559,
        "value": "not_acoustic"
    },
    "mood_aggressive": {
        "all": {
            "aggressive": 0.90261554718,
            "not_aggressive": 0.0973844751716
        },
        "probability": 0.90261554718,
        "value": "aggressive"
    },
    "mood_electronic": {
        "all": {
            "electronic": 0.938559710979,
            "not_electronic": 0.0614402964711
        },
        "probability": 0.938559710979,
        "value": "electronic"
    },
    "mood_happy": {
        "all": {
            "happy": 0.201688408852,
            "not_happy": 0.798311591148
        },
        "probability": 0.798311591148,
        "value": "not_happy"
    },
    "mood_party": {
        "all": {
            "not_party": 0.0208805743605,
            "party": 0.979119420052
        },
        "probability": 0.979119420052,
        "value": "party"
    },
    "mood_relaxed": {
        "all": {
            "not_relaxed": 0.04681937024,
            "relaxed": 0.953180611134
        },
        "probability": 0.953180611134,
        "value": "relaxed"
    },
    "mood_sad": {
        "all": {
            "not_sad": 0.694760859013,
            "sad": 0.305239140987
        },
        "probability": 0.694760859013,
        "value": "not_sad"
    },
    "moods_mirex": {
        "all": {
            "Cluster1": 0.0554384626448,
            "Cluster2": 0.230036720634,
            "Cluster3": 0.0523027442396,
            "Cluster4": 0.559265732765,
            "Cluster5": 0.102956354618
        },
        "probability": 0.559265732765,
        "value": "Cluster4"
    },
    "timbre": {
        "all": {
            "bright": 0.0664957240224,
            "dark": 0.933504283428
        },
        "probability": 0.933504283428,
        "value": "dark"
    },
    "tonal_atonal": {
        "all": {
            "atonal": 0.943893671036,
            "tonal": 0.0561063140631
        },
        "probability": 0.943893671036,
        "value": "atonal"
    },
    "voice_instrumental": {
        "all": {
            "instrumental": 0.939781367779,
            "voice": 0.0602186098695
        },
        "probability": 0.939781367779,
        "value": "instrumental"
    }
},
"lowlevel": {
    "average_loudness": 0.929418623447,
    "barkbands_crest": {
        "dmean": 3.86681890488,
        "dmean2": 5.96281671524,
        "dvar": 11.1149778366,
        "dvar2": 24.7001686096,
        "max": 26.3866539001,
        "mean": 14.0454359055,
        "median": 13.3518218994,
        "min": 2.3527276516,
        "stdev": 6.01985788345,
        "var": 36.2386894226
    },
    "barkbands_flatness_db": {
        "dmean": 0.0550264641643,
        "dmean2": 0.0733443796635,
        "dvar": 0.00224283221178,
        "dvar2": 0.00425686687231,
        "max": 0.582549333572,
        "mean": 0.194706216455,
        "median": 0.178928405046,
        "min": 0.0173353366554,
        "stdev": 0.0956084951758,
        "var": 0.00914098415524
    },
    "barkbands_kurtosis": {
        "dmean": 33.5636138916,
        "dmean2": 49.3428001404,
        "dvar": 10386.7675781,
        "dvar2": 22353.2949219,
        "max": 2687.53686523,
        "mean": 43.6180725098,
        "median": 9.85073280334,
        "min": -1.93194103241,
        "stdev": 127.011444092,
        "var": 16131.9072266
    },
    "barkbands_skewness": {
        "dmean": 1.78014802933,
        "dmean2": 2.56047916412,
        "dvar": 4.98557186127,
        "dvar2": 9.6230173111,
        "max": 37.6823692322,
        "mean": 3.76309537888,
        "median": 2.75114250183,
        "min": -4.15524625778,
        "stdev": 4.00593423843,
        "var": 16.0475101471
    },
    "barkbands_spread": {
        "dmean": 11.0428962708,
        "dmean2": 17.6067371368,
        "dvar": 182.75050354,
        "dvar2": 425.876617432,
        "max": 102.205299377,
        "mean": 18.1477832794,
        "median": 10.7520017624,
        "min": 0.0681334212422,
        "stdev": 19.3428535461,
        "var": 374.145965576
    },
    "dissonance": {
        "dmean": 0.0318325720727,
        "dmean2": 0.0516921170056,
        "dvar": 0.000843259680551,
        "dvar2": 0.00215109414421,
        "max": 0.500000119209,
        "mean": 0.447569519281,
        "median": 0.456053555012,
        "min": 0.236779078841,
        "stdev": 0.0396927408874,
        "var": 0.00157551362645
    },
    "dynamic_complexity": 3.33322811127,
    "erbbands_crest": {
        "dmean": 3.90079832077,
        "dmean2": 6.17297363281,
        "dvar": 12.0428295135,
        "dvar2": 27.0726127625,
        "max": 32.102897644,
        "mean": 10.6105937958,
        "median": 9.56250762939,
        "min": 2.38157486916,
        "stdev": 5.12332630157,
        "var": 26.2484722137
    },
    "erbbands_flatness_db": {
        "dmean": 0.0327994860709,
        "dmean2": 0.0457606688142,
        "dvar": 0.000737512251362,
        "dvar2": 0.00143977382686,
        "max": 0.461726516485,
        "mean": 0.151224672794,
        "median": 0.139473378658,
        "min": 0.0372202880681,
        "stdev": 0.0656035095453,
        "var": 0.00430382089689
    },
    "erbbands_kurtosis": {
        "dmean": 3.15937280655,
        "dmean2": 4.91249465942,
        "dvar": 23.7682552338,
        "dvar2": 48.6128959656,
        "max": 94.7253875732,
        "mean": 2.73667287827,
        "median": 0.974540352821,
        "min": -1.8843780756,
        "stdev": 5.98902177811,
        "var": 35.8683815002
    },
    "erbbands_skewness": {
        "dmean": 0.771411418915,
        "dmean2": 1.16557252407,
        "dvar": 0.57152980566,
        "dvar2": 1.16719162464,
        "max": 9.13382148743,
        "mean": 1.08095121384,
        "median": 1.04019749165,
        "min": -3.59114575386,
        "stdev": 1.20439958572,
        "var": 1.45057845116
    },
    "erbbands_spread": {
        "dmean": 18.9675941467,
        "dmean2": 28.8852729797,
        "dvar": 346.432769775,
        "dvar2": 768.540527344,
        "max": 191.172698975,
        "mean": 47.5140190125,
        "median": 42.7969245911,
        "min": 3.28123235703,
        "stdev": 27.8295860291,
        "var": 774.485900879
    },
    "hfc": {
        "dmean": 18.0933208466,
        "dmean2": 30.1229534149,
        "dvar": 550.99206543,
        "dvar2": 1443.21374512,
        "max": 178.504730225,
        "mean": 25.0279693604,
        "median": 17.8777084351,
        "min": 0.0107695814222,
        "stdev": 24.9134464264,
        "var": 620.67980957
    },
    "loudness_ebu128": {
        "integrated": -9.37539100647,
        "loudness_range": 4.03600120544,
        "momentary": {
            "dmean": 0.52532941103,
            "dmean2": 0.82625746727,
            "dvar": 0.3300742805,
            "dvar2": 0.841079056263,
            "max": -6.95162391663,
            "mean": -9.86701202393,
            "median": -8.85766601562,
            "min": -19.8814334869,
            "stdev": 2.35157608986,
            "var": 5.52991008759
        },
        "short_term": {
            "dmean": 0.0687215998769,
            "dmean2": 0.104510501027,
            "dvar": 0.00461833784357,
            "dvar2": 0.00945463683456,
            "max": -7.79093170166,
            "mean": -9.77009677887,
            "median": -8.50173950195,
            "min": -17.1138267517,
            "stdev": 2.15058684349,
            "var": 4.62502336502
        }
    },
    "melbands_crest": {
        "dmean": 4.57669305801,
        "dmean2": 7.31185626984,
        "dvar": 16.0317897797,
        "dvar2": 36.0472640991,
        "max": 37.2368240356,
        "mean": 19.6044883728,
        "median": 19.3620185852,
        "min": 2.4963619709,
        "stdev": 7.72285318375,
        "var": 59.6424636841
    },
    "melbands_flatness_db": {
        "dmean": 0.0651764795184,
        "dmean2": 0.0867396518588,
        "dvar": 0.00321901170537,
        "dvar2": 0.00614706845954,
        "max": 0.717653870583,
        "mean": 0.266367256641,
        "median": 0.248880714178,
        "min": 0.0227562114596,
        "stdev": 0.119063168764,
        "var": 0.0141760380939
    },
    "melbands_kurtosis": {
        "dmean": 50.6568183899,
        "dmean2": 78.1908111572,
        "dvar": 13486.9902344,
        "dvar2": 29931.6464844,
        "max": 1856.61560059,
        "mean": 71.6862030029,
        "median": 23.4473991394,
        "min": -1.83035802841,
        "stdev": 150.723419189,
        "var": 22717.5507812
    },
    "melbands_skewness": {
        "dmean": 1.93970227242,
        "dmean2": 2.97820162773,
        "dvar": 5.32012462616,
        "dvar2": 12.0252275467,
        "max": 32.1846160889,
        "mean": 4.86432981491,
        "median": 3.78443336487,
        "min": -2.12665963173,
        "stdev": 3.92870235443,
        "var": 15.4347019196
    },
    "melbands_spread": {
        "dmean": 10.0715551376,
        "dmean2": 16.1720352173,
        "dvar": 268.294799805,
        "dvar2": 610.056640625,
        "max": 222.399978638,
        "mean": 16.1143321991,
        "median": 8.53768444061,
        "min": 0.111073099077,
        "stdev": 22.0246372223,
        "var": 485.084625244
    },
    "pitch_salience": {
        "dmean": 0.115466028452,
        "dmean2": 0.17688600719,
        "dvar": 0.0119799124077,
        "dvar2": 0.0259507168084,
        "max": 0.890814423561,
        "mean": 0.447900950909,
        "median": 0.460964471102,
        "min": 0.0257704406977,
        "stdev": 0.206187441945,
        "var": 0.0425132587552
    },
    "silence_rate_20dB": {
        "dmean": 0,
        "dmean2": 0,
        "dvar": 0,
        "dvar2": 0,
        "max": 1,
        "mean": 1,
        "median": 1,
        "min": 1,
        "stdev": 0,
        "var": 0
    },
    "silence_rate_30dB": {
        "dmean": 0.115480341017,
        "dmean2": 0.23097345233,
        "dvar": 0.102125972509,
        "dvar2": 0.207849085331,
        "max": 1,
        "mean": 0.683220863342,
        "median": 1,
        "min": 0,
        "stdev": 0.465217858553,
        "var": 0.216427654028
    },
    "silence_rate_60dB": {
        "dmean": 0.0533156357706,
        "dmean2": 0.10663716495,
        "dvar": 0.050481878221,
        "dvar2": 0.106090672314,
        "max": 1,
        "mean": 0.104800350964,
        "median": 0,
        "min": 0,
        "stdev": 0.306301921606,
        "var": 0.0938208699226
    },
    "spectral_centroid": {
        "dmean": 422.742095947,
        "dmean2": 660.266784668,
        "dvar": 242373.96875,
        "dvar2": 545080.5,
        "max": 5936.38720703,
        "mean": 1090.56713867,
        "median": 766.00402832,
        "min": 79.604347229,
        "stdev": 975.120910645,
        "var": 950860.75
    },
    "spectral_complexity": {
        "dmean": 6.08727407455,
        "dmean2": 9.72455787659,
        "dvar": 57.2305603027,
        "dvar2": 134.312210083,
        "max": 69,
        "mean": 12.5540313721,
        "median": 11,
        "min": 0,
        "stdev": 9.39292144775,
        "var": 88.2269744873
    },
    "spectral_decrease": {
        "dmean": 7.04167035792e-09,
        "dmean2": 1.00460937347e-08,
        "dvar": 7.33490629129e-17,
        "dvar2": 1.20427438671e-16,
        "max": -1.60600875589e-13,
        "mean": -1.84326882646e-08,
        "median": -1.05256408034e-08,
        "min": -8.16592091724e-08,
        "stdev": 1.86300770366e-08,
        "var": 3.47079744011e-16
    },
    "spectral_energy": {
        "dmean": 0.0272366292775,
        "dmean2": 0.0390393771231,
        "dvar": 0.00104312691838,
        "dvar2": 0.00171728548594,
        "max": 0.309730499983,
        "mean": 0.0718392804265,
        "median": 0.0442548766732,
        "min": 1.58297802955e-06,
        "stdev": 0.0706189349294,
        "var": 0.0049870335497
    },
    "spectral_energyband_high": {
        "dmean": 0.00150404835586,
        "dmean2": 0.00258882739581,
        "dvar": 5.09467417942e-06,
        "dvar2": 1.3303758351e-05,
        "max": 0.0170440003276,
        "mean": 0.00127642077859,
        "median": 0.000383099890314,
        "min": 1.11976351036e-06,
        "stdev": 0.00210305326618,
        "var": 4.42283271695e-06
    },
    "spectral_energyband_low": {
        "dmean": 0.024125199765,
        "dmean2": 0.0342343226075,
        "dvar": 0.00127563427668,
        "dvar2": 0.0021349042654,
        "max": 0.306973576546,
        "mean": 0.0544614382088,
        "median": 0.00847550854087,
        "min": 7.85120449556e-13,
        "stdev": 0.0711028948426,
        "var": 0.00505562173203
    },
    "spectral_energyband_middle_high": {
        "dmean": 0.00244294153526,
        "dmean2": 0.00406488915905,
        "dvar": 1.79026519618e-05,
        "dvar2": 4.44882352895e-05,
        "max": 0.102912187576,
        "mean": 0.00299034384079,
        "median": 0.00118564476725,
        "min": 3.41188467701e-07,
        "stdev": 0.00521006062627,
        "var": 2.71447333944e-05
    },
    "spectral_energyband_middle_low": {
        "dmean": 0.00922682695091,
        "dmean2": 0.0153283495456,
        "dvar": 0.000196669163415,
        "dvar2": 0.000525143404957,
        "max": 0.145799428225,
        "mean": 0.0140254292637,
        "median": 0.00949012301862,
        "min": 2.1679487372e-10,
        "stdev": 0.0152323171496,
        "var": 0.00023202347802
    },
    "spectral_entropy": {
        "dmean": 0.40326794982,
        "dmean2": 0.561815202236,
        "dvar": 0.130008772016,
        "dvar2": 0.254014462233,
        "max": 8.91265392303,
        "mean": 7.63071632385,
        "median": 7.64294528961,
        "min": 4.87968301773,
        "stdev": 0.60321110487,
        "var": 0.363863617182
    },
    "spectral_flux": {
        "dmean": 0.0633276998997,
        "dmean2": 0.0938258618116,
        "dvar": 0.00347897852771,
        "dvar2": 0.00679386500269,
        "max": 0.573216378689,
        "mean": 0.137667164207,
        "median": 0.113088279963,
        "min": 0.0010698310798,
        "stdev": 0.0949882045388,
        "var": 0.00902275834233
    },
    "spectral_kurtosis": {
        "dmean": 1.61240923405,
        "dmean2": 2.42827606201,
        "dvar": 3.2942969799,
        "dvar2": 7.44315290451,
        "max": 23.8878536224,
        "mean": 3.25837922096,
        "median": 2.66382145882,
        "min": -0.939067840576,
        "stdev": 2.52764844894,
        "var": 6.38900661469
    },
    "spectral_rms": {
        "dmean": 0.00169984495733,
        "dmean2": 0.00240817572922,
        "dvar": 3.02609942082e-06,
        "dvar2": 4.54294740848e-06,
        "max": 0.0173832140863,
        "mean": 0.0071131545119,
        "median": 0.00657080579549,
        "min": 3.92984584323e-05,
        "stdev": 0.00441471440718,
        "var": 1.94897038455e-05
    },
    "spectral_rolloff": {
        "dmean": 1025.34301758,
        "dmean2": 1779.41113281,
        "dvar": 3654725,
        "dvar2": 8624924,
        "max": 16128.3691406,
        "mean": 1867.1328125,
        "median": 516.796875,
        "min": 64.599609375,
        "stdev": 3117.47583008,
        "var": 9718655
    },
    "spectral_skewness": {
        "dmean": 0.330372035503,
        "dmean2": 0.488968580961,
        "dvar": 0.0981190726161,
        "dvar2": 0.212693944573,
        "max": 4.15308141708,
        "mean": 1.58887624741,
        "median": 1.55434572697,
        "min": 0.240609928966,
        "stdev": 0.508369207382,
        "var": 0.25843924284
    },
    "spectral_spread": {
        "dmean": 1289013.25,
        "dmean2": 1893659.75,
        "dvar": 1.33003555635e+12,
        "dvar2": 2.98629935923e+12,
        "max": 15385632,
        "mean": 7005909.5,
        "median": 6862709.5,
        "min": 2010095,
        "stdev": 1977902.875,
        "var": 3.91209969254e+12
    },
    "spectral_strongpeak": {
        "dmean": 0.474698930979,
        "dmean2": 0.77097505331,
        "dvar": 0.368499785662,
        "dvar2": 0.895610392094,
        "max": 10.797542572,
        "mean": 0.878893911839,
        "median": 0.724243760109,
        "min": 0,
        "stdev": 0.805329144001,
        "var": 0.648555040359
    },
    "zerocrossingrate": {
        "dmean": 0.0224191062152,
        "dmean2": 0.02812294662,
        "dvar": 0.00053487054538,
        "dvar2": 0.000661168247461,
        "max": 0.46240234375,
        "mean": 0.0735096856952,
        "median": 0.046875,
        "min": 0.001953125,
        "stdev": 0.0809675604105,
        "var": 0.0065557458438
    },
    "barkbands": {
        "dmean": [0.00218041893095, 0.0207587052137, 0.00910270120949, 0.00231905700639, 0.00154927803669, 0.00390887865797, 0.00182167498861, 0.00154133758042, 0.00121583568398, 0.000840098771732, 0.000451849220553, 0.000259288295638, 0.000304795947159, 0.000232720209169, 0.000223626018851, 0.0002735996095, 0.000226273012231, 0.000180703704245, 0.000170388826518, 0.00013265038433, 0.000203433504794, 0.000191943996469, 0.000285369751509, 0.000246228271862, 0.000291441130685, 0.000218258443056, 2.61484310613e-05],
        "dmean2": [0.00301733217202, 0.0302415322512, 0.0142712332308, 0.00434799818322, 0.00275624962524, 0.00604461599141, 0.00304903951474, 0.00251059373841, 0.00205777492374, 0.00142593216151, 0.000753860338591, 0.000439909141278, 0.000509727746248, 0.000397710624384, 0.000385614810511, 0.000471075240057, 0.000386984087527, 0.000317815487506, 0.000299425330013, 0.000236266379943, 0.000357151671778, 0.000326156499796, 0.000503807677887, 0.00043038171134, 0.00049873808166, 0.000385509541957, 4.55646440969e-05],
        "dvar": [2.43934046011e-05, 0.00123339088168, 0.000361176062142, 6.33699964965e-05, 1.44283721966e-05, 4.21371660195e-05, 1.51069871208e-05, 9.63501770457e-06, 1.00910074252e-05, 7.27197448214e-06, 9.19961166801e-07, 6.39608515485e-07, 1.15544878554e-06, 5.16311899901e-07, 2.8350640946e-07, 7.48735260458e-07, 2.44601039867e-07, 1.33048388307e-07, 1.00156668736e-07, 1.42655835589e-07, 1.71673150362e-07, 1.10845107315e-07, 2.09553903119e-07, 1.42518146617e-07, 1.85756306337e-07, 1.17904804142e-07, 6.83123779766e-09],
        "dvar2": [5.18754932273e-05, 0.00217256764881, 0.00082746881526, 0.000182633841177, 4.11180481024e-05, 9.4263072242e-05, 3.89384003938e-05, 2.36137966567e-05, 2.48585020017e-05, 1.8518365323e-05, 2.27460918722e-06, 1.64189941643e-06, 2.78923494079e-06, 1.22430856209e-06, 7.26844405108e-07, 2.00828890229e-06, 6.17470334419e-07, 3.49250967702e-07, 2.70152611392e-07, 4.05663314496e-07, 4.70071000791e-07, 2.97201637522e-07, 5.57822772862e-07, 3.76041128902e-07, 4.79102766349e-07, 3.09572556034e-07, 1.86989463913e-08],
        "max": [0.0679617673159, 0.285052746534, 0.166087016463, 0.0856860503554, 0.0535401403904, 0.0896554067731, 0.066221870482, 0.0630746930838, 0.0697700679302, 0.0985541120172, 0.0275514312088, 0.0379098728299, 0.0380523130298, 0.0263997819275, 0.020194971934, 0.032869618386, 0.0120094576851, 0.00981071498245, 0.00340653397143, 0.00589715735987, 0.00406984053552, 0.00462077138945, 0.00347622483969, 0.00304820947349, 0.00494459923357, 0.00439450377598, 0.00255384342745],
        "mean": [0.00263591879047, 0.0394867546856, 0.0115664247423, 0.00150923198089, 0.00169466633815, 0.0048722056672, 0.00212260568514, 0.00210067303851, 0.00139931961894, 0.000831992947496, 0.000497008906677, 0.000267758412519, 0.000332305120537, 0.000218929169932, 0.000220423869905, 0.00025607238058, 0.000224915958825, 0.000153945744387, 0.000138680596137, 0.000103615842818, 0.000162539508892, 0.000171352759935, 0.000218262081034, 0.000198776295292, 0.000243696034886, 0.000178113055881, 3.263878898e-05],
        "median": [0.00014797350741, 0.0049533508718, 0.00024381338153, 0.000139101437526, 0.000485196826048, 0.00195448333398, 0.000703960540704, 0.00064739852678, 0.000349134788848, 0.000177195077413, 0.00016824247723, 8.46202747198e-05, 4.37035996583e-05, 3.96811010432e-05, 4.67311474495e-05, 4.75899105368e-05, 5.0821370678e-05, 3.60711710528e-05, 3.92875372199e-05, 2.85011774395e-05, 4.92528743052e-05, 6.45721011097e-05, 6.09007838648e-05, 5.83046494285e-05, 6.07995061728e-05, 2.97068527289e-05, 3.14720682582e-06],
        "min": [1.00034821464e-13, 1.31541831464e-13, 1.45411365783e-14, 2.61156825603e-14, 1.87280787124e-13, 2.87921298131e-13, 1.76662894383e-12, 2.35950876892e-11, 1.15851259141e-10, 8.76549666184e-11, 3.68628565173e-11, 2.68117944513e-10, 6.58764653938e-10, 2.0994981309e-09, 1.7554615539e-08, 1.71277054761e-08, 3.01144389425e-08, 2.04575538731e-08, 5.16131528627e-08, 7.74750503751e-08, 7.63807292969e-08, 1.32801119435e-07, 2.98508723517e-07, 1.79931575417e-07, 1.40178116226e-07, 4.06479827575e-08, 6.7992850239e-10],
        "stdev": [0.00599719025195, 0.0618175715208, 0.0224828384817, 0.00596436858177, 0.00346432556398, 0.00781884137541, 0.00411447091028, 0.00415665144101, 0.00376866874285, 0.00286143622361, 0.00110205181409, 0.000841856352054, 0.00134217145387, 0.00079190620454, 0.000581075553782, 0.000844663474709, 0.000533009530045, 0.000342376733897, 0.000271903001703, 0.000294724886771, 0.000344287283951, 0.000295280711725, 0.000388267886592, 0.000334810669301, 0.000419279182097, 0.000362833496183, 0.000144582649227],
        "var": [3.59662917617e-05, 0.00382141233422, 0.000505478063133, 3.55736920028e-05, 1.20015520224e-05, 6.11342838965e-05, 1.69288723555e-05, 1.72777527041e-05, 1.42028648042e-05, 8.18781791168e-06, 1.21451819268e-06, 7.08722154741e-07, 1.801424105e-06, 6.27115468887e-07, 3.37648799587e-07, 7.13456415724e-07, 2.84099172632e-07, 1.17221830465e-07, 7.39312397968e-08, 8.68627552109e-08, 1.18533733939e-07, 8.71906991051e-08, 1.50751958472e-07, 1.12098192062e-07, 1.75795022983e-07, 1.31648150159e-07, 2.09041441934e-08]
    },
    "erbbands": {
        "dmean": [0.90932404995, 4.51692485809, 10.7429037094, 8.36518764496, 5.64664125443, 5.26354169846, 8.71165180206, 42.2227630615, 25.9646835327, 38.6835594177, 21.5433387756, 28.4207267761, 29.9391422272, 19.619096756, 15.4456729889, 10.7814664841, 13.5709018707, 12.0002803802, 11.9248933792, 12.7931890488, 14.4785718918, 12.3367919922, 9.76617527008, 9.34702587128, 7.23437976837, 6.2141919136, 8.75869560242, 7.49422836304, 7.50046300888, 5.13941192627, 9.07470035553, 5.44527626038, 4.31290245056, 2.78105330467, 2.42595481873, 1.25250267982, 0.344167500734, 0.0418132729828, 0.00482412986457, 0.000302642583847],
        "dmean2": [1.06009614468, 7.16427850723, 16.7378234863, 14.0769472122, 10.5151138306, 9.10100746155, 14.1838588715, 65.6248855591, 41.9724082947, 62.7316513062, 35.9940032959, 47.870475769, 50.4531021118, 32.4598197937, 25.9089546204, 18.1397838593, 22.5903301239, 19.987569809, 20.3572406769, 22.2066268921, 24.9674243927, 21.0163784027, 16.9875431061, 16.6470375061, 12.5690803528, 11.1164169312, 15.5962991714, 12.8409452438, 12.8299770355, 8.71924686432, 16.1216239929, 9.52791023254, 7.55010175705, 4.74695110321, 4.18662691116, 2.20219969749, 0.608726561069, 0.0737103521824, 0.00840468797833, 0.000518643122632],
        "dvar": [2.56535220146, 59.2391815186, 424.683105469, 518.241027832, 344.793548584, 142.770187378, 183.831542969, 5089.08251953, 2617.16503906, 5886.35205078, 1985.14526367, 6205.22509766, 9728.63085938, 2169.00317383, 835.030639648, 1314.05395508, 2148.63476562, 1579.82189941, 844.756347656, 1222.50512695, 1997.75427246, 667.000488281, 371.865570068, 324.13873291, 165.179946899, 412.617492676, 435.307678223, 160.159912109, 158.592407227, 67.8616638184, 227.817840576, 76.977973938, 43.2428321838, 15.842590332, 14.3027381897, 3.79016423225, 0.30777284503, 0.00584265217185, 0.00021612024284, 8.95148332347e-07],
        "dvar2": [3.34664297104, 134.637878418, 973.43927002, 1374.29248047, 996.950134277, 392.227661133, 459.349761963, 11617.1845703, 6492.63183594, 14734.3271484, 5027.35742188, 15728.6357422, 24839.9863281, 5089.02539062, 2118.65673828, 3302.19165039, 5208.16455078, 3579.74560547, 2116.88427734, 3300.24609375, 5378.56640625, 1699.76647949, 980.065246582, 879.511169434, 440.510162354, 1186.42407227, 1209.2644043, 427.324462891, 423.402282715, 181.595123291, 609.654846191, 204.726287842, 113.898635864, 40.6326026917, 37.5080871582, 9.90942192078, 0.8104839921, 0.0155279207975, 0.000593214819673, 2.43181602855e-06],
        "max": [14.9987535477, 68.2737884521, 169.286178589, 202.987808228, 229.63243103, 166.508132935, 220.261657715, 1062.27099609, 824.591796875, 1404.11791992, 1292.26733398, 1957.1706543, 3140.3125, 1223.58288574, 556.020629883, 1911.37475586, 2111.13696289, 1426.67138672, 1226.27392578, 1199.40795898, 1757.68774414, 440.962158203, 491.899963379, 172.774093628, 159.351608276, 347.058441162, 239.085220337, 122.270584106, 153.654174805, 95.5529785156, 136.595718384, 88.517616272, 60.3608512878, 35.4675827026, 45.7364692688, 20.2451610565, 8.9606256485, 2.33094644547, 0.473877936602, 0.032212626189],
        "mean": [1.46070086956, 7.4756398201, 14.7132282257, 8.14667987823, 4.0904583931, 6.49250745773, 12.1016578674, 51.2259101868, 32.4850234985, 54.2806396484, 29.6599998474, 33.4470214844, 31.7577762604, 21.7623558044, 17.6517219543, 12.0626754761, 15.2634487152, 12.3748502731, 12.0630607605, 12.0568599701, 13.7749824524, 12.644862175, 8.88042545319, 7.44165897369, 6.10638475418, 4.7856926918, 6.56425285339, 6.45372056961, 6.57114934921, 4.67339229584, 6.7300620079, 4.30570745468, 3.44904565811, 2.37260842323, 1.97315013409, 0.996491253376, 0.283032894135, 0.0418138168752, 0.00580617738888, 0.000452938082162],
        "median": [0.153011530638, 0.968087077141, 0.987631440163, 0.687216281891, 0.919276118279, 1.61094641685, 5.58078384399, 19.1315345764, 13.1814365387, 17.4495735168, 12.4033908844, 8.52130508423, 7.94577741623, 5.70274543762, 6.31704807281, 4.07093715668, 2.30712413788, 2.24799370766, 2.43073034286, 2.72420930862, 2.77633476257, 2.94081449509, 2.21119737625, 1.90071225166, 1.90481352806, 1.27529072762, 1.53545856476, 2.38466978073, 2.42198491096, 1.85143840313, 1.72317123413, 1.23223340511, 0.951745033264, 0.625267326832, 0.465352267027, 0.196253567934, 0.0404529348016, 0.00476909149438, 0.000684007012751, 0.000161407879204],
        "min": [8.77955000367e-12, 3.58600163453e-11, 5.03026995058e-11, 1.59068300198e-10, 4.08958394926e-10, 8.78662642645e-10, 1.52436707701e-09, 4.07600797558e-09, 2.46596183473e-08, 2.20449848598e-07, 1.20388449432e-06, 2.32943557421e-06, 3.0125761441e-06, 2.96113557852e-06, 1.87360433301e-06, 1.63128406712e-05, 3.43718820659e-05, 0.000128285624669, 0.000480355025502, 0.00148935092147, 0.00127177638933, 0.00185007276013, 0.00138024915941, 0.00168574007694, 0.00266828970052, 0.00345733994618, 0.00248309061863, 0.00369248422794, 0.00422386545688, 0.00425947690383, 0.00897325947881, 0.00434507708997, 0.00283806235529, 0.00175618601497, 0.000813626626041, 0.000230006015045, 4.9436941481e-05, 1.41797636388e-05, 3.73745876914e-07, 3.08511509672e-08],
        "stdev": [2.84651637077, 11.069858551, 25.0431842804, 20.7530593872, 13.9005994797, 12.982211113, 17.7629470825, 84.6117553711, 57.0407791138, 106.122871399, 56.0452346802, 93.4070587158, 109.360412598, 55.8564910889, 33.5480651855, 38.8189201355, 58.27394104, 46.9527282715, 32.6633605957, 32.6264152527, 43.7707710266, 28.1509227753, 18.6431007385, 15.416882515, 11.278377533, 15.5349063873, 16.751455307, 11.177365303, 11.1887950897, 7.43332052231, 12.6144342422, 7.61624622345, 5.84175395966, 3.91308283806, 3.55486965179, 1.8744661808, 0.617972373962, 0.133340924978, 0.0242909323424, 0.00166605936829],
        "var": [8.10265541077, 122.541770935, 627.161071777, 430.689483643, 193.226669312, 168.537796021, 315.52230835, 7159.14941406, 3253.65039062, 11262.0634766, 3141.06835938, 8724.87792969, 11959.7001953, 3119.94775391, 1125.47265625, 1506.90856934, 3395.85229492, 2204.55859375, 1066.8951416, 1064.48291016, 1915.88037109, 792.47442627, 347.565216064, 237.680267334, 127.201789856, 241.333312988, 280.61126709, 124.933486938, 125.18914032, 55.2542533875, 159.123947144, 58.0072097778, 34.1260871887, 15.3122167587, 12.6370983124, 3.51362347603, 0.381889849901, 0.0177798029035, 0.000590049370658, 2.77575395558e-06]
    },
    "gfcc": {
        "mean": [-17.6067504883, 47.2334709167, -81.4338607788, 15.9381513596, -72.1593093872, 11.2176780701, -38.0078048706, 16.6421546936, -12.9112529755, 9.50604057312, -13.6742010117, 7.63811922073, -8.51224422455],
        "cov": [[12743.5761719, 5175.77783203, 1263.3972168, 114.303459167, 447.781097412, 223.096130371, 108.194190979, -23.4107646942, -266.459777832, 198.819869995, 88.657119751, 372.494781494, -54.6005439758], [5175.77783203, 6119.00634766, 2033.80615234, 554.11315918, 543.143554688, 348.926208496, 567.821716309, 67.7090759277, 229.345016479, 68.4967651367, 289.971832275, 193.017303467, 180.860992432], [1263.3972168, 2033.80615234, 1998.05737305, 800.425170898, 595.994384766, 439.819396973, 525.372741699, 249.092529297, 204.259887695, 127.205757141, 159.745681763, 79.8537216187, 98.7144546509], [114.303459167, 554.11315918, 800.425170898, 875.609924316, 606.124816895, 392.743713379, 340.973052979, 244.312484741, 211.722595215, 95.1283874512, 72.188873291, 35.6216468811, 86.010055542], [447.781097412, 543.143554688, 595.994384766, 606.124816895, 801.340026855, 517.562744141, 439.002075195, 246.368927002, 259.663421631, 104.627670288, 88.4938659668, 18.0820350647, 58.8533058167], [223.096130371, 348.926208496, 439.819396973, 392.743713379, 517.562744141, 559.927185059, 427.912658691, 245.053863525, 168.616958618, 108.2628479, 74.7319869995, 14.1119613647, 17.795419693], [108.194190979, 567.821716309, 525.372741699, 340.973052979, 439.002075195, 427.912658691, 522.139404297, 251.862365723, 227.794631958, 116.65032196, 133.286560059, 31.1839332581, 51.2146263123], [-23.4107646942, 67.7090759277, 249.092529297, 244.312484741, 246.368927002, 245.053863525, 251.862365723, 269.363983154, 165.933609009, 106.01033783, 56.9847183228, 26.8142261505, 22.7794132233], [-266.459777832, 229.345016479, 204.259887695, 211.722595215, 259.663421631, 168.616958618, 227.794631958, 165.933609009, 286.242919922, 122.500083923, 113.173835754, 31.6759338379, 66.514465332], [198.819869995, 68.4967651367, 127.205757141, 95.1283874512, 104.627670288, 108.2628479, 116.65032196, 106.01033783, 122.500083923, 190.716796875, 123.045227051, 78.3451766968, 36.9869422913], [88.657119751, 289.971832275, 159.745681763, 72.188873291, 88.4938659668, 74.7319869995, 133.286560059, 56.9847183228, 113.173835754, 123.045227051, 186.223770142, 96.8832855225, 65.26222229], [372.494781494, 193.017303467, 79.8537216187, 35.6216468811, 18.0820350647, 14.1119613647, 31.1839332581, 26.8142261505, 31.6759338379, 78.3451766968, 96.8832855225, 137.770324707, 79.2318191528], [-54.6005439758, 180.860992432, 98.7144546509, 86.010055542, 58.8533058167, 17.795419693, 51.2146263123, 22.7794132233, 66.514465332, 36.9869422913, 65.26222229, 79.2318191528, 124.175865173]],
        "icov": [[0.000208522658795, -0.000216235828702, 5.86940041103e-05, 0.000136332775583, -0.000384038779885, 0.000160440598847, 6.9794295996e-05, -0.0001347984944, 0.000484774151118, -0.000520675152075, 0.000501399219502, -0.000764253374655, 0.000540053180885], [-0.000216235828702, 0.000514098908752, -0.000378382450435, -8.40906886879e-06, 0.00035011023283, -0.000157222719281, -0.000212811457459, 0.000464508164441, -0.000706924533006, 0.000862153945491, -0.000654090661556, 0.000423673423938, -0.000482784293126], [5.86940041103e-05, -0.000378382450435, 0.00130641250871, -0.000923354120459, -1.35758100441e-05, 0.000374300259864, -0.000796106876805, -0.000142257689731, 0.000772894418333, -0.000581493775826, 0.000127009858261, -2.2462589186e-05, 0.000191954590264], [0.000136332775583, -8.40906886879e-06, -0.000923354120459, 0.00351702538319, -0.00226200814359, -5.49815240447e-06, 0.00107826327439, -0.00140362582169, 0.000372839043848, -0.000187925776117, 0.000415415066527, -6.19179918431e-05, -0.00106674875133], [-0.000384038779885, 0.00035011023283, -1.35758100441e-05, -0.00226200814359, 0.00596152432263, -0.00360932480544, -0.000480194226839, 0.00166012428235, -0.00334760383703, 0.00168448733166, -0.000374877476133, 0.000955115363467, -0.000636953278445], [0.000160440598847, -0.000157222719281, 0.000374300259864, -5.49815240447e-06, -0.00360932480544, 0.00840646959841, -0.00458934856579, -0.00171976501588, 0.00315918377601, -0.00239616422914, 0.00153715966735, -0.000670663488563, 0.00136158114765], [6.9794295996e-05, -0.000212811457459, -0.000796106876805, 0.00107826327439, -0.000480194226839, -0.00458934856579, 0.00921157188714, -0.0032973610796, -0.00152208295185, 0.0020282373298, -0.00405874522403, 0.00202525081113, -0.00103029946331], [-0.0001347984944, 0.000464508164441, -0.000142257689731, -0.00140362582169, 0.00166012428235, -0.00171976501588, -0.0032973610796, 0.0108764991164, -0.00422361306846, -0.00206640851684, 0.0036432929337, -0.00276096654125, 0.00189858837985], [0.000484774151118, -0.000706924533006, 0.000772894418333, 0.000372839043848, -0.00334760383703, 0.00315918377601, -0.00152208295185, -0.00422361306846, 0.0116768656299, -0.00474107963964, -0.00197601155378, 0.00368802598678, -0.00325062684715], [-0.000520675152075, 0.000862153945491, -0.000581493775826, -0.000187925776117, 0.00168448733166, -0.00239616422914, 0.0020282373298, -0.00206640851684, -0.00474107963964, 0.0148461256176, -0.00736488262191, -0.00272622797638, 0.00192304386292], [0.000501399219502, -0.000654090661556, 0.000127009858261, 0.000415415066527, -0.000374877476133, 0.00153715966735, -0.00405874522403, 0.0036432929337, -0.00197601155378, -0.00736488262191, 0.0174562651664, -0.00908492784947, 0.00162197870668], [-0.000764253374655, 0.000423673423938, -2.2462589186e-05, -6.19179918431e-05, 0.000955115363467, -0.000670663488563, 0.00202525081113, -0.00276096654125, 0.00368802598678, -0.00272622797638, -0.00908492784947, 0.0232275016606, -0.0127870645374], [0.000540053180885, -0.000482784293126, 0.000191954590264, -0.00106674875133, -0.000636953278445, 0.00136158114765, -0.00103029946331, 0.00189858837985, -0.00325062684715, 0.00192304386292, 0.00162197870668, -0.0127870645374, 0.0182382911444]]
    },
    "melbands": {
        "dmean": [0.00642873998731, 0.00499009946361, 0.00135275372304, 0.000356160366209, 0.000296187354252, 0.000872945529409, 0.00041347896331, 0.000418330571847, 0.000163712524227, 0.000184864766197, 0.000150445281179, 8.35019163787e-05, 5.6561344536e-05, 3.12602969643e-05, 2.84319721686e-05, 3.0803559639e-05, 2.17548767978e-05, 1.96922883333e-05, 1.69538980117e-05, 1.8643504518e-05, 1.72062136699e-05, 1.3504677554e-05, 1.01844279925e-05, 8.38524920255e-06, 7.61730052545e-06, 6.22471088718e-06, 3.61036154573e-06, 4.40430949311e-06, 5.95591109231e-06, 4.77274215882e-06, 4.25897087553e-06, 4.49611798103e-06, 3.40174301527e-06, 2.69634438155e-06, 5.504413366e-06, 4.71968087368e-06, 2.81732991425e-06, 3.39062694366e-06, 1.92608695215e-06, 2.62307162302e-06],
        "dmean2": [0.00822324119508, 0.00767264142632, 0.00226154434495, 0.000646595901344, 0.000482445117086, 0.00135418598074, 0.000670818262734, 0.000676314521115, 0.000277102837572, 0.000310804345645, 0.000254037964623, 0.000138966395753, 9.48436645558e-05, 5.29837525391e-05, 4.78862275486e-05, 5.15427491337e-05, 3.65682353731e-05, 3.3912845538e-05, 2.94490728265e-05, 3.22672167385e-05, 2.98629056488e-05, 2.30865007325e-05, 1.7449257939e-05, 1.49161105583e-05, 1.36151802508e-05, 1.08462172648e-05, 6.30405020274e-06, 7.92499486124e-06, 1.06967991087e-05, 8.41492692416e-06, 7.27343331164e-06, 7.70802944317e-06, 5.84509234614e-06, 4.5855249482e-06, 9.82576966635e-06, 8.37348397908e-06, 4.90715819979e-06, 5.96696418143e-06, 3.33007392328e-06, 4.49361914434e-06],
        "dvar": [0.000117910967674, 7.12481414666e-05, 1.27973144117e-05, 1.01981186162e-06, 2.09376239013e-07, 2.15898126044e-06, 6.79767083511e-07, 6.92949470249e-07, 1.31186368435e-07, 2.64827434648e-07, 2.48141418524e-07, 4.42856062932e-08, 1.30070922921e-08, 6.85540779699e-09, 9.95083304645e-09, 1.31212836152e-08, 5.28909538389e-09, 2.5055997277e-09, 1.5150103394e-09, 4.37670255593e-09, 2.93720270328e-09, 9.20317211328e-10, 4.57228199746e-10, 2.92099539001e-10, 2.2291349322e-10, 1.35132419143e-10, 4.46621004069e-11, 2.59109372847e-10, 2.28077667863e-10, 1.00858384144e-10, 4.58418407401e-11, 5.12934139607e-11, 6.19205867136e-11, 1.70724458876e-11, 9.27219342972e-11, 6.61865492968e-11, 2.17819876719e-11, 2.88598762943e-11, 8.08182427231e-12, 1.49032175489e-11],
        "dvar2": [0.000170007624547, 0.00015610405535, 3.36087759933e-05, 2.93201651402e-06, 5.31827765826e-07, 4.87715533382e-06, 1.70106591213e-06, 1.71856311226e-06, 3.38632418106e-07, 6.60493924443e-07, 6.32017986391e-07, 1.042090787e-07, 3.25003703949e-08, 1.72705725277e-08, 2.56363641427e-08, 3.10457188846e-08, 1.21255707697e-08, 6.36362429418e-09, 4.06221323246e-09, 1.16955494178e-08, 7.80368480946e-09, 2.35081643041e-09, 1.18764276191e-09, 7.87008236358e-10, 6.07289496468e-10, 3.63037544471e-10, 1.21044230195e-10, 7.49594997185e-10, 6.3603822209e-10, 2.77707329355e-10, 1.2120265902e-10, 1.35510547228e-10, 1.74078848558e-10, 4.52805501427e-11, 2.50525961087e-10, 1.78371595272e-10, 5.84186657382e-11, 7.67321345352e-11, 2.10656474903e-11, 3.82325456016e-11],
        "max": [0.100869610906, 0.0756968185306, 0.0347034856677, 0.0138184186071, 0.00674622273073, 0.0208581574261, 0.0132307270542, 0.0152021870017, 0.0101529415697, 0.0126831289381, 0.0156452283263, 0.0070317494683, 0.00284163677134, 0.0043326979503, 0.00291953794658, 0.00377546274103, 0.00248142937198, 0.00196658726782, 0.00107306963764, 0.00344620225951, 0.00207039364614, 0.00063867791323, 0.00074606918497, 0.00029576124507, 0.000149111860082, 0.000194573512999, 9.48914967012e-05, 0.000282589549897, 0.000188657577382, 0.000135866444907, 8.83873653947e-05, 7.56862427806e-05, 0.00014835629554, 6.63703831378e-05, 9.06235218281e-05, 8.53214005474e-05, 4.45528385171e-05, 5.41451481695e-05, 3.40714977938e-05, 3.54702569894e-05],
        "mean": [0.0116966841742, 0.00806462485343, 0.00133898283821, 0.000338902696967, 0.000424783851486, 0.00106965354644, 0.000510982295964, 0.000593963020947, 0.000210452635656, 0.00021403390565, 0.000155161382281, 8.83321772562e-05, 6.27324188827e-05, 3.41123377439e-05, 3.15345059789e-05, 3.31966293743e-05, 2.12021732295e-05, 1.88856665773e-05, 1.63415879797e-05, 1.69838403963e-05, 1.60057297762e-05, 1.35535192385e-05, 9.81820448942e-06, 6.83136704538e-06, 5.93184040554e-06, 5.13492886967e-06, 3.09035635837e-06, 3.27635211761e-06, 4.31586749983e-06, 3.75670197172e-06, 3.75667491426e-06, 3.91356707041e-06, 2.97891915579e-06, 2.45797696152e-06, 4.02050409321e-06, 3.514357104e-06, 2.28228395827e-06, 2.63278047896e-06, 1.67757889358e-06, 2.19645176003e-06],
