{
"highlevel": {
    "danceability": {
        "all": {
            "danceable": 0.998881220818,
            "not_danceable": 0.00111877184827
        },
        "probability": 0.998881220818,
        "value": "danceable"
    },
    "gender": {
        "all": {
            "female": 0.93848502636,
            "male": 0.0615149959922
        },
        "probability": 0.93848502636,
        "value": "female"
    },
    "genre_electronic": {
        "all": {
            "ambient": 0.0726199522614,
            "dnb": 0.358860701323,
            "house": 0.470333904028,
            "techno": 0.0235658735037,
            "trance": 0.0746195614338
        },
        "probability": 0.470333904028,
        "value": "house"
    },
    "mood_acoustic": {
        "all": {
            "acoustic": 0.00292868283577,
            "not_acoustic": 0.997071325779
        },
        "probability": 0.997071325779,
        "value": "not_acoustic"
    },
    "mood_aggressive": {
        "all": {
            "aggressive": 0.0614144615829,
            "not_aggressive": 0.938585519791
        },
        "probability": 0.938585519791,
        "value": "not_aggressive"
    },
    "mood_electronic": {
        "all": {
            "electronic": 0.729044854641,
            "not_electronic": 0.270955145359
        },
        "probability": 0.729044854641,
        "value": "electronic"
    },
    "mood_happy": {
        "all": {
            "happy": 0.72600787878,
            "not_happy": 0.273992151022
        },
        "probability": 0.72600787878,
        "value": "happy"
    },
    "mood_party": {
        "all": {
            "not_party": 0.239026069641,
            "party": 0.760973930359
        },
        "probability": 0.760973930359,
        "value": "party"
    },
    "mood_relaxed": {
        "all": {
            "not_relaxed": 0.760891020298,
            "relaxed": 0.239108964801
        },
        "probability": 0.760891020298,
        "value": "not_relaxed"
    },
    "mood_sad": {
        "all": {
            "not_sad": 0.918684482574,
            "sad": 0.0813155025244
        },
        "probability": 0.918684482574,
        "value": "not_sad"
    },
    "moods_mirex": {
        "all": {
            "Cluster1": 0.178693234921,
            "Cluster2": 0.200389578938,
            "Cluster3": 0.0844113603234,
            "Cluster4": 0.346445262432,
            "Cluster5": 0.190060555935
        },
        "probability": 0.346445262432,
        "value": "Cluster4"
    },
    "timbre": {
        "all": {
            "bright": 0.00181935401633,
            "dark": 0.998180627823
        },
        "probability": 0.998180627823,
        "value": "dark"
    },
    "tonal_atonal": {
        "all": {
            "atonal": 0.999999940395,
            "tonal": 8.40525729018e-08
        },
        "probability": 0.999999940395,
        "value": "atonal"
    },
    "voice_instrumental": {
        "all": {
            "instrumental": 0.565773785114,
            "voice": 0.434226185083
        },
        "probability": 0.565773785114,
        "value": "instrumental"
    }
},
"lowlevel": {
    "average_loudness": 0.911305367947,
    "barkbands_crest": {
        "dmean": 2.03161716461,
        "dmean2": 3.36738371849,
        "dvar": 7.08670473099,
        "dvar2": 17.1789093018,
        "max": 26.4700698853,
        "mean": 16.830947876,
        "median": 18.5731201172,
        "min": 2.49523591995,
        "stdev": 5.6197924614,
        "var": 31.5820655823
    },
    "barkbands_flatness_db": {
        "dmean": 0.0229827221483,
        "dmean2": 0.034576062113,
        "dvar": 0.000763663847465,
        "dvar2": 0.00156699831132,
        "max": 0.539493918419,
        "mean": 0.228437423706,
        "median": 0.231241673231,
        "min": 0.0392637252808,
        "stdev": 0.0663394629955,
        "var": 0.00440092477947
    },
    "barkbands_kurtosis": {
        "dmean": 7.01723146439,
        "dmean2": 11.0924749374,
        "dvar": 143.379379272,
        "dvar2": 334.678192139,
        "max": 239.180938721,
        "mean": 18.4999237061,
        "median": 9.65336418152,
        "min": -1.96328139305,
        "stdev": 23.8903675079,
        "var": 570.749694824
    },
    "barkbands_skewness": {
        "dmean": 0.729832410812,
        "dmean2": 1.1207818985,
        "dvar": 0.788796901703,
        "dvar2": 1.72652697563,
        "max": 14.4006204605,
        "mean": 3.29058361053,
        "median": 2.87227058411,
        "min": -7.25327825546,
        "stdev": 2.35867929459,
        "var": 5.56336832047
    },
    "barkbands_spread": {
        "dmean": 3.47077655792,
        "dmean2": 5.28425931931,
        "dvar": 21.8490962982,
        "dvar2": 40.328453064,
        "max": 75.5467681885,
        "mean": 12.7831611633,
        "median": 10.3342208862,
        "min": 0.4611094594,
        "stdev": 9.93517112732,
        "var": 98.7076339722
    },
    "dissonance": {
        "dmean": 0.023565961048,
        "dmean2": 0.0404973402619,
        "dvar": 0.000582534587011,
        "dvar2": 0.00164855504408,
        "max": 0.499999940395,
        "mean": 0.461437374353,
        "median": 0.469301730394,
        "min": 0.138476714492,
        "stdev": 0.0320512466133,
        "var": 0.00102728244383
    },
    "dynamic_complexity": 4.33110523224,
    "erbbands_crest": {
        "dmean": 3.0566213131,
        "dmean2": 4.98190641403,
        "dvar": 9.38768577576,
        "dvar2": 22.1358852386,
        "max": 32.5199203491,
        "mean": 11.5085487366,
        "median": 9.81259059906,
        "min": 2.38767528534,
        "stdev": 5.94076681137,
        "var": 35.2927093506
    },
    "erbbands_flatness_db": {
        "dmean": 0.0191546157002,
        "dmean2": 0.0293817985803,
        "dvar": 0.00037427758798,
        "dvar2": 0.000813583785202,
        "max": 0.594393610954,
        "mean": 0.170271828771,
        "median": 0.160062551498,
        "min": 0.0579863972962,
        "stdev": 0.0676463246346,
        "var": 0.0045760255307
    },
    "erbbands_kurtosis": {
        "dmean": 1.3731020689,
        "dmean2": 2.25455546379,
        "dvar": 6.72128009796,
        "dvar2": 18.5365772247,
        "max": 58.2980918884,
        "mean": 1.45432591438,
        "median": 0.631987690926,
        "min": -1.86052072048,
        "stdev": 2.8897562027,
        "var": 8.35069084167
    },
    "erbbands_skewness": {
        "dmean": 0.412955701351,
        "dmean2": 0.648366987705,
        "dvar": 0.203618556261,
        "dvar2": 0.486128747463,
        "max": 4.2663269043,
        "mean": -0.191611021757,
        "median": -0.220988482237,
        "min": -4.5537610054,
        "stdev": 0.853040635586,
        "var": 0.727678358555
    },
    "erbbands_spread": {
        "dmean": 7.63226985931,
        "dmean2": 12.1467370987,
        "dvar": 72.0115737915,
        "dvar2": 167.527328491,
        "max": 150.997756958,
        "mean": 34.1450653076,
        "median": 32.4563980103,
        "min": 0.602964162827,
        "stdev": 16.9642066956,
        "var": 287.784332275
    },
    "hfc": {
        "dmean": 6.72863769531,
        "dmean2": 9.91519737244,
        "dvar": 171.341705322,
        "dvar2": 277.654296875,
        "max": 187.272735596,
        "mean": 21.3778781891,
        "median": 14.4940233231,
        "min": 1.08955925883e-16,
        "stdev": 24.0800285339,
        "var": 579.84777832
    },
    "loudness_ebu128": {
        "integrated": -9.88048458099,
        "loudness_range": 9.85380077362,
        "momentary": {
            "dmean": 0.379715502262,
            "dmean2": 0.476796984673,
            "dvar": 0.529617488384,
            "dvar2": 0.83896958828,
            "max": -6.43911933899,
            "mean": -12.4630937576,
            "median": -9.49070549011,
            "min": -101.461555481,
            "stdev": 8.40561008453,
            "var": 70.6542739868
        },
        "short_term": {
            "dmean": 0.0866966471076,
            "dmean2": 0.0510203801095,
            "dvar": 0.0383617542684,
            "dvar2": 0.043859899044,
            "max": -7.24903249741,
            "mean": -11.7722587585,
            "median": -9.25111103058,
            "min": -59.4163894653,
            "stdev": 5.88517713547,
            "var": 34.635307312
        }
    },
    "melbands_crest": {
        "dmean": 2.49410367012,
        "dmean2": 3.98191213608,
        "dvar": 14.1453266144,
        "dvar2": 27.2215099335,
        "max": 38.0305709839,
        "mean": 25.0593833923,
        "median": 29.5003910065,
        "min": 1.91307854652,
        "stdev": 10.4761533737,
        "var": 109.749794006
    },
    "melbands_flatness_db": {
        "dmean": 0.0231004096568,
        "dmean2": 0.0348268710077,
        "dvar": 0.000874557998031,
        "dvar2": 0.00171136949211,
        "max": 0.565110623837,
        "mean": 0.305017381907,
        "median": 0.31209397316,
        "min": 0.00408373354003,
        "stdev": 0.0758021846414,
        "var": 0.00574597064406
    },
    "melbands_kurtosis": {
        "dmean": 18.4348258972,
        "dmean2": 29.0579967499,
        "dvar": 1163.79431152,
        "dvar2": 2557.2434082,
        "max": 768.678955078,
        "mean": 49.3140678406,
        "median": 25.2626419067,
        "min": -1.8962572813,
        "stdev": 65.0007324219,
        "var": 4225.09472656
    },
    "melbands_skewness": {
        "dmean": 1.09118044376,
        "dmean2": 1.68891751766,
        "dvar": 1.84135460854,
        "dvar2": 3.86462855339,
        "max": 24.8377571106,
        "mean": 5.2681145668,
        "median": 4.48745441437,
        "min": -5.22626924515,
        "stdev": 3.42166233063,
        "var": 11.7077732086
    },
    "melbands_spread": {
        "dmean": 3.80226492882,
        "dmean2": 5.79994487762,
        "dvar": 39.1741294861,
        "dvar2": 80.6433410645,
        "max": 193.798416138,
        "mean": 12.1329879761,
        "median": 7.74358081818,
        "min": 0.496538460255,
        "stdev": 14.985751152,
        "var": 224.572738647
    },
    "pitch_salience": {
        "dmean": 0.0716589540243,
        "dmean2": 0.116400137544,
        "dvar": 0.00888768024743,
        "dvar2": 0.022338790819,
        "max": 0.992157876492,
        "mean": 0.33310765028,
        "median": 0.273562192917,
        "min": 0.0151909533888,
        "stdev": 0.198343411088,
        "var": 0.039340108633
    },
    "silence_rate_20dB": {
        "dmean": 0,
        "dmean2": 0,
        "dvar": 0,
        "dvar2": 0,
        "max": 1,
        "mean": 1,
        "median": 1,
        "min": 1,
        "stdev": 0,
        "var": 0
    },
    "silence_rate_30dB": {
        "dmean": 0.0269042924047,
        "dmean2": 0.0538131967187,
        "dvar": 0.0261803716421,
        "dvar2": 0.0697589144111,
        "max": 1,
        "mean": 0.358207672834,
        "median": 0,
        "min": 0,
        "stdev": 0.479463100433,
        "var": 0.229884877801
    },
    "silence_rate_60dB": {
        "dmean": 0.00993916578591,
        "dmean2": 0.0198800340295,
        "dvar": 0.00984074641019,
        "dvar2": 0.0258272718638,
        "max": 1,
        "mean": 0.0393248796463,
        "median": 0,
        "min": 0,
        "stdev": 0.194366618991,
        "var": 0.0377783812582
    },
    "spectral_centroid": {
        "dmean": 216.422805786,
        "dmean2": 329.010314941,
        "dvar": 67051.53125,
        "dvar2": 142753.6875,
        "max": 11493.5429688,
        "mean": 1282.11071777,
        "median": 1268.90588379,
        "min": 174.806564331,
        "stdev": 642.514404297,
        "var": 412824.75
    },
    "spectral_complexity": {
        "dmean": 3.18156123161,
        "dmean2": 4.73658943176,
        "dvar": 20.970998764,
        "dvar2": 34.1679267883,
        "max": 66,
        "mean": 15.6605548859,
        "median": 13,
        "min": 0,
        "stdev": 10.8633384705,
        "var": 118.012115479
    },
    "spectral_decrease": {
        "dmean": 2.62936561413e-09,
        "dmean2": 4.10107459103e-09,
        "dvar": 1.5271468026e-17,
        "dvar2": 3.82156648906e-17,
        "max": 1.8968534222e-20,
        "mean": -2.40990605249e-08,
        "median": -3.20448094726e-08,
        "min": -6.93692072673e-08,
        "stdev": 1.6807055303e-08,
        "var": 2.82477096989e-16
    },
    "spectral_energy": {
        "dmean": 0.0101159065962,
        "dmean2": 0.01584649086,
        "dvar": 0.000223903771257,
        "dvar2": 0.000563813198823,
        "max": 0.264962613583,
        "mean": 0.0928940996528,
        "median": 0.123435378075,
        "min": 1.02797579819e-20,
        "stdev": 0.0646259114146,
        "var": 0.00417650816962
    },
    "spectral_energyband_high": {
        "dmean": 0.000340853381203,
        "dmean2": 0.000525668088812,
        "dvar": 6.16482736859e-07,
        "dvar2": 1.11437407213e-06,
        "max": 0.0105353593826,
        "mean": 0.000697298441082,
        "median": 0.000172896194272,
        "min": 7.33330105814e-21,
        "stdev": 0.00130396184977,
        "var": 1.70031660218e-06
    },
    "spectral_energyband_low": {
        "dmean": 0.00895757414401,
        "dmean2": 0.0131203113124,
        "dvar": 0.000182165400474,
        "dvar2": 0.000383466569474,
        "max": 0.210482254624,
        "mean": 0.0803443193436,
        "median": 0.107397004962,
        "min": 4.69480691204e-23,
        "stdev": 0.0590735636652,
        "var": 0.00348968594335
    },
    "spectral_energyband_middle_high": {
        "dmean": 0.00316347531043,
        "dmean2": 0.00457053538412,
        "dvar": 3.23135973304e-05,
        "dvar2": 5.97888611082e-05,
        "max": 0.0799064561725,
        "mean": 0.00728179188445,
        "median": 0.00319421174936,
        "min": 1.31070625273e-21,
        "stdev": 0.00977891124785,
        "var": 9.56271032919e-05
    },
    "spectral_energyband_middle_low": {
        "dmean": 0.00384158315137,
        "dmean2": 0.00693347817287,
        "dvar": 0.000102772108221,
        "dvar2": 0.000284961657599,
        "max": 0.13073554635,
        "mean": 0.00505499262363,
        "median": 0.00315565778874,
        "min": 2.43274807699e-22,
        "stdev": 0.00859243702143,
        "var": 7.38299713703e-05
    },
    "spectral_entropy": {
        "dmean": 0.170474216342,
        "dmean2": 0.261463493109,
        "dvar": 0.0395757071674,
        "dvar2": 0.0879699662328,
        "max": 9.81217288971,
        "mean": 7.46289110184,
        "median": 7.58282804489,
        "min": 3.96928262711,
        "stdev": 0.626536846161,
        "var": 0.392548382282
    },
    "spectral_flux": {
        "dmean": 0.0356657356024,
        "dmean2": 0.0531917139888,
        "dvar": 0.00336377648637,
        "dvar2": 0.00562564935535,
        "max": 0.455009043217,
        "mean": 0.0883051529527,
        "median": 0.0529954843223,
        "min": 6.66162888741e-11,
        "stdev": 0.0913705378771,
        "var": 0.00834857579321
    },
    "spectral_kurtosis": {
        "dmean": 1.88734328747,
        "dmean2": 3.22109103203,
        "dvar": 8.85974597931,
        "dvar2": 26.0603599548,
        "max": 115.154518127,
        "mean": 5.46998739243,
        "median": 3.65318512917,
        "min": -1.23966503143,
        "stdev": 8.42901706696,
        "var": 71.048324585
    },
    "spectral_rms": {
        "dmean": 0.000500847760122,
        "dmean2": 0.000788533652667,
        "dvar": 4.61072033886e-07,
        "dvar2": 1.07166351881e-06,
        "max": 0.0160779375583,
        "mean": 0.00839767605066,
        "median": 0.0109738223255,
        "min": 3.16686477389e-12,
        "stdev": 0.00448416452855,
        "var": 2.01077327802e-05
    },
    "spectral_rolloff": {
        "dmean": 208.794235229,
        "dmean2": 355.608154297,
        "dvar": 223342.328125,
        "dvar2": 467590.90625,
        "max": 19573.6816406,
        "mean": 613.596191406,
        "median": 172.265625,
        "min": 43.06640625,
        "stdev": 1223.58959961,
        "var": 1497171.375
    },
    "spectral_skewness": {
        "dmean": 0.220296621323,
        "dmean2": 0.366249710321,
        "dvar": 0.0581784471869,
        "dvar2": 0.159855619073,
        "max": 8.89167690277,
        "mean": 1.65166020393,
        "median": 1.50407385826,
        "min": -0.0513892024755,
        "stdev": 0.720410764217,
        "var": 0.518991708755
    },
    "spectral_spread": {
        "dmean": 593965.25,
        "dmean2": 930902.9375,
        "dvar": 914659475456,
        "dvar2": 2.07668917043e+12,
        "max": 41132708,
        "mean": 4358275,
        "median": 4058351.5,
        "min": 628615.1875,
        "stdev": 1672748.375,
        "var": 2.79808704512e+12
    },
    "spectral_strongpeak": {
        "dmean": 0.183783844113,
        "dmean2": 0.307634115219,
        "dvar": 0.229709759355,
        "dvar2": 0.536970853806,
        "max": 7.89695882797,
        "mean": 0.69684278965,
        "median": 0.577846646309,
        "min": 0,
        "stdev": 0.734781980515,
        "var": 0.539904534817
    },
    "zerocrossingrate": {
        "dmean": 0.00545836612582,
        "dmean2": 0.00683246459812,
        "dvar": 8.03468647064e-05,
        "dvar2": 0.000107228472189,
        "max": 0.79248046875,
        "mean": 0.0299004502594,
        "median": 0.02099609375,
        "min": 0.001953125,
        "stdev": 0.0447627454996,
        "var": 0.00200370349921
    },
    "barkbands": {
        "dmean": [0.00244259415194, 0.0100651914254, 0.00440080137923, 0.0019616605714, 0.00134233711287, 0.000313945871312, 0.000171981097083, 0.000307164824335, 0.000444686826086, 0.00100141658913, 0.000421978911618, 0.000493726402055, 0.00103304791264, 0.000368594744941, 0.000761605915613, 0.000272638193564, 0.000215182255488, 0.000131802240503, 0.000110869528726, 0.0001065686738, 9.02865795069e-05, 6.8532244768e-05, 7.24337005522e-05, 5.26394760527e-05, 4.4017629989e-05, 1.64182110893e-05, 7.95174798895e-07],
        "dmean2": [0.00337227503769, 0.0146850533783, 0.00808104034513, 0.00370203494094, 0.00243370421231, 0.000555074075237, 0.000293977442198, 0.000498274574056, 0.000713778892532, 0.00170638877898, 0.000645913241897, 0.000731541891582, 0.00153702765238, 0.000576819758862, 0.00124021840747, 0.00042650825344, 0.000348394096363, 0.000195606218767, 0.000167369275005, 0.000165229270351, 0.000134202477057, 0.000104667320556, 0.000119453339721, 8.35647369968e-05, 7.39379320294e-05, 2.75211732514e-05, 1.31830427108e-06],
        "dvar": [2.48441319854e-05, 0.000291005009785, 0.00018149803509, 3.99902164645e-05, 1.32055747599e-05, 6.24638573754e-07, 2.83171715409e-07, 7.10080826138e-07, 1.35363268328e-06, 5.04457102579e-06, 1.25609301449e-06, 2.44812986239e-06, 5.4736083257e-06, 1.0621911315e-06, 2.52437166637e-06, 7.81054154686e-07, 5.16977706866e-07, 1.61406731536e-07, 7.84909488516e-08, 8.79287753719e-08, 5.63365958328e-08, 2.57979166918e-08, 2.41540050183e-08, 1.28350121642e-08, 8.53424531044e-09, 1.24683630087e-09, 5.42987660043e-12],
        "dvar2": [3.66555650544e-05, 0.000659272132907, 0.000502272450831, 0.000114483293146, 3.59089572157e-05, 1.70356042872e-06, 7.02378088135e-07, 1.68203860085e-06, 3.05094181385e-06, 1.49604757098e-05, 2.63659967459e-06, 4.83325493406e-06, 1.1467414879e-05, 2.28139879255e-06, 6.42969280307e-06, 2.07730431612e-06, 1.25312192267e-06, 2.81185776885e-07, 1.40272845783e-07, 1.75362757204e-07, 1.08384966779e-07, 4.86778759523e-08, 5.624086441e-08, 2.7553708648e-08, 2.1652155624e-08, 3.18284998357e-09, 1.39265647625e-11],
        "max": [0.0436332710087, 0.185851633549, 0.133798599243, 0.0761606246233, 0.0493226721883, 0.0158954951912, 0.0151149909943, 0.0171679537743, 0.0277390256524, 0.0306809917092, 0.018895085901, 0.0302459821105, 0.0369005352259, 0.0171337164938, 0.0255131870508, 0.0155049050227, 0.0113120591268, 0.00548742199317, 0.00422526244074, 0.00392229063436, 0.00401189504191, 0.00222303066403, 0.00318323005922, 0.00161980825942, 0.00134058808908, 0.000666475389153, 8.88837457751e-05],
        "mean": [0.010500408709, 0.0663006901741, 0.00310121593066, 0.00161621230654, 0.00163349637296, 0.000376340118237, 0.000232528487686, 0.000447213446023, 0.000674211070873, 0.00153085181955, 0.000605082313996, 0.00061977369478, 0.00151177833322, 0.00049394130474, 0.00142176728696, 0.000352569739334, 0.000296437356155, 0.000200693379156, 0.00019813941617, 0.000183058931725, 0.000169169376022, 0.000130644009914, 0.000127573861391, 8.5736552137e-05, 6.175818271e-05, 2.21311329369e-05, 1.03273339391e-06],
        "median": [0.00642366334796, 0.0843060463667, 0.000227641081437, 0.000518482120242, 0.000839645392261, 0.000210678961594, 0.000108911961433, 0.000176880887011, 0.000262750545517, 0.000414955982706, 0.000198286419618, 0.000113210000563, 0.000395450915676, 0.000171069026692, 0.000294531608233, 7.87619210314e-05, 0.000100951896457, 4.75003034808e-05, 6.24311651336e-05, 4.59950097138e-05, 4.69139813504e-05, 3.52638671757e-05, 2.22882335947e-05, 1.48642930071e-05, 9.12608265935e-06, 2.22046173803e-06, 2.92709714245e-08],
        "min": [1.35405450026e-23, 6.70309941751e-24, 5.90005124334e-24, 3.30845482915e-24, 2.11711129196e-23, 1.96800301246e-23, 1.72742031567e-23, 1.30636312538e-23, 4.38357099267e-23, 5.52004534904e-23, 1.61249606132e-23, 2.72548981508e-23, 2.9741110045e-23, 3.90153627436e-23, 8.82715158103e-23, 1.41337292759e-22, 4.72037894269e-23, 1.73435449769e-22, 1.36203676288e-22, 2.20634348258e-22, 3.70036778207e-22, 4.0981962688e-22, 5.4396960162e-22, 6.34188682477e-22, 9.35196748841e-22, 1.4301988132e-21, 2.21327621941e-21],
        "stdev": [0.0122102685273, 0.0517560318112, 0.010587900877, 0.0048640249297, 0.00321783823892, 0.000697662355378, 0.00054706382798, 0.00100349390414, 0.00141648680437, 0.00300491740927, 0.00136389897671, 0.00198736437596, 0.00312047707848, 0.00120272464119, 0.00283852824941, 0.00101410166826, 0.000768302648794, 0.000558778992854, 0.000410240812926, 0.000409241562011, 0.000344018742908, 0.000247581396252, 0.000285798887489, 0.000177607973455, 0.000126961866044, 4.70267295896e-05, 3.2300406474e-06],
        "var": [0.000149090657942, 0.00267868675292, 0.000112103640276, 2.36587384279e-05, 1.03544834928e-05, 4.86732801619e-07, 2.99278809734e-07, 1.00699992345e-06, 2.00643489734e-06, 9.02952797333e-06, 1.86022032267e-06, 3.94961716665e-06, 9.73737678578e-06, 1.44654666201e-06, 8.05724266684e-06, 1.02840215277e-06, 5.90288948388e-07, 3.12233964905e-07, 1.68297532355e-07, 1.67478646063e-07, 1.18348893352e-07, 6.12965536106e-08, 8.16810015181e-08, 3.15445944921e-08, 1.61193138837e-08, 2.21151319479e-09, 1.04331621467e-11]
    },
    "erbbands": {
        "dmean": [0.68649917841, 1.65570294857, 4.73225879669, 5.97156858444, 5.54027700424, 4.5260682106, 2.85297632217, 2.59556555748, 2.49034070969, 2.8692843914, 8.73381900787, 9.40165996552, 9.35020160675, 43.7281761169, 14.5161743164, 23.8924179077, 50.726764679, 17.7431221008, 39.6231575012, 16.0208015442, 14.0269203186, 9.34084033966, 7.8937163353, 5.64039325714, 5.58110570908, 5.31351804733, 3.8767645359, 3.62656879425, 2.56483745575, 2.2124042511, 2.06482458115, 1.42310988903, 0.685792148113, 0.527378201485, 0.292721897364, 0.114696577191, 0.0210137013346, 0.00237356103025, 0.000135832509841, 1.42842218338e-05],
        "dmean2": [0.912928104401, 2.79915952682, 8.3776845932, 11.0564537048, 10.1197957993, 8.1329536438, 5.12037754059, 4.56877374649, 4.34818744659, 4.7671251297, 13.8582372665, 15.166475296, 15.7315883636, 71.5830993652, 20.8533649445, 34.6110687256, 75.833190918, 26.1446075439, 64.6506195068, 25.6340179443, 22.2331600189, 14.3137168884, 11.7406597137, 8.41226863861, 8.52785587311, 8.46417808533, 5.70030641556, 5.32070350647, 4.00195980072, 3.40035247803, 3.46655058861, 2.32472610474, 1.08997964859, 0.88510453701, 0.49033716321, 0.193933621049, 0.0347112417221, 0.00394251476973, 0.000219987123273, 2.230877908e-05],
        "dvar": [1.43333518505, 11.3978567123, 181.010818481, 346.273956299, 288.302703857, 152.973388672, 62.8544197083, 39.1606712341, 53.9465675354, 37.7715492249, 588.467773438, 611.27911377, 377.869689941, 10050.2138672, 1397.12084961, 5178.45898438, 13548.7265625, 2612.23828125, 5940.07324219, 872.929748535, 2281.66723633, 685.847900391, 581.338378906, 253.837036133, 189.796295166, 218.28666687, 105.683929443, 92.9428253174, 38.8609657288, 26.1876583099, 19.0508155823, 9.74879550934, 2.1063387394, 1.17759859562, 0.386451333761, 0.0617013610899, 0.00197804765776, 2.81955690298e-05, 1.45397834217e-07, 4.79878192738e-10],
        "dvar2": [2.45791316032, 29.8233032227, 482.075714111, 981.03918457, 773.691101074, 426.163452148, 171.787094116, 106.639160156, 140.321762085, 96.3448944092, 1357.52160645, 1459.03381348, 1004.02929688, 27312.3203125, 2726.98120117, 10107.0253906, 28646.3398438, 5193.11962891, 15186.3105469, 2058.44213867, 5657.47216797, 1375.69250488, 1042.6796875, 484.743225098, 347.976287842, 478.24420166, 190.414825439, 178.43057251, 77.8065795898, 53.2209815979, 46.2446060181, 22.1662387848, 4.47415161133, 2.98736453056, 0.984333217144, 0.161136865616, 0.00475501362234, 6.91320965416e-05, 3.47941750078e-07, 1.13761722265e-09],
        "max": [9.31388187408, 45.8857460022, 127.736541748, 212.707244873, 337.484649658, 191.200881958, 152.366012573, 118.983978271, 189.341491699, 124.003219604, 498.393676758, 534.10333252, 266.290039062, 1496.65795898, 697.545532227, 1525.20117188, 1852.12341309, 964.457763672, 1224.99841309, 372.261444092, 1025.79211426, 388.341918945, 349.161651611, 236.034927368, 211.914291382, 200.68006897, 152.323791504, 163.086288452, 84.4544067383, 130.374420166, 55.8298912048, 35.8213539124, 24.1857032776, 17.1262340546, 11.3710260391, 4.32086086273, 0.82062536478, 0.0870770290494, 0.0137803731486, 0.000481721246615],
        "mean": [3.53031992912, 8.31995677948, 4.77262067795, 4.63839864731, 5.73841047287, 5.53356409073, 3.33759450912, 3.18204522133, 3.06562876701, 4.67313718796, 13.099852562, 14.4750394821, 16.1748218536, 69.5813064575, 22.6798324585, 33.5343437195, 74.7779541016, 26.3019733429, 76.3333816528, 29.0253562927, 21.2248477936, 14.8367290497, 12.7180700302, 9.42039489746, 10.2646980286, 9.0389547348, 7.17822360992, 6.45149993896, 4.78565740585, 4.48391437531, 3.32737731934, 2.18671560287, 1.16858434677, 0.759786188602, 0.392553687096, 0.144814014435, 0.0316548459232, 0.00347722624429, 0.000235218001762, 0.000110875014798],
        "median": [4.52548599243, 6.60422849655, 0.877972006798, 1.3224196434, 2.7414624691, 2.89757919312, 1.67211723328, 1.80292344093, 1.2392834425, 2.58397221565, 4.743268013, 5.29872512817, 8.13736629486, 16.7839393616, 8.68279457092, 8.66191101074, 20.541601181, 9.66767787933, 22.033946991, 9.07182121277, 5.29038906097, 5.30027580261, 3.65167236328, 2.5383784771, 3.46391749382, 2.14250445366, 2.03259110451, 1.64763021469, 1.21098828316, 1.00370693207, 0.64265692234, 0.387222081423, 0.213887184858, 0.116241775453, 0.0538625493646, 0.0157121680677, 0.00314530637115, 0.000247856543865, 7.4298819527e-05, 0.000139532741741],
        "min": [2.39740786574e-22, 6.35356550026e-22, 7.41150032218e-21, 1.52230878734e-20, 2.12654774582e-20, 6.72058786046e-20, 9.19622440403e-20, 1.66762325677e-19, 2.47257261488e-19, 4.26929834425e-19, 5.21511681917e-19, 9.84772271122e-19, 1.08089562138e-18, 1.52428572961e-18, 2.1762580113e-18, 1.00914090857e-18, 1.54585922037e-18, 1.91571369593e-18, 4.29924600474e-18, 5.00000570914e-18, 6.72845998325e-18, 3.48577053416e-18, 8.35805542082e-18, 7.40245584535e-18, 7.22114281816e-18, 1.0731409479e-17, 1.30998368494e-17, 1.25638602084e-17, 1.30585216594e-17, 1.49945478092e-17, 1.60416492769e-17, 1.46264292756e-17, 9.16459704991e-18, 8.89800831901e-18, 7.51399453351e-18, 4.76284599649e-18, 2.84658181186e-18, 1.14837618858e-18, 3.02363413511e-19, 3.13859692449e-20],
        "stdev": [2.99193358421, 8.29948043823, 11.4575586319, 14.3355321884, 14.7503843307, 10.3568267822, 6.73031044006, 5.65380144119, 7.27005147934, 7.30628347397, 30.1349411011, 29.8733234406, 23.6210460663, 143.482711792, 48.8454780579, 92.2120895386, 153.571090698, 62.5649032593, 135.907867432, 47.4966850281, 62.0359535217, 33.9428634644, 33.208190918, 22.2102832794, 20.3082122803, 19.6391391754, 15.3238458633, 13.6202058792, 9.29970550537, 10.2939453125, 6.55586338043, 4.53579711914, 2.36447143555, 1.53597319126, 0.826518774033, 0.310558378696, 0.0672357678413, 0.00814162008464, 0.000573967117816, 7.96746098786e-05],
        "var": [8.95166683197, 68.8813705444, 131.275650024, 205.507476807, 217.57383728, 107.263870239, 45.297077179, 31.9654693604, 52.8536491394, 53.3817749023, 908.114624023, 892.415466309, 557.953796387, 20587.2871094, 2385.88061523, 8503.06933594, 23584.0800781, 3914.36694336, 18470.9492188, 2255.93505859, 3848.45947266, 1152.11804199, 1102.78405762, 493.296722412, 412.423461914, 385.695770264, 234.820251465, 185.510009766, 86.4845199585, 105.965309143, 42.979347229, 20.5734539032, 5.59072542191, 2.35921359062, 0.683133244514, 0.0964465066791, 0.00452064815909, 6.62859747536e-05, 3.29438250901e-07, 6.34804342425e-09]
    },
    "gfcc": {
        "mean": [-34.5653953552, 105.211395264, -114.489334106, 42.7875404358, -36.4573287964, 36.3978538513, -18.2208042145, 11.3553819656, -10.142996788, 3.39193177223, -11.823800087, -3.33391976357, 1.96885001659],
        "cov": [[19789.0820312, -691.485961914, 799.517456055, 1448.76806641, -168.494384766, 1221.29931641, 618.816894531, 872.465270996, -40.8542175293, 994.973876953, 790.131530762, 738.54675293, -475.586791992], [-691.485961914, 1734.67822266, 63.390209198, 257.667572021, -101.458259583, -543.002258301, -98.7967605591, -338.206237793, 81.4142074585, -346.532836914, -67.7108612061, -315.262908936, 118.029632568], [799.517456055, 63.390209198, 645.94317627, 274.848632812, -100.041648865, 4.35356330872, -2.07052063942, 66.5530700684, -8.60430526733, 49.6422119141, 34.8119354248, 40.6858444214, -84.3509597778], [1448.76806641, 257.667572021, 274.848632812, 490.765777588, -141.616134644, -111.813247681, -14.8154344559, 4.77294921875, 4.43404436111, -20.2527179718, 34.916053772, -24.1742267609, -33.2473983765], [-168.494384766, -101.458259583, -100.041648865, -141.616134644, 284.153594971, 193.987442017, 106.661125183, 49.6006393433, 56.6049842834, 72.1992034912, 44.0356826782, 32.0821304321, 40.0991706848], [1221.29931641, -543.002258301, 4.35356330872, -111.813247681, 193.987442017, 430.479614258, 187.496780396, 188.5262146, 26.247882843, 206.917358398, 121.636009216, 157.578796387, -24.8606433868], [618.816894531, -98.7967605591, -2.07052063942, -14.8154344559, 106.661125183, 187.496780396, 256.077056885, 128.593490601, 74.6416625977, 115.321662903, 140.185348511, 77.6943130493, 4.79960393906], [872.465270996, -338.206237793, 66.5530700684, 4.77294921875, 49.6006393433, 188.5262146, 128.593490601, 195.941589355, 55.7509422302, 136.535415649, 91.3073730469, 110.839080811, -29.6153659821], [-40.8542175293, 81.4142074585, -8.60430526733, 4.43404436111, 56.6049842834, 26.247882843, 74.6416625977, 55.7509422302, 143.712219238, 47.2394218445, 69.4527435303, 1.20447134972, 39.8049049377], [994.973876953, -346.532836914, 49.6422119141, -20.2527179718, 72.1992034912, 206.917358398, 115.321662903, 136.535415649, 47.2394218445, 226.448501587, 153.649200439, 128.811019897, -54.5502090454], [790.131530762, -67.7108612061, 34.8119354248, 34.916053772, 44.0356826782, 121.636009216, 140.185348511, 91.3073730469, 69.4527435303, 153.649200439, 238.565200806, 113.725921631, -45.4493255615], [738.54675293, -315.262908936, 40.6858444214, -24.1742267609, 32.0821304321, 157.578796387, 77.6943130493, 110.839080811, 1.20447134972, 128.811019897, 113.725921631, 151.648086548, -28.9798641205], [-475.586791992, 118.029632568, -84.3509597778, -33.2473983765, 40.0991706848, -24.8606433868, 4.79960393906, -29.6153659821, 39.8049049377, -54.5502090454, -45.4493255615, -28.9798641205, 125.730606079]],
        "icov": [[0.000222176022362, -0.000584573252127, 0.000405882397899, -0.000751599320211, 0.000520587956998, -0.00109809008427, 0.000299255363643, -0.000675810442772, 0.000448789884103, -0.000890055263881, 0.000577627622988, -0.000755844346713, 0.000415296846768], [-0.000584573252127, 0.00376806384884, -0.00172899325844, 0.00154776673298, -0.00209558010101, 0.00435672560707, -0.00186557346024, 0.00392519123852, -0.00210643978789, 0.00419370364398, -0.00367420422845, 0.00425344705582, -0.00183496472891], [0.000405882397899, -0.00172899325844, 0.00326897692867, -0.00253740395419, 0.00139062805101, -0.00260536442511, 0.000906877336092, -0.00198048702441, 0.000499871559441, -0.00227278121747, 0.00254153786227, -0.00299570593052, 0.00230462918989], [-0.000751599320211, 0.00154776673298, -0.00253740395419, 0.00598282506689, -0.000602462503593, 0.00393998809159, -0.000726950354874, 0.000639521633275, -0.000561463064514, 0.00287633389235, -0.0033449830953, 0.00411931006238, -0.00210061087273], [0.000520587956998, -0.00209558010101, 0.00139062805101, -0.000602462503593, 0.00868944544345, -0.00702020153403, 0.000216139378608, -0.000133152701892, -0.00078513158951, -0.00289224623702, 0.00202083424665, -0.000968219770584, 1.20488930406e-05], [-0.00109809008427, 0.00435672560707, -0.00260536442511, 0.00393998809159, -0.00702020153403, 0.0153518654406, -0.00450646271929, 0.00110260874499, 0.000358029152267, 0.00176282331813, -0.00274787214585, 0.0027651952114, -0.00294779846445], [0.000299255363643, -0.00186557346024, 0.000906877336092, -0.000726950354874, 0.000216139378608, -0.00450646271929, 0.0107046151534, -0.00714109186083, 0.00191072560847, -0.000572431192268, -0.00435175653547, 0.00208747247234, -0.00169644586276], [-0.000675810442772, 0.00392519123852, -0.00198048702441, 0.000639521633275, -0.000133152701892, 0.00110260874499, -0.00714109186083, 0.0231488905847, -0.0114477388561, 0.00247250450775, 0.00381485396065, -0.00656213192269, 0.00314850825816], [0.000448789884103, -0.00210643978789, 0.000499871559441, -0.000561463064514, -0.00078513158951, 0.000358029152267, 0.00191072560847, -0.0114477388561, 0.0187047049403, -0.00588577101007, -0.0058076614514, 0.00821109116077, -0.00726843252778], [-0.000890055263881, 0.00419370364398, -0.00227278121747, 0.00287633389235, -0.00289224623702, 0.00176282331813, -0.000572431192268, 0.00247250450775, -0.00588577101007, 0.0206948183477, -0.00847023632377, 0.000535071594641, 0.00171113200486], [0.000577627622988, -0.00367420422845, 0.00254153786227, -0.0033449830953, 0.00202083424665, -0.00274787214585, -0.00435175653547, 0.00381485396065, -0.0058076614514, -0.00847023632377, 0.0196675751358, -0.0157835930586, 0.00796667952091], [-0.000755844346713, 0.00425344705582, -0.00299570593052, 0.00411931006238, -0.000968219770584, 0.0027651952114, 0.00208747247234, -0.00656213192269, 0.00821109116077, 0.000535071594641, -0.0157835930586, 0.0311503075063, -0.00943526625633], [0.000415296846768, -0.00183496472891, 0.00230462918989, -0.00210061087273, 1.20488930406e-05, -0.00294779846445, -0.00169644586276, 0.00314850825816, -0.00726843252778, 0.00171113200486, 0.00796667952091, -0.00943526625633, 0.0162058901042]]
    },
    "melbands": {
        "dmean": [0.00413198349997, 0.00198562815785, 0.00100570253562, 0.000342174258549, 0.000115659539006, 5.74006371608e-05, 3.68204964616e-05, 3.50582595274e-05, 7.81792914495e-05, 5.75081758143e-05, 4.75377819384e-05, 0.00018317035574, 5.10408281116e-05, 5.6472425058e-05, 0.000101353412902, 8.06372627267e-05, 3.21333063766e-05, 5.83708533668e-05, 4.9800684792e-05, 1.69484828803e-05, 1.75027853402e-05, 1.0088907402e-05, 1.04298051156e-05, 6.02617137702e-06, 4.66082974526e-06, 4.87030411023e-06, 3.50802520188e-06, 3.78198046747e-06, 2.72565330306e-06, 1.96893779503e-06, 2.42891496782e-06, 1.60598142429e-06, 1.26469910811e-06, 1.35942275392e-06, 1.24625285025e-06, 1.14623344416e-06, 8.11798315681e-07, 4.94249263738e-07, 4.61835014676e-07, 4.63586985688e-07],
        "dmean2": [0.00560157652944, 0.00329653546214, 0.00184154277667, 0.000623577274382, 0.000206645243452, 0.000101197532786, 6.39575082459e-05, 5.80753294344e-05, 0.000124041835079, 9.31538743316e-05, 7.96260719653e-05, 0.000302314874716, 7.39651732147e-05, 8.54203972267e-05, 0.000153743603732, 0.000118830692372, 4.84367228637e-05, 9.53216585913e-05, 8.07810283732e-05, 2.61194327322e-05, 2.87135571853e-05, 1.57418962772e-05, 1.61709922395e-05, 9.33300361794e-06, 7.02779379935e-06, 7.72534895077e-06, 5.44490603716e-06, 6.11069435763e-06, 3.99030341214e-06, 2.99868588627e-06, 3.61370371138e-06, 2.54038263847e-06, 1.98975499188e-06, 2.11963902075e-06, 2.10039570447e-06, 1.94988047042e-06, 1.3197637827e-06, 7.72103589952e-07, 7.71624513618e-07, 7.80259597377e-07],
        "dvar": [4.75199231005e-05, 2.29556681006e-05, 9.18940077099e-06, 8.96342726264e-07, 1.02834810889e-07, 1.92283060585e-08, 1.32122766061e-08, 6.19086559794e-09, 4.93202563234e-08, 2.06322141594e-08, 9.92836568514e-09, 1.7576753919e-07, 1.59626658558e-08, 3.61562584317e-08, 5.21722398616e-08, 3.6094288447e-08, 1.03015747044e-08, 1.16808189787e-08, 1.14292149078e-08, 2.26799823366e-09, 4.41046799082e-09, 1.00714903084e-09, 8.71481997677e-10, 3.24908711047e-10, 1.71068714749e-10, 1.46837694781e-10, 8.3145330898e-11, 1.10012922383e-10, 4.89114720947e-11, 2.6958529159e-11, 4.18510226474e-11, 1.52118994484e-11, 7.67716879652e-12, 1.2474504936e-11, 6.74266632111e-12, 6.02296294436e-12, 3.18059077339e-12, 1.2096736373e-12, 8.74406070554e-13, 9.23624241325e-13],
        "dvar2": [9.2301692348e-05, 5.57356179343e-05, 2.56333914876e-05, 2.47114780905e-06, 2.78677219967e-07, 5.25072714197e-08, 3.35798411299e-08, 1.62022040229e-08, 1.11027659955e-07, 4.95712839665e-08, 2.62032902043e-08, 4.85722125632e-07, 2.94822122271e-08, 7.41115826486e-08, 1.14256458517e-07, 7.41734993426e-08, 2.11247517257e-08, 2.94867099626e-08, 2.87784107655e-08, 5.0886526104e-09, 1.10412168297e-08, 2.24642193736e-09, 1.6603961539e-09, 5.97075333619e-10, 3.53448159629e-10, 2.8959140641e-10, 1.69893224489e-10, 2.49280873721e-10, 8.8920981689e-11, 5.50616774397e-11, 8.44372627373e-11, 3.20216596295e-11, 1.58696215891e-11, 2.75287206225e-11, 1.65341178249e-11, 1.47225252822e-11, 7.32589683361e-12, 2.49545349662e-12, 2.15114905056e-12, 2.40497032011e-12],
        "max": [0.0618886463344, 0.0490086004138, 0.0344628766179, 0.0133597720414, 0.00627770042047, 0.00262965355068, 0.00315563892946, 0.0013515810715, 0.00399455893785, 0.00289084739052, 0.00133725267369, 0.00594178261235, 0.00239645689726, 0.0036817858927, 0.00332799018361, 0.00271668611094, 0.00182975979988, 0.00156111177057, 0.00164552521892, 0.00100839301012, 0.0014818070922, 0.000467033591121, 0.000534643302672, 0.000260255124886, 0.000197048226255, 0.000179831782589, 0.000143188022776, 0.000147240236402, 0.00012050101941, 7.79314868851e-05, 0.000113459071144, 6.05781242484e-05, 4.06985454902e-05, 9.67577652773e-05, 3.56160817319e-05, 3.12041993311e-05, 2.30889618251e-05, 2.129427412e-05, 1.41221062222e-05, 1.51322337842e-05],
        "mean": [0.0239188559353, 0.00477518606931, 0.000842239765916, 0.000406116218073, 0.00014276112779, 7.07549770596e-05, 4.65913435619e-05, 5.56659069844e-05, 0.000117030336696, 8.76942358445e-05, 7.64515571063e-05, 0.000288631621515, 7.91342317825e-05, 7.03221303411e-05, 0.000149999177665, 0.00011492890917, 4.18446397816e-05, 0.000109639193397, 9.0490837465e-05, 2.17807300942e-05, 2.47487751039e-05, 1.43532452057e-05, 1.58516013471e-05, 9.09379377845e-06, 7.12665314495e-06, 8.22915262688e-06, 6.10679717283e-06, 5.95171559326e-06, 4.66535811938e-06, 3.57822250407e-06, 3.92885021938e-06, 2.7592659535e-06, 2.2971269118e-06, 2.65906965069e-06, 1.96991459234e-06, 1.58005627782e-06, 1.21990035495e-06, 8.17966054001e-07, 7.15500220849e-07, 6.21566755399e-07],
