{
"highlevel": {
    "danceability": {
        "all": {
            "danceable": 0.999998927116,
            "not_danceable": 1.06483116724e-06
        },
        "probability": 0.999998927116,
        "value": "danceable"
    },
    "gender": {
        "all": {
            "female": 0.0490079298615,
            "male": 0.950992047787
        },
        "probability": 0.950992047787,
        "value": "male"
    },
    "genre_electronic": {
        "all": {
            "ambient": 0.0400904156268,
            "dnb": 0.0246783643961,
            "house": 0.416627049446,
            "techno": 0.362845897675,
            "trance": 0.155758261681
        },
        "probability": 0.416627049446,
        "value": "house"
    },
    "mood_acoustic": {
        "all": {
            "acoustic": 0.00171374215279,
            "not_acoustic": 0.998286247253
        },
        "probability": 0.998286247253,
        "value": "not_acoustic"
    },
    "mood_aggressive": {
        "all": {
            "aggressive": 0.0108973253518,
            "not_aggressive": 0.98910266161
        },
        "probability": 0.98910266161,
        "value": "not_aggressive"
    },
    "mood_electronic": {
        "all": {
            "electronic": 0.938595294952,
            "not_electronic": 0.0614047273993
        },
        "probability": 0.938595294952,
        "value": "electronic"
    },
    "mood_happy": {
        "all": {
            "happy": 0.00705618364736,
            "not_happy": 0.992943823338
        },
        "probability": 0.992943823338,
        "value": "not_happy"
    },
    "mood_party": {
        "all": {
            "not_party": 0.0397506318986,
            "party": 0.960249364376
        },
        "probability": 0.960249364376,
        "value": "party"
    },
    "mood_relaxed": {
        "all": {
            "not_relaxed": 0.0959579721093,
            "relaxed": 0.904042005539
        },
        "probability": 0.904042005539,
        "value": "relaxed"
    },
    "mood_sad": {
        "all": {
            "not_sad": 0.985925376415,
            "sad": 0.0140746049583
        },
        "probability": 0.985925376415,
        "value": "not_sad"
    },
    "moods_mirex": {
        "all": {
            "Cluster1": 0.0180976707488,
            "Cluster2": 0.147579520941,
            "Cluster3": 0.0115053392947,
            "Cluster4": 0.801968336105,
            "Cluster5": 0.02084916085
        },
        "probability": 0.801968336105,
        "value": "Cluster4"
    },
    "timbre": {
        "all": {
            "bright": 0.00111857929733,
            "dark": 0.998881399632
        },
        "probability": 0.998881399632,
        "value": "dark"
    },
    "tonal_atonal": {
        "all": {
            "atonal": 1,
            "tonal": 1.6389986035e-09
        },
        "probability": 1,
        "value": "atonal"
    },
    "voice_instrumental": {
        "all": {
            "instrumental": 0.00590677047148,
            "voice": 0.994093239307
        },
        "probability": 0.994093239307,
        "value": "voice"
    }
},
"lowlevel": {
    "average_loudness": 0.955372512341,
    "barkbands_crest": {
        "dmean": 2.6986413002,
        "dmean2": 4.23898172379,
        "dvar": 15.8313360214,
        "dvar2": 36.0813522339,
        "max": 26.4972667694,
        "mean": 18.0009937286,
        "median": 21.8353843689,
        "min": 2.18407082558,
        "stdev": 7.06816244125,
        "var": 49.9589195251
    },
    "barkbands_flatness_db": {
        "dmean": 0.0810347422957,
        "dmean2": 0.103026345372,
        "dvar": 0.00748376594856,
        "dvar2": 0.0153570491821,
        "max": 1,
        "mean": 0.299123257399,
        "median": 0.260757744312,
        "min": 0.0242530591786,
        "stdev": 0.19832162559,
        "var": 0.0393314696848
    },
    "barkbands_kurtosis": {
        "dmean": 107.989883423,
        "dmean2": 177.429092407,
        "dvar": 45533.3828125,
        "dvar2": 117143.960938,
        "max": 1714.01599121,
        "mean": 107.455276489,
        "median": 16.0736675262,
        "min": -1.93597888947,
        "stdev": 212.412628174,
        "var": 45119.125
    },
    "barkbands_skewness": {
        "dmean": 3.26107430458,
        "dmean2": 4.9475646019,
        "dvar": 21.0224094391,
        "dvar2": 52.1771583557,
        "max": 30.0780143738,
        "mean": 5.07152080536,
        "median": 3.17770934105,
        "min": -8.01848220825,
        "stdev": 5.90633964539,
        "var": 34.8848495483
    },
    "barkbands_spread": {
        "dmean": 8.89116382599,
        "dmean2": 13.4440507889,
        "dvar": 217.466247559,
        "dvar2": 412.519744873,
        "max": 112.518867493,
        "mean": 15.8997125626,
        "median": 8.56325912476,
        "min": 0.0604519210756,
        "stdev": 19.9840145111,
        "var": 399.360809326
    },
    "dissonance": {
        "dmean": 0.0302610695362,
        "dmean2": 0.0503934323788,
        "dvar": 0.00135428272188,
        "dvar2": 0.00363923539408,
        "max": 0.500000059605,
        "mean": 0.455406248569,
        "median": 0.470735549927,
        "min": 0.0893101319671,
        "stdev": 0.0461067333817,
        "var": 0.00212583085522
    },
    "dynamic_complexity": 2.42569327354,
    "erbbands_crest": {
        "dmean": 3.52319955826,
        "dmean2": 5.51664876938,
        "dvar": 13.3008537292,
        "dvar2": 28.9086666107,
        "max": 27.0022678375,
        "mean": 11.8571777344,
        "median": 10.5899438858,
        "min": 2.38839244843,
        "stdev": 5.68554973602,
        "var": 32.3254737854
    },
    "erbbands_flatness_db": {
        "dmean": 0.0399620272219,
        "dmean2": 0.0577278397977,
        "dvar": 0.00230556749739,
        "dvar2": 0.00458197528496,
        "max": 0.565874397755,
        "mean": 0.173565924168,
        "median": 0.147405177355,
        "min": 0.0491970330477,
        "stdev": 0.0911310613155,
        "var": 0.0083048697561
    },
    "erbbands_kurtosis": {
        "dmean": 11.9613618851,
        "dmean2": 20.3658123016,
        "dvar": 1981.88476562,
        "dvar2": 4611.76025391,
        "max": 518.65045166,
        "mean": 15.3762836456,
        "median": 0.77366232872,
        "min": -1.97031259537,
        "stdev": 58.7633972168,
        "var": 3453.13696289
    },
    "erbbands_skewness": {
        "dmean": 1.1770914793,
        "dmean2": 1.74487805367,
        "dvar": 3.56733369827,
        "dvar2": 7.88917160034,
        "max": 16.9112262726,
        "mean": 1.12058591843,
        "median": 0.473644435406,
        "min": -5.35497236252,
        "stdev": 2.65025281906,
        "var": 7.02383995056
    },
    "erbbands_spread": {
        "dmean": 24.5705680847,
        "dmean2": 37.6526451111,
        "dvar": 991.792175293,
        "dvar2": 2048.08422852,
        "max": 250.627685547,
        "mean": 51.619934082,
        "median": 36.4656257629,
        "min": 0.395724743605,
        "stdev": 45.2162284851,
        "var": 2044.50744629
    },
    "hfc": {
        "dmean": 18.2834377289,
        "dmean2": 28.3993453979,
        "dvar": 782.818054199,
        "dvar2": 1937.26000977,
        "max": 236.044616699,
        "mean": 30.6013412476,
        "median": 16.4858703613,
        "min": 1.09166089316e-16,
        "stdev": 33.3728218079,
        "var": 1113.74511719
    },
    "loudness_ebu128": {
        "integrated": -9.24031257629,
        "loudness_range": 2.82355594635,
        "momentary": {
            "dmean": 0.393957406282,
            "dmean2": 0.595121085644,
            "dvar": 4.81262683868,
            "dvar2": 4.81325244904,
            "max": -7.21276378632,
            "mean": -10.7454566956,
            "median": -8.95496463776,
            "min": -300.691009521,
            "stdev": 18.5004787445,
            "var": 342.267730713
        },
        "short_term": {
            "dmean": 0.067853435874,
            "dmean2": 0.0847923085093,
            "dvar": 0.0209137182683,
            "dvar2": 0.0120491804555,
            "max": -7.44040346146,
            "mean": -9.48424911499,
            "median": -8.94132804871,
            "min": -33.269821167,
            "stdev": 1.64813625813,
            "var": 2.71635317802
        }
    },
    "melbands_crest": {
        "dmean": 3.2861058712,
        "dmean2": 5.0830783844,
        "dvar": 24.1759052277,
        "dvar2": 51.7789649963,
        "max": 39.4613380432,
        "mean": 26.6818504333,
        "median": 32.4826774597,
        "min": 1.49640119076,
        "stdev": 10.4406900406,
        "var": 109.008010864
    },
    "melbands_flatness_db": {
        "dmean": 0.0914997383952,
        "dmean2": 0.116445228457,
        "dvar": 0.00914890132844,
        "dvar2": 0.01899904944,
        "max": 1,
        "mean": 0.397679567337,
        "median": 0.371169775724,
        "min": 0.00296194641851,
        "stdev": 0.230723723769,
        "var": 0.0532334335148
    },
    "melbands_kurtosis": {
        "dmean": 219.312057495,
        "dmean2": 340.442108154,
        "dvar": 199319.078125,
        "dvar2": 484449.9375,
        "max": 4042.85522461,
        "mean": 250.124160767,
        "median": 45.8117446899,
        "min": -1.84792876244,
        "stdev": 498.037780762,
        "var": 248041.640625
    },
    "melbands_skewness": {
        "dmean": 4.10015487671,
        "dmean2": 6.00866031647,
        "dvar": 34.5174064636,
        "dvar2": 76.5508499146,
        "max": 49.5518798828,
        "mean": 8.40624809265,
        "median": 5.09216451645,
        "min": -2.63866734505,
        "stdev": 8.67725849152,
        "var": 75.2948074341
    },
    "melbands_spread": {
        "dmean": 9.3774433136,
        "dmean2": 15.6507368088,
        "dvar": 556.833007812,
        "dvar2": 1474.86633301,
        "max": 291.070343018,
        "mean": 14.9049282074,
        "median": 4.06246995926,
        "min": 0.0513545647264,
        "stdev": 25.2952728271,
        "var": 639.850830078
    },
    "pitch_salience": {
        "dmean": 0.0939508005977,
        "dmean2": 0.14393901825,
        "dvar": 0.0180820785463,
        "dvar2": 0.0420377515256,
        "max": 0.908591449261,
        "mean": 0.304052054882,
        "median": 0.235261961818,
        "min": 0.00441010203212,
        "stdev": 0.236028179526,
        "var": 0.0557093024254
    },
    "silence_rate_20dB": {
        "dmean": 0,
        "dmean2": 0,
        "dvar": 0,
        "dvar2": 0,
        "max": 1,
        "mean": 1,
        "median": 1,
        "min": 1,
        "stdev": 0,
        "var": 0
    },
    "silence_rate_30dB": {
        "dmean": 0.148825064301,
        "dmean2": 0.297664016485,
        "dvar": 0.126670464873,
        "dvar2": 0.234772026539,
        "max": 1,
        "mean": 0.480022370815,
        "median": 0,
        "min": 0,
        "stdev": 0.499602794647,
        "var": 0.249602943659
    },
    "silence_rate_60dB": {
        "dmean": 0.0160387922078,
        "dmean2": 0.0320790782571,
        "dvar": 0.0157755538821,
        "dvar2": 0.0364610180259,
        "max": 1,
        "mean": 0.0251293759793,
        "median": 0,
        "min": 0,
        "stdev": 0.156535372138,
        "var": 0.0245033223182
    },
    "spectral_centroid": {
        "dmean": 510.448425293,
        "dmean2": 752.065490723,
        "dvar": 408770.5625,
        "dvar2": 755235.1875,
        "max": 11905.4326172,
        "mean": 1205.52282715,
        "median": 971.900695801,
        "min": 42.5009765625,
        "stdev": 1230.36108398,
        "var": 1513788.375
    },
    "spectral_complexity": {
        "dmean": 5.39369630814,
        "dmean2": 8.16533756256,
        "dvar": 48.1263046265,
        "dvar2": 92.5150680542,
        "max": 63,
        "mean": 13.0483942032,
        "median": 9,
        "min": 0,
        "stdev": 12.6308269501,
        "var": 159.537780762
    },
    "spectral_decrease": {
        "dmean": 7.53883355742e-09,
        "dmean2": 8.95172824755e-09,
        "dvar": 6.14221838886e-17,
        "dvar2": 1.4864921328e-16,
        "max": 2.2276054442e-28,
        "mean": -2.65775064179e-08,
        "median": -2.70568243366e-08,
        "min": -7.90069307754e-08,
        "stdev": 1.78504873105e-08,
        "var": 3.18639871653e-16
    },
    "spectral_energy": {
        "dmean": 0.028768690303,
        "dmean2": 0.0345409028232,
        "dvar": 0.000891984032933,
        "dvar2": 0.002234315034,
        "max": 0.30167645216,
        "mean": 0.103085383773,
        "median": 0.105096541345,
        "min": 1.01029295467e-20,
        "stdev": 0.0669811964035,
        "var": 0.00448648026213
    },
    "spectral_energyband_high": {
        "dmean": 0.00166811211966,
        "dmean2": 0.0026070503518,
        "dvar": 1.17437339213e-05,
        "dvar2": 2.9068074582e-05,
        "max": 0.0305066891015,
        "mean": 0.00194923207164,
        "median": 0.00039141747402,
        "min": 6.95106768254e-21,
        "stdev": 0.00363001460209,
        "var": 1.31770057124e-05
    },
    "spectral_energyband_low": {
        "dmean": 0.0251877680421,
        "dmean2": 0.0272470470518,
        "dvar": 0.00063185649924,
        "dvar2": 0.00102377065923,
        "max": 0.239962339401,
        "mean": 0.0890170112252,
        "median": 0.0910195782781,
        "min": 1.78729564723e-23,
        "stdev": 0.0703378692269,
        "var": 0.00494741555303
    },
    "spectral_energyband_middle_high": {
        "dmean": 0.00246204179712,
        "dmean2": 0.00388212502003,
        "dvar": 1.77230722329e-05,
        "dvar2": 4.07004008594e-05,
        "max": 0.0525542199612,
        "mean": 0.00430547725409,
        "median": 0.000665415020194,
        "min": 1.21207405236e-21,
        "stdev": 0.00695525668561,
        "var": 4.83755939058e-05
    },
    "spectral_energyband_middle_low": {
        "dmean": 0.00775884371251,
        "dmean2": 0.014043642208,
        "dvar": 0.000442162767285,
        "dvar2": 0.00127016438637,
        "max": 0.167219057679,
        "mean": 0.00956717971712,
        "median": 0.00298733799718,
        "min": 1.60000744656e-22,
        "stdev": 0.0168346408755,
        "var": 0.000283405126538
    },
    "spectral_entropy": {
        "dmean": 0.519512832165,
        "dmean2": 0.752608716488,
        "dvar": 0.472518652678,
        "dvar2": 0.959879457951,
        "max": 9.82828140259,
        "mean": 7.24252080917,
        "median": 7.72467517853,
        "min": 2.31792926788,
        "stdev": 1.29962158203,
        "var": 1.68901610374
    },
    "spectral_flux": {
        "dmean": 0.0534459166229,
        "dmean2": 0.0810747817159,
        "dvar": 0.00478363037109,
        "dvar2": 0.00868082698435,
        "max": 0.509846568108,
        "mean": 0.107538670301,
        "median": 0.0773914754391,
        "min": 6.2947307089e-11,
        "stdev": 0.0907868072391,
        "var": 0.00824224483222
    },
    "spectral_kurtosis": {
        "dmean": 11.0558519363,
        "dmean2": 16.979467392,
        "dvar": 743.798583984,
        "dvar2": 1552.48376465,
        "max": 400.939331055,
        "mean": 17.3069438934,
        "median": 3.22946357727,
        "min": -1.561860919,
        "stdev": 43.4857292175,
        "var": 1891.00866699
    },
    "spectral_rms": {
        "dmean": 0.00151594623458,
        "dmean2": 0.00181048945524,
        "dvar": 2.26811744142e-06,
        "dvar2": 5.03704495713e-06,
        "max": 0.0171557124704,
        "mean": 0.00928212143481,
        "median": 0.0101258680224,
        "min": 3.13950905204e-12,
        "stdev": 0.00379658467136,
        "var": 1.4414054931e-05
    },
    "spectral_rolloff": {
        "dmean": 704.120483398,
        "dmean2": 1248.29077148,
        "dvar": 3306071.75,
        "dvar2": 7691339,
        "max": 19573.6816406,
        "mean": 1061.33569336,
        "median": 64.599609375,
        "min": 21.533203125,
        "stdev": 2292.70141602,
        "var": 5256479.5
    },
    "spectral_skewness": {
        "dmean": 0.853365182877,
        "dmean2": 1.26265740395,
        "dvar": 1.95861828327,
        "dvar2": 3.83819746971,
        "max": 17.7899513245,
        "mean": 2.3965523243,
        "median": 1.53934037685,
        "min": -0.629785895348,
        "stdev": 2.58683681488,
        "var": 6.69172430038
    },
    "spectral_spread": {
        "dmean": 1624917.25,
        "dmean2": 2276329.5,
        "dvar": 3.87192612454e+12,
        "dvar2": 6.33000584806e+12,
        "max": 42530756,
        "mean": 6368592.5,
        "median": 5729031,
        "min": 212346.4375,
        "stdev": 4470943,
        "var": 1.99893314437e+13
    },
    "spectral_strongpeak": {
        "dmean": 0.305087417364,
        "dmean2": 0.44826990366,
        "dvar": 0.390971124172,
        "dvar2": 1.04324698448,
        "max": 11.243806839,
        "mean": 0.955734550953,
        "median": 0.853337585926,
        "min": 0,
        "stdev": 0.819144546986,
        "var": 0.670997798443
    },
    "zerocrossingrate": {
        "dmean": 0.0157990679145,
        "dmean2": 0.0189694538713,
        "dvar": 0.000513046747074,
        "dvar2": 0.000679648364894,
        "max": 0.53662109375,
        "mean": 0.0432975850999,
        "median": 0.02001953125,
        "min": 0,
        "stdev": 0.0569895990193,
        "var": 0.00324781425297
    },
    "barkbands": {
        "dmean": [0.00253093685023, 0.0219953041524, 0.00449636159465, 0.00430121086538, 0.00211363425478, 0.000384629500331, 0.000462076597614, 0.000357077718945, 0.000995644135401, 0.000271525874268, 0.000162314259796, 0.00047905446263, 0.000771604944021, 0.000524547707755, 0.000305688998196, 0.000169401741005, 0.000162346463185, 0.000115372728033, 0.00011076858209, 0.000114582937385, 0.000233886530623, 0.000376637734007, 0.00042604590999, 0.000162442447618, 0.000365645100828, 0.000180374961928, 1.11282606667e-05],
        "dmean2": [0.00290279136971, 0.0191488973796, 0.00816773343831, 0.00816784240305, 0.00362361082807, 0.00067433383083, 0.00082848983584, 0.000619416707195, 0.00144397653639, 0.000460251845652, 0.000280770385871, 0.000765482429415, 0.00114916928578, 0.0008633636171, 0.000482713861857, 0.000274072372122, 0.000290490715997, 0.000190909355297, 0.000190002523595, 0.000195909829927, 0.00038722663885, 0.000612468807958, 0.00070739549119, 0.000255691993516, 0.000510610756464, 0.000272357050562, 1.86993129319e-05],
        "dvar": [7.70760925661e-06, 0.000462042837171, 0.000206029319088, 0.000212863989873, 2.60445322056e-05, 8.61282160258e-07, 1.28973840674e-06, 5.74489490646e-07, 4.18099352828e-06, 2.81893733245e-07, 1.29099646529e-07, 1.20947572668e-06, 2.47547473009e-06, 1.10498456252e-06, 3.55020205234e-07, 1.18852213404e-07, 2.02830918283e-07, 5.03896409043e-08, 4.12042560072e-08, 5.73783474067e-08, 1.50267794652e-07, 1.1008189631e-06, 1.49666038851e-06, 1.24549089264e-07, 4.45111879799e-07, 9.29223133994e-08, 6.28120777613e-10],
        "dvar2": [1.22447063404e-05, 0.000437959854025, 0.000562437577173, 0.00061895896215, 7.28322702344e-05, 2.35306038121e-06, 3.59869227395e-06, 1.45963292653e-06, 8.87921851245e-06, 7.74870727582e-07, 3.62520523822e-07, 3.2547804949e-06, 5.42518273505e-06, 2.78774768958e-06, 8.5772995817e-07, 2.96694565805e-07, 5.69097039715e-07, 1.17510019493e-07, 1.04884577468e-07, 1.43298564126e-07, 3.70503357772e-07, 2.74513513432e-06, 3.85417615689e-06, 3.22171047173e-07, 7.73709530222e-07, 2.09416000985e-07, 1.66143421243e-09],
        "max": [0.0260079875588, 0.218174949288, 0.0898948758841, 0.120230183005, 0.0591373294592, 0.0518647171557, 0.0297100599855, 0.020397098735, 0.0287083927542, 0.00682557234541, 0.0106027116999, 0.0274193026125, 0.025267990306, 0.0136254886165, 0.0117909880355, 0.00516175897792, 0.0097777787596, 0.00340651744045, 0.00236719357781, 0.00423228787258, 0.00432917056605, 0.00991375092417, 0.0134409898892, 0.00369330612011, 0.00673765316606, 0.00301025318913, 0.000432871398516],
        "mean": [0.00739751756191, 0.0768851712346, 0.00303271412849, 0.00289771449752, 0.00317361252382, 0.000452680775197, 0.000483338400954, 0.000399471260607, 0.00204227888025, 0.000349360110704, 0.00017273784033, 0.000801916350611, 0.00117195921484, 0.000747031532228, 0.000425528152846, 0.000206944387173, 0.000152997759869, 0.000146021789988, 0.000129252366605, 0.000133875000756, 0.000237690779613, 0.000339930411428, 0.000358925113687, 0.000205358577659, 0.000506825221237, 0.000224298317335, 1.01968153103e-05],
        "median": [0.00716737890616, 0.0715225562453, 0.000225874173339, 0.000547466799617, 0.000568388961256, 0.00012939707085, 7.81871931395e-05, 7.22697004676e-05, 0.000246439973125, 6.84779879521e-05, 2.51981164183e-05, 6.63475584588e-05, 0.000102860394691, 6.58785356791e-05, 3.92982910853e-05, 2.22477992793e-05, 1.56205460371e-05, 1.63051827258e-05, 1.82468411367e-05, 1.72786149051e-05, 4.78926958749e-05, 4.14104906667e-05, 3.94824382965e-05, 2.61958957708e-05, 3.79846933356e-05, 3.48435569322e-05, 1.17495505947e-06],
        "min": [1.35341118419e-25, 4.4078040897e-24, 9.02962338198e-25, 4.14569825002e-25, 3.50026537218e-24, 9.33800764806e-24, 3.4286525792e-24, 2.34188742503e-24, 7.08573955503e-24, 1.55765303124e-23, 1.44864476037e-23, 2.13148891304e-23, 3.63164802602e-23, 2.26801454556e-23, 4.5246483526e-23, 5.28046040352e-23, 6.67072330379e-23, 1.03456463458e-22, 1.20867690176e-22, 1.59076086079e-22, 2.49885209649e-22, 3.03993772362e-22, 4.24195828017e-22, 4.47614066445e-22, 8.93547821297e-22, 1.30663154003e-21, 1.99359635498e-21],
        "stdev": [0.00642586778849, 0.0636458843946, 0.0114264991134, 0.0107653476298, 0.00508254300803, 0.00112059665844, 0.00123842479661, 0.000975082279183, 0.00349435047247, 0.000594115583226, 0.000377228512662, 0.00181426643394, 0.00230626296252, 0.00143030961044, 0.000863477820531, 0.000418315728894, 0.000390198343666, 0.000297149235848, 0.000238678447204, 0.000269654410658, 0.000411979126511, 0.000975231523626, 0.00108851701953, 0.000397683645133, 0.000978793366812, 0.000393495865865, 2.42067399085e-05],
        "var": [4.12917797803e-05, 0.0040507982485, 0.000130564876599, 0.000115892718895, 2.58322434092e-05, 1.25573694731e-06, 1.53369603595e-06, 9.50785477016e-07, 1.22104847833e-05, 3.52973330564e-07, 1.42301345818e-07, 3.291562507e-06, 5.31884916199e-06, 2.04578554985e-06, 7.45593979445e-07, 1.74988059598e-07, 1.52254756358e-07, 8.82976749494e-08, 5.69674014628e-08, 7.27135045508e-08, 1.69726803279e-07, 9.51076572164e-07, 1.18486934753e-06, 1.58152289487e-07, 9.58036366683e-07, 1.54838986077e-07, 5.8596621999e-10]
    },
    "erbbands": {
        "dmean": [1.316188097, 2.65301799774, 4.22329759598, 12.0926685333, 10.6667194366, 6.1110086441, 1.70173537731, 3.8022236824, 6.24296474457, 7.19697856903, 11.5763940811, 25.7618083954, 7.77321004868, 8.27005577087, 10.7663011551, 20.6171340942, 37.2197647095, 31.0155487061, 16.0995388031, 13.2935018539, 9.01920700073, 8.86722183228, 6.66574764252, 5.5633020401, 6.1561255455, 5.18921804428, 5.50782251358, 12.6559743881, 12.4827766418, 18.2997131348, 8.89214038849, 3.69839406013, 3.0857565403, 5.74978780746, 1.92984580994, 0.868734121323, 0.238485977054, 0.0508043915033, 0.00124036171474, 6.91588938935e-05],
        "dmean2": [1.20141303539, 2.84953761101, 7.39748859406, 22.76496315, 19.3986053467, 10.2550840378, 3.04242968559, 6.71168088913, 10.835269928, 13.2414007187, 18.6529426575, 37.1182937622, 12.8100547791, 14.0929746628, 17.4527511597, 33.1765975952, 54.9134559631, 50.5253715515, 25.623210907, 21.2195796967, 14.5163946152, 15.7020988464, 11.2041311264, 9.41604804993, 10.577580452, 8.83539485931, 8.93591690063, 21.1436233521, 20.4216442108, 30.1329498291, 14.605550766, 5.97361755371, 4.71278762817, 8.18257045746, 2.72485923767, 1.31589055061, 0.356024771929, 0.0805864557624, 0.00193768332247, 0.000105346436612],
        "dvar": [1.7805005312, 8.82325363159, 161.163757324, 1634.99902344, 1043.16235352, 161.782318115, 14.6133117676, 79.3178100586, 266.633514404, 294.12979126, 497.550506592, 2836.94213867, 194.304672241, 295.040130615, 407.307800293, 2661.29492188, 5829.44921875, 3821.4543457, 946.774902344, 887.427429199, 367.958099365, 601.015869141, 181.99369812, 113.173919678, 135.540481567, 120.138389587, 97.9362030029, 459.367736816, 1057.36047363, 2863.98608398, 662.885559082, 76.1554946899, 38.9427032471, 110.803474426, 13.1384162903, 2.35400724411, 0.206711068749, 0.00864372868091, 5.36044399269e-06, 1.00156274385e-08],
        "dvar2": [1.87304151058, 14.4368658066, 428.783935547, 4699.87939453, 3014.01831055, 432.757629395, 39.156047821, 221.251296997, 727.458679199, 835.718017578, 1234.63757324, 5995.60351562, 511.286712646, 813.806518555, 1052.22644043, 7357.36865234, 12689.7421875, 9518.00976562, 2237.28222656, 2203.13183594, 877.374938965, 1668.19714355, 446.564727783, 270.646942139, 349.273010254, 304.031341553, 229.595046997, 1159.50952148, 2659.12109375, 7231.93212891, 1690.66931152, 193.983840942, 95.234413147, 200.514358521, 24.7626934052, 5.37434196472, 0.461587309837, 0.0214892812073, 1.29346954054e-05, 2.48031977179e-08],
        "max": [11.894068718, 30.5397644043, 87.7651977539, 309.530975342, 280.429626465, 162.090362549, 241.147384644, 389.222808838, 487.042358398, 248.679077148, 550.331054688, 770.789733887, 234.585113525, 347.147674561, 399.410614014, 1283.78820801, 1228.38793945, 803.395080566, 672.020751953, 826.603881836, 292.255187988, 548.791748047, 231.69909668, 159.690414429, 137.641677856, 208.912490845, 123.772850037, 223.102035522, 326.917327881, 550.02130127, 285.288635254, 95.4315414429, 70.5735092163, 103.963478088, 36.5698814392, 15.139626503, 5.32349967957, 1.15060162544, 0.035005774349, 0.00187617586926],
        "mean": [4.14938783646, 9.44195175171, 3.84479165077, 8.21269607544, 11.1355514526, 10.2833461761, 1.94946420193, 4.34028434753, 7.57741975784, 6.61250400543, 18.3341464996, 54.3036231995, 11.727268219, 10.0540866852, 15.776216507, 34.1171569824, 58.8187141418, 46.0932693481, 22.4680500031, 19.0031433105, 11.2725696564, 8.85169410706, 8.46862220764, 6.36420917511, 7.08841705322, 6.10513162613, 6.43986082077, 12.1002187729, 11.3557491302, 15.347319603, 7.80661392212, 4.06347465515, 4.08527803421, 7.56913471222, 2.66859722137, 1.07523787022, 0.314876973629, 0.061160966754, 0.00149991572835, 0.000175528650288],
        "median": [3.7362139225, 8.82075691223, 1.30535614491, 1.35884487629, 1.85457599163, 1.9612839222, 0.989151120186, 1.12948846817, 1.08112168312, 1.52873933315, 4.03791809082, 6.67748737335, 2.74267196655, 1.87961745262, 2.08352184296, 2.74737715721, 5.00250387192, 4.01290035248, 2.52390408516, 1.81425774097, 1.18462669849, 0.964781582355, 0.890169918537, 0.921992182732, 0.947455585003, 0.803756892681, 1.20957899094, 2.36385679245, 1.5704767704, 1.58460009098, 0.862190067768, 0.607988834381, 0.440999090672, 0.57034444809, 0.180680543184, 0.13867598772, 0.0433973819017, 0.00984446331859, 0.000303975073621, 0.000167842721567],
        "min": [4.45371776654e-23, 7.87171304002e-22, 1.34019919976e-21, 4.95998255581e-21, 8.32789446406e-21, 1.4276615538e-20, 2.85427879208e-20, 7.56839111966e-20, 1.01877826064e-19, 2.36629257237e-19, 1.66646080952e-19, 2.25950407228e-19, 4.19626424152e-19, 4.84254795043e-19, 8.39293276757e-19, 1.36965972034e-18, 1.63125827739e-18, 1.74905334611e-18, 1.99493774628e-18, 2.7282676873e-18, 3.90731500921e-18, 3.74084904684e-18, 5.48435511297e-18, 6.92603331333e-18, 4.73483931531e-18, 7.56725917469e-18, 9.96651391219e-18, 1.09005563337e-17, 9.19928735044e-18, 1.16587103785e-17, 1.11020732474e-17, 8.8365272928e-18, 9.70062663046e-18, 8.42613982986e-18, 6.58896879425e-18, 3.61830761576e-18, 2.19664925417e-18, 8.61531975826e-19, 2.51969528492e-19, 2.94813374168e-20],
        "stdev": [3.59467196465, 7.65277481079, 10.5868711472, 30.2642211914, 26.0477294922, 15.0300397873, 3.42792797089, 10.6074228287, 22.0774555206, 14.9390420914, 30.5703163147, 93.2479553223, 18.3153648376, 18.0030651093, 27.1948661804, 83.6714248657, 116.195152283, 86.9594573975, 42.0653190613, 44.430229187, 22.6819782257, 21.7295799255, 17.6051998138, 12.0018320084, 13.550866127, 12.3939371109, 11.6428880692, 21.7420063019, 30.2319660187, 48.3052597046, 23.2894630432, 9.13002681732, 7.59145212173, 14.8873586655, 5.19554901123, 1.93100059032, 0.604161560535, 0.114631257951, 0.00277387187816, 0.000133288267534],
        "var": [12.921667099, 58.5649604797, 112.081848145, 915.923095703, 678.484191895, 225.902099609, 11.7506904602, 112.517410278, 487.4140625, 223.174972534, 934.544250488, 8695.18164062, 335.452575684, 324.110321045, 739.560791016, 7000.90722656, 13501.3134766, 7561.94726562, 1769.4909668, 1974.04516602, 514.472167969, 472.174682617, 309.943084717, 144.04397583, 183.625961304, 153.609680176, 135.556838989, 472.714813232, 913.971740723, 2333.39794922, 542.399108887, 83.3573913574, 57.6301460266, 221.633453369, 26.9937286377, 3.72876310349, 0.36501121521, 0.0131403254345, 7.69436519477e-06, 1.77657604183e-08]
    },
    "gfcc": {
        "mean": [-55.513671875, 80.119102478, -56.5199775696, 33.4491043091, -31.2178211212, 35.466594696, -17.4687347412, 12.5426445007, -11.9792156219, 13.5178155899, -14.5716190338, 1.28324651718, -9.13040065765],
        "cov": [[24423.875, -3883.99487305, -5236.93701172, -716.780151367, -2850.58837891, 624.848510742, -1817.51916504, 11.4617328644, -1564.2487793, 656.339538574, -1251.40246582, 178.56338501, -984.65246582], [-3883.99487305, 4398.55078125, 488.435974121, -765.824279785, 947.46081543, -636.125671387, 634.899047852, -368.423919678, 415.254852295, -501.191070557, 418.394500732, -412.424041748, 232.187896729], [-5236.93701172, 488.435974121, 3129.54418945, 963.509155273, 887.055664062, 322.900421143, 627.797729492, 315.011993408, 550.93157959, 48.2378234863, 382.592712402, 75.2577438354, 435.046386719], [-716.780151367, -765.824279785, 963.509155273, 1111.52233887, 399.907226562, 191.859863281, 246.949783325, 275.14263916, 258.618499756, 144.084747314, 165.312698364, 218.363510132, 126.404571533], [-2850.58837891, 947.46081543, 887.055664062, 399.907226562, 920.153198242, 1.36385154724, 439.357666016, 84.208732605, 355.19430542, -75.3747406006, 334.689910889, 5.42712068558, 213.136474609], [624.848510742, -636.125671387, 322.900421143, 191.859863281, 1.36385154724, 384.891235352, 0.556365609169, 149.581787109, -11.683257103, 152.40802002, -19.2460384369, 92.352104187, 45.4554824829], [-1817.51916504, 634.899047852, 627.797729492, 246.949783325, 439.357666016, 0.556365609169, 408.177734375, 63.8004646301, 276.494506836, -35.9858169556, 209.109725952, 25.9337406158, 136.96383667], [11.4617328644, -368.423919678, 315.011993408, 275.14263916, 84.208732605, 149.581787109, 63.8004646301, 219.698043823, 66.8904647827, 99.298324585, 40.65209198, 76.8668289185, 67.7820281982], [-1564.2487793, 415.254852295, 550.93157959, 258.618499756, 355.19430542, -11.683257103, 276.494506836, 66.8904647827, 298.99432373, -6.53568172455, 181.136550903, 60.6465110779, 112.825302124], [656.339538574, -501.191070557, 48.2378234863, 144.084747314, -75.3747406006, 152.40802002, -35.9858169556, 99.298324585, -6.53568172455, 182.770751953, 5.15165567398, 69.4741134644, 1.62489688396], [-1251.40246582, 418.394500732, 382.592712402, 165.312698364, 334.689910889, -19.2460384369, 209.109725952, 40.65209198, 181.136550903, 5.15165567398, 206.004425049, 31.4495811462, 93.5569992065], [178.56338501, -412.424041748, 75.2577438354, 218.363510132, 5.42712068558, 92.352104187, 25.9337406158, 76.8668289185, 60.6465110779, 69.4741134644, 31.4495811462, 146.784561157, 24.3218841553], [-984.65246582, 232.187896729, 435.046386719, 126.404571533, 213.136474609, 45.4554824829, 136.96383667, 67.7820281982, 112.825302124, 1.62489688396, 93.5569992065, 24.3218841553, 130.093673706]],
        "icov": [[0.000159847317263, -0.00026091284235, 0.000227122291108, -0.000350421032635, 0.000261573208263, -0.000457817484858, 0.00021195645968, -0.000238518114202, 0.000309457158437, -0.000307494978188, 0.000290117604891, -0.000278885738226, 0.000467992707854], [-0.00026091284235, 0.0015770989703, -0.000273595418548, 0.00127606384922, -0.000665717758238, 0.00124642299488, -0.00109509134199, 0.00105442653876, -0.00129479344469, 0.00130339083262, -0.00150728842709, 0.00246557500213, -0.00212615332566], [0.000227122291108, -0.000273595418548, 0.00134759990033, -0.00125085620675, 0.000885327870492, -0.00164532545023, 0.000327993824612, -1.2907295968e-05, -0.000721953052562, 0.000260641128989, -0.000305932946503, 0.00160751573276, -0.00175559706986], [-0.000350421032635, 0.00127606384922, -0.00125085620675, 0.00389662478119, -0.00226114294492, 0.0025613156613, -0.00140580791049, -0.000740144925658, -0.00056571199093, -0.000246735929977, 0.000452500855317, -0.00189225375652, 0.000664409075398], [0.000261573208263, -0.000665717758238, 0.000885327870492, -0.00226114294492, 0.00541942520067, -0.00290191941895, 0.00030380312819, -0.000183513868251, -0.000946023676079, 0.00260930345394, -0.00511594256386, 0.00293367286213, -0.00176622287836], [-0.000457817484858, 0.00124642299488, -0.00164532545023, 0.0025613156613, -0.00290191941895, 0.008265173994, -0.00237410049886, -0.00070399051765, 0.00181682640687, -0.00368687906303, 0.00320972199552, -0.00269409804605, -0.00127779447939], [0.00021195645968, -0.00109509134199, 0.000327993824612, -0.00140580791049, 0.00030380312819, -0.00237410049886, 0.00972027797252, -0.000879035447724, -0.0046019712463, 0.00144827796612, -0.00246392120607, 0.000553446705453, 2.55250761256e-05], [-0.000238518114202, 0.00105442653876, -1.2907295968e-05, -0.000740144925658, -0.000183513868251, -0.00070399051765, -0.000879035447724, 0.0104858614504, -0.00150499760639, -0.00175477773882, -0.000211760416278, 0.00193284335546, -0.00579811632633], [0.000309457158437, -0.00129479344469, -0.000721953052562, -0.00056571199093, -0.000946023676079, 0.00181682640687, -0.0046019712463, -0.00150499760639, 0.0149103170261, -0.00258842785843, -0.000177614580025, -0.0076750414446, 0.00282512698323], [-0.000307494978188, 0.00130339083262, 0.000260641128989, -0.000246735929977, 0.00260930345394, -0.00368687906303, 0.00144827796612, -0.00175477773882, -0.00258842785843, 0.0145349921659, -0.00850746594369, 0.00338981999084, -0.00133495696355], [0.000290117604891, -0.00150728842709, -0.000305932946503, 0.000452500855317, -0.00511594256386, 0.00320972199552, -0.00246392120607, -0.000211760416278, -0.000177614580025, -0.00850746594369, 0.021928364411, -0.00719708250836, 0.00126993027516], [-0.000278885738226, 0.00246557500213, 0.00160751573276, -0.00189225375652, 0.00293367286213, -0.00269409804605, 0.000553446705453, 0.00193284335546, -0.0076750414446, 0.00338981999084, -0.00719708250836, 0.0209190007299, -0.00762437842786], [0.000467992707854, -0.00212615332566, -0.00175559706986, 0.000664409075398, -0.00176622287836, -0.00127779447939, 2.55250761256e-05, -0.00579811632633, 0.00282512698323, -0.00133495696355, 0.00126993027516, -0.00762437842786, 0.0246618613601]]
    },
    "melbands": {
        "dmean": [0.00824253447354, 0.00236753444187, 0.00196753931232, 0.000596096040681, 7.96907115728e-05, 8.55464459164e-05, 9.58678792813e-05, 7.60619732318e-05, 0.000126779195853, 0.000142023622175, 3.57803182851e-05, 3.43554675055e-05, 2.96020880342e-05, 5.24088172824e-05, 7.4345523899e-05, 6.51700829621e-05, 5.98262231506e-05, 2.4952005333e-05, 1.82599214895e-05, 1.44038813232e-05, 1.03283155113e-05, 9.81754146778e-06, 7.3548749242e-06, 5.23702328792e-06, 4.58641852674e-06, 4.31819171354e-06, 4.74885291624e-06, 3.2158227441e-06, 3.07744994643e-06, 5.57944667889e-06, 7.63401385484e-06, 6.65499146635e-06, 8.2981741798e-06, 1.15903076221e-05, 5.87715840084e-06, 2.72952479463e-06, 2.17868409891e-06, 2.22379640036e-06, 3.05263233713e-06, 5.471626082e-06],
        "dmean2": [0.00734103284776, 0.0035713496618, 0.00368330208585, 0.00102747709025, 0.000141331387567, 0.000149711951963, 0.00016806331405, 0.000139124938869, 0.000194724561879, 0.000206059135962, 6.0390735598e-05, 5.88233560848e-05, 4.89617195853e-05, 8.40273351059e-05, 0.000113227295515, 9.95356822386e-05, 9.80495969998e-05, 3.99198834202e-05, 2.90642747132e-05, 2.32197744481e-05, 1.68417082023e-05, 1.76432859007e-05, 1.27486264319e-05, 8.59612282511e-06, 7.80864320404e-06, 7.36495530873e-06, 8.34896945889e-06, 5.4198962971e-06, 4.98884173794e-06, 9.28248300625e-06, 1.27989951579e-05, 1.10439150376e-05, 1.34785886985e-05, 1.93220348592e-05, 9.73324677034e-06, 4.45577188657e-06, 3.555983767e-06, 3.52250913238e-06, 4.71379144074e-06, 7.72708972363e-06],
        "dvar": [6.66666819598e-05, 2.48543747148e-05, 4.20569595008e-05, 2.23121583076e-06, 2.65453419246e-08, 4.20912620314e-08, 5.83045576263e-08, 3.06424894347e-08, 5.52651897578e-08, 8.64007532186e-08, 4.47142323168e-09, 5.28060439819e-09, 3.18246407005e-09, 1.3483832717e-08, 2.45768490004e-08, 1.5396809161e-08, 1.49478633915e-08, 2.28883112463e-09, 1.24048338268e-09, 9.55112544609e-10, 5.39144451306e-10, 8.01780308812e-10, 2.8515015349e-10, 1.0303261716e-10, 7.72430938656e-11, 6.5086540324e-11, 9.69174324128e-11, 4.91420307225e-11, 3.85352028065e-11, 8.08552322318e-11, 1.85998536018e-10, 2.68936872772e-10, 6.95502544446e-10, 1.12093867521e-09, 3.10512754398e-10, 5.51975409824e-11, 2.47441771933e-11, 2.35188240411e-11, 3.18786282094e-11, 1.03371769478e-10],
        "dvar2": [6.66866035317e-05, 6.54702307656e-05, 0.000120792275993, 6.29319310974e-06, 7.27546023427e-08, 1.15998858519e-07, 1.5977724388e-07, 8.65060130195e-08, 1.30875974946e-07, 1.84286491844e-07, 1.2066358579e-08, 1.45932528284e-08, 8.64050520022e-09, 3.60092684559e-08, 5.71759350976e-08, 3.43335315733e-08, 3.7437953182e-08, 5.43458478219e-09, 2.980788949e-09, 2.37764563593e-09, 1.30981592239e-09, 2.26237317769e-09, 7.61701368646e-10, 2.3297583307e-10, 1.89885676627e-10, 1.66042388172e-10, 2.60103244498e-10, 1.25756613456e-10, 9.20605050525e-11, 2.00956445928e-10, 4.74948524953e-10, 6.84878931345e-10, 1.74469916292e-09, 2.87823342937e-09, 8.01919475268e-10, 1.41164094303e-10, 6.37947333848e-11, 6.13529227422e-11, 6.84985540511e-11, 1.81055476167e-10],
        "max": [0.0783964544535, 0.0395332612097, 0.0504953078926, 0.0166173372418, 0.00697838235646, 0.0090509718284, 0.00695868302137, 0.00272463192232, 0.00422550272197, 0.00419564032927, 0.00114553328604, 0.00133681437001, 0.00141289038584, 0.00272621982731, 0.00256683630869, 0.00195250438992, 0.00164963293355, 0.0010258348193, 0.000682184647303, 0.000808666402008, 0.000344873405993, 0.000650211586617, 0.000264898058958, 0.000169664330315, 0.00012775149662, 0.00010091875447, 0.000125821257825, 0.000157804577611, 8.33746089484e-05, 0.000117177645734, 0.000153156492161, 0.000185731289093, 0.000277373881545, 0.00036749249557, 0.000219496578211, 9.57052980084e-05, 5.98681908741e-05, 5.16176405654e-05, 5.46904593648e-05, 0.000107062318421],
        "mean": [0.0274381954223, 0.0048014218919, 0.00143037131056, 0.000870565534569, 0.000101498342701, 0.000101336932858, 0.000112323315989, 6.96899587638e-05, 0.000225622192374, 0.000296688405797, 4.741048906e-05, 4.06799517805e-05, 3.87580657844e-05, 8.8113345555e-05, 0.00011567078036, 0.0001014958616, 8.64684770931e-05, 3.25372748193e-05, 2.58535146713e-05, 1.98323396035e-05, 1.18981297419e-05, 9.05684828467e-06, 8.63840159582e-06, 6.35239985058e-06, 4.92990193379e-06, 5.08396078658e-06, 4.93853985972e-06, 3.77922174266e-06, 3.61231445822e-06, 5.59135605727e-06, 7.14855923434e-06, 5.99760733166e-06, 7.23451012163e-06, 9.41364578466e-06, 4.96525581184e-06, 2.68678013526e-06, 2.38128473029e-06, 2.71538783636e-06, 3.82354392059e-06, 7.22495315131e-06],
