{
"highlevel": {
    "danceability": {
        "all": {
            "danceable": 0.999468386173,
            "not_danceable": 0.000531593919732
        },
        "probability": 0.999468386173,
        "value": "danceable"
    },
    "gender": {
        "all": {
            "female": 0.970100462437,
            "male": 0.0298995263875
        },
        "probability": 0.970100462437,
        "value": "female"
    },
    "genre_electronic": {
        "all": {
            "ambient": 0.4170589149,
            "dnb": 0.0692119970918,
            "house": 0.354049831629,
            "techno": 0.0605330318213,
            "trance": 0.0991462469101
        },
        "probability": 0.4170589149,
        "value": "ambient"
    },
    "mood_acoustic": {
        "all": {
            "acoustic": 0.0468391440809,
            "not_acoustic": 0.953160881996
        },
        "probability": 0.953160881996,
        "value": "not_acoustic"
    },
    "mood_aggressive": {
        "all": {
            "aggressive": 0.996293365955,
            "not_aggressive": 0.00370665593073
        },
        "probability": 0.996293365955,
        "value": "aggressive"
    },
    "mood_electronic": {
        "all": {
            "electronic": 0.332832157612,
            "not_electronic": 0.667167842388
        },
        "probability": 0.667167842388,
        "value": "not_electronic"
    },
    "mood_happy": {
        "all": {
            "happy": 0.694331228733,
            "not_happy": 0.305668771267
        },
        "probability": 0.694331228733,
        "value": "happy"
    },
    "mood_party": {
        "all": {
            "not_party": 0.435827672482,
            "party": 0.564172327518
        },
        "probability": 0.564172327518,
        "value": "party"
    },
    "mood_relaxed": {
        "all": {
            "not_relaxed": 0.14774864912,
            "relaxed": 0.85225135088
        },
        "probability": 0.85225135088,
        "value": "relaxed"
    },
    "mood_sad": {
        "all": {
            "not_sad": 0.131185665727,
            "sad": 0.868814349174
        },
        "probability": 0.868814349174,
        "value": "sad"
    },
    "moods_mirex": {
        "all": {
            "Cluster1": 0.0341270156205,
            "Cluster2": 0.358367592096,
            "Cluster3": 0.106424972415,
            "Cluster4": 0.48452436924,
            "Cluster5": 0.0165560524911
        },
        "probability": 0.48452436924,
        "value": "Cluster4"
    },
    "timbre": {
        "all": {
            "bright": 0.139783099294,
            "dark": 0.860216915607
        },
        "probability": 0.860216915607,
        "value": "dark"
    },
    "tonal_atonal": {
        "all": {
            "atonal": 0.494085073471,
            "tonal": 0.505914926529
        },
        "probability": 0.505914926529,
        "value": "tonal"
    },
    "voice_instrumental": {
        "all": {
            "instrumental": 0.617964863777,
            "voice": 0.382035136223
        },
        "probability": 0.617964863777,
        "value": "instrumental"
    }
},
"lowlevel": {
    "average_loudness": 0.73353022337,
    "barkbands_crest": {
        "dmean": 2.71116828918,
        "dmean2": 4.25730705261,
        "dvar": 8.38744163513,
        "dvar2": 20.9094409943,
        "max": 26.9015922546,
        "mean": 13.3491392136,
        "median": 12.8362808228,
        "min": 2.47999668121,
        "stdev": 5.50657844543,
        "var": 30.3224067688
    },
    "barkbands_flatness_db": {
        "dmean": 0.0288607086986,
        "dmean2": 0.0411167815328,
        "dvar": 0.00105867697857,
        "dvar2": 0.00205695233308,
        "max": 0.602120220661,
        "mean": 0.222870618105,
        "median": 0.198739126325,
        "min": 0.0244569480419,
        "stdev": 0.10835711658,
        "var": 0.0117412647232
    },
    "barkbands_kurtosis": {
        "dmean": 7.88338279724,
        "dmean2": 11.8146381378,
        "dvar": 1050.00610352,
        "dvar2": 2371.01464844,
        "max": 1811.78283691,
        "mean": 11.9290590286,
        "median": 3.94088602066,
        "min": -1.83660495281,
        "stdev": 37.9381065369,
        "var": 1439.30004883
    },
    "barkbands_skewness": {
        "dmean": 0.777587532997,
        "dmean2": 1.13620436192,
        "dvar": 1.00633656979,
        "dvar2": 2.03943586349,
        "max": 32.1412467957,
        "mean": 2.0715265274,
        "median": 1.63290119171,
        "min": -2.85655260086,
        "stdev": 2.04533338547,
        "var": 4.18338823318
    },
    "barkbands_spread": {
        "dmean": 4.65209674835,
        "dmean2": 6.75600910187,
        "dvar": 48.6698951721,
        "dvar2": 97.9170837402,
        "max": 102.743179321,
        "mean": 14.2097425461,
        "median": 10.5727090836,
        "min": 0.0382770709693,
        "stdev": 13.0911750793,
        "var": 171.378860474
    },
    "dissonance": {
        "dmean": 0.0344120040536,
        "dmean2": 0.0582219585776,
        "dvar": 0.00116326194257,
        "dvar2": 0.00320359901525,
        "max": 0.499999970198,
        "mean": 0.438251316547,
        "median": 0.453525662422,
        "min": 0.16954793036,
        "stdev": 0.0527316518128,
        "var": 0.00278062722646
    },
    "dynamic_complexity": 4.9383263588,
    "erbbands_crest": {
        "dmean": 3.67957425117,
        "dmean2": 5.94854640961,
        "dvar": 10.9172410965,
        "dvar2": 28.0644512177,
        "max": 33.1897277832,
        "mean": 12.9434652328,
        "median": 11.4945001602,
        "min": 2.66672348976,
        "stdev": 6.23603487015,
        "var": 38.888130188
    },
    "erbbands_flatness_db": {
        "dmean": 0.0286514535546,
        "dmean2": 0.0418462045491,
        "dvar": 0.000903549080249,
        "dvar2": 0.00173145823646,
        "max": 0.550248801708,
        "mean": 0.220562145114,
        "median": 0.214827254415,
        "min": 0.0405035875738,
        "stdev": 0.0796890258789,
        "var": 0.00635034078732
    },
    "erbbands_kurtosis": {
        "dmean": 2.90683102608,
        "dmean2": 4.61286830902,
        "dvar": 37.1343841553,
        "dvar2": 80.1750030518,
        "max": 143.594345093,
        "mean": 3.71757769585,
        "median": 1.10475444794,
        "min": -1.79383659363,
        "stdev": 9.2240562439,
        "var": 85.0832138062
    },
    "erbbands_skewness": {
        "dmean": 0.547130227089,
        "dmean2": 0.844812870026,
        "dvar": 0.306764096022,
        "dvar2": 0.703401327133,
        "max": 9.39281654358,
        "mean": 0.766285777092,
        "median": 0.5746088624,
        "min": -5.21036911011,
        "stdev": 1.23099994659,
        "var": 1.51536095142
    },
    "erbbands_spread": {
        "dmean": 7.92740011215,
        "dmean2": 11.9133167267,
        "dvar": 108.023521423,
        "dvar2": 229.235839844,
        "max": 157.537857056,
        "mean": 25.1231079102,
        "median": 19.825712204,
        "min": 0.379394024611,
        "stdev": 19.1838207245,
        "var": 368.019012451
    },
    "hfc": {
        "dmean": 8.58488368988,
        "dmean2": 12.7072649002,
        "dvar": 245.702926636,
        "dvar2": 565.080322266,
        "max": 284.9090271,
        "mean": 19.8036117554,
        "median": 11.5640916824,
        "min": 1.09168365717e-16,
        "stdev": 24.0173206329,
        "var": 576.831665039
    },
    "loudness_ebu128": {
        "integrated": -9.24343299866,
        "loudness_range": 7.64212703705,
        "momentary": {
            "dmean": 0.791910111904,
            "dmean2": 1.00029706955,
            "dvar": 0.97098493576,
            "dvar2": 1.61107027531,
            "max": -3.50976920128,
            "mean": -11.9979162216,
            "median": -10.3830795288,
            "min": -70.460067749,
            "stdev": 8.73358154297,
            "var": 76.2754440308
        },
        "short_term": {
            "dmean": 0.137665987015,
            "dmean2": 0.140598967671,
            "dvar": 0.124125160277,
            "dvar2": 0.203705534339,
            "max": -4.71495914459,
            "mean": -11.0537042618,
            "median": -9.65072441101,
            "min": -64.1420822144,
            "stdev": 6.88116598129,
            "var": 47.3504447937
        }
    },
    "melbands_crest": {
        "dmean": 3.42483949661,
        "dmean2": 5.15554141998,
        "dvar": 13.8001880646,
        "dvar2": 30.7621021271,
        "max": 38.1758766174,
        "mean": 19.659236908,
        "median": 17.5361537933,
        "min": 1.59635365009,
        "stdev": 9.52618503571,
        "var": 90.7481994629
    },
    "melbands_flatness_db": {
        "dmean": 0.030604602769,
        "dmean2": 0.0429536476731,
        "dvar": 0.00132169667631,
        "dvar2": 0.00247296085581,
        "max": 0.787479460239,
        "mean": 0.302885115147,
        "median": 0.279089003801,
        "min": 0.00304844626226,
        "stdev": 0.137365192175,
        "var": 0.0188691951334
    },
    "melbands_kurtosis": {
        "dmean": 11.8145208359,
        "dmean2": 17.443277359,
        "dvar": 700.773010254,
        "dvar2": 1488.52380371,
        "max": 852.939941406,
        "mean": 20.6361808777,
        "median": 7.21186351776,
        "min": -1.80915272236,
        "stdev": 39.8395843506,
        "var": 1587.19250488
    },
    "melbands_skewness": {
        "dmean": 0.928186058998,
        "dmean2": 1.33759081364,
        "dvar": 1.33324766159,
        "dvar2": 2.62881326675,
        "max": 22.6853370667,
        "mean": 2.73929309845,
        "median": 2.0372171402,
        "min": -3.08046913147,
        "stdev": 2.56424021721,
        "var": 6.57532739639
    },
    "melbands_spread": {
        "dmean": 4.7140378952,
        "dmean2": 7.11513471603,
        "dvar": 48.0864830017,
        "dvar2": 103.98815918,
        "max": 154.476669312,
        "mean": 15.9425420761,
        "median": 11.2433052063,
        "min": 0.1501095891,
        "stdev": 15.8848724365,
        "var": 252.329177856
    },
    "pitch_salience": {
        "dmean": 0.0774719268084,
        "dmean2": 0.122818827629,
        "dvar": 0.00741506926715,
        "dvar2": 0.0179145149887,
        "max": 0.901299953461,
        "mean": 0.457958012819,
        "median": 0.479651749134,
        "min": 0.0339819416404,
        "stdev": 0.173746675253,
        "var": 0.0301879066974
    },
    "silence_rate_20dB": {
        "dmean": 0,
        "dmean2": 0,
        "dvar": 0,
        "dvar2": 0,
        "max": 1,
        "mean": 1,
        "median": 1,
        "min": 1,
        "stdev": 0,
        "var": 0
    },
    "silence_rate_30dB": {
        "dmean": 0.0686255544424,
        "dmean2": 0.137264385819,
        "dvar": 0.0639117062092,
        "dvar2": 0.130017146468,
        "max": 1,
        "mean": 0.836377680302,
        "median": 1,
        "min": 0,
        "stdev": 0.369930356741,
        "var": 0.136848464608
    },
    "silence_rate_60dB": {
        "dmean": 0.0224241260439,
        "dmean2": 0.0448525846004,
        "dvar": 0.0219219978899,
        "dvar2": 0.0488360226154,
        "max": 1,
        "mean": 0.113752774894,
        "median": 0,
        "min": 0,
        "stdev": 0.317512303591,
        "var": 0.100814059377
    },
    "spectral_centroid": {
        "dmean": 189.129577637,
        "dmean2": 294.764251709,
        "dvar": 83824.7734375,
        "dvar2": 180356.53125,
        "max": 11409.3251953,
        "mean": 1048.66943359,
        "median": 880.731018066,
        "min": 114.545280457,
        "stdev": 745.424926758,
        "var": 555658.3125
    },
    "spectral_complexity": {
        "dmean": 2.71641206741,
        "dmean2": 4.15369749069,
        "dvar": 14.7668876648,
        "dvar2": 26.8127422333,
        "max": 53,
        "mean": 13.471247673,
        "median": 12,
        "min": 0,
        "stdev": 8.44047164917,
        "var": 71.2415542603
    },
    "spectral_decrease": {
        "dmean": 3.74218211974e-09,
        "dmean2": 5.0370991822e-09,
        "dvar": 4.45091461585e-17,
        "dvar2": 9.24378900565e-17,
        "max": 1.56464835724e-28,
        "mean": -1.2076573519e-08,
        "median": -5.85506576556e-09,
        "min": -9.19860241311e-08,
        "stdev": 1.3798503673e-08,
        "var": 1.90398699627e-16
    },
    "spectral_energy": {
        "dmean": 0.0146367670968,
        "dmean2": 0.0197999514639,
        "dvar": 0.000652060960419,
        "dvar2": 0.00136118801311,
        "max": 0.348932892084,
        "mean": 0.0473760031164,
        "median": 0.0244125276804,
        "min": 1.01622975272e-20,
        "stdev": 0.0527680777013,
        "var": 0.0027844698634
    },
    "spectral_energyband_high": {
        "dmean": 0.00043895986164,
        "dmean2": 0.000605421606451,
        "dvar": 1.21693653909e-06,
        "dvar2": 2.62850335275e-06,
        "max": 0.0199700221419,
        "mean": 0.000649601453915,
        "median": 9.35353746172e-05,
        "min": 7.41692304039e-21,
        "stdev": 0.00150691275485,
        "var": 2.27078589887e-06
    },
    "spectral_energyband_low": {
        "dmean": 0.0107336938381,
        "dmean2": 0.0132201649249,
        "dvar": 0.000601596722845,
        "dvar2": 0.00120308424812,
        "max": 0.340717792511,
        "mean": 0.0313871875405,
        "median": 0.00420652609318,
        "min": 1.42108132925e-23,
        "stdev": 0.0488037243485,
        "var": 0.00238180346787
    },
    "spectral_energyband_middle_high": {
        "dmean": 0.00225039455108,
        "dmean2": 0.00350964209065,
        "dvar": 2.28958942898e-05,
        "dvar2": 5.55475817237e-05,
        "max": 0.116302467883,
        "mean": 0.00482860067859,
        "median": 0.00200217426755,
        "min": 1.25457833232e-21,
        "stdev": 0.00813556928188,
        "var": 6.61874946672e-05
    },
    "spectral_energyband_middle_low": {
        "dmean": 0.00593960238621,
        "dmean2": 0.0100191868842,
        "dvar": 0.00013787955686,
        "dvar2": 0.000377931602998,
        "max": 0.165918469429,
        "mean": 0.011480092071,
        "median": 0.00568240415305,
        "min": 1.9897080154e-22,
        "stdev": 0.0164383109659,
        "var": 0.000270218064543
    },
    "spectral_entropy": {
        "dmean": 0.229293808341,
        "dmean2": 0.340139091015,
        "dvar": 0.0688548311591,
        "dvar2": 0.140567854047,
        "max": 9.81501197815,
        "mean": 7.04359722137,
        "median": 7.13744544983,
        "min": 4.04719209671,
        "stdev": 0.7613889575,
        "var": 0.57971316576
    },
    "spectral_flux": {
        "dmean": 0.0323579646647,
        "dmean2": 0.0502496287227,
        "dvar": 0.00294765108265,
        "dvar2": 0.00548971677199,
        "max": 0.4973539114,
        "mean": 0.0813171863556,
        "median": 0.0606462992728,
        "min": 6.23849930048e-11,
        "stdev": 0.0733122304082,
        "var": 0.00537468353286
    },
    "spectral_kurtosis": {
        "dmean": 6.79185199738,
        "dmean2": 11.3138580322,
        "dvar": 151.294021606,
        "dvar2": 426.068572998,
        "max": 481.76739502,
        "mean": 17.258600235,
        "median": 8.18733215332,
        "min": -1.26353681087,
        "stdev": 26.0023479462,
        "var": 676.122131348
    },
    "spectral_rms": {
        "dmean": 0.000953006499913,
        "dmean2": 0.00127283739857,
        "dvar": 1.90413857126e-06,
        "dvar2": 3.79018160857e-06,
        "max": 0.0184505376965,
        "mean": 0.00571986055002,
        "median": 0.00488027650863,
        "min": 3.14872000001e-12,
        "stdev": 0.0036747592967,
        "var": 1.35038562803e-05
    },
    "spectral_rolloff": {
        "dmean": 419.860778809,
        "dmean2": 697.972045898,
        "dvar": 1425721,
        "dvar2": 3058087.75,
        "max": 19466.015625,
        "mean": 1222.09301758,
        "median": 689.0625,
        "min": 43.06640625,
        "stdev": 1915.60498047,
        "var": 3669542.25
    },
    "spectral_skewness": {
        "dmean": 0.528253853321,
        "dmean2": 0.851420998573,
        "dvar": 0.427242130041,
        "dvar2": 1.15694415569,
        "max": 17.9366474152,
        "mean": 2.65120220184,
        "median": 2.15996336937,
        "min": -0.119103617966,
        "stdev": 1.67252898216,
        "var": 2.79735326767
    },
    "spectral_spread": {
        "dmean": 887550.875,
        "dmean2": 1213779.5,
        "dvar": 1.72724007731e+12,
        "dvar2": 2.92319736627e+12,
        "max": 42444804,
        "mean": 4105238.75,
        "median": 3283396.25,
        "min": 330663.0625,
        "stdev": 3166927.5,
        "var": 1.00294302106e+13
    },
    "spectral_strongpeak": {
        "dmean": 0.504973292351,
        "dmean2": 0.830904185772,
        "dvar": 0.872196257114,
        "dvar2": 2.14702391624,
        "max": 14.9399585724,
        "mean": 1.07353830338,
        "median": 0.530765891075,
        "min": 0,
        "stdev": 1.40751755238,
        "var": 1.98110580444
    },
    "zerocrossingrate": {
        "dmean": 0.0109803341329,
        "dmean2": 0.0120322033763,
        "dvar": 0.000296663609333,
        "dvar2": 0.000351042777766,
        "max": 0.52294921875,
        "mean": 0.0495223924518,
        "median": 0.03759765625,
        "min": 0.00146484375,
        "stdev": 0.0493040122092,
        "var": 0.00243088579737
    },
    "barkbands": {
        "dmean": [0.00139826652594, 0.00916714873165, 0.00197880459018, 0.00150049221702, 0.00120583036914, 0.000532892881893, 0.000593473087065, 0.000836614810396, 0.00279796053655, 0.00116933090612, 0.000596219382714, 0.000331548450049, 0.00028224469861, 0.000169143153471, 0.000203983232495, 0.000257288222201, 0.00017903924163, 0.000113993955893, 9.21367973206e-05, 5.00847927469e-05, 3.98746633437e-05, 8.4484105173e-05, 4.34031826444e-05, 8.0274832726e-05, 7.94846273493e-05, 0.000107193242002, 4.48032296845e-05],
        "dmean2": [0.00181659369264, 0.0117545723915, 0.00369965634309, 0.00279858871363, 0.0021132142283, 0.000840410415549, 0.00091046479065, 0.00130196067039, 0.0044352482073, 0.00185817375313, 0.000930028618313, 0.000523376045749, 0.00047313835239, 0.000285103713395, 0.000299248145893, 0.000439242750872, 0.000298332422972, 0.00019059603801, 0.00014984466543, 7.92624778114e-05, 6.19892598479e-05, 0.000119929303764, 6.64606777718e-05, 0.000121057360957, 0.000117420204333, 0.000158495749929, 6.5620202804e-05],
        "dvar": [1.16604896903e-05, 0.000499269401189, 5.95805649937e-05, 3.17348603858e-05, 1.0901116184e-05, 1.18525008475e-06, 2.40352346736e-06, 7.0396213232e-06, 6.34495445411e-05, 1.66469853866e-05, 5.83287146583e-06, 1.74723447799e-06, 4.72318276934e-07, 3.03294285686e-07, 1.54489583792e-07, 9.13293035865e-07, 2.22303441433e-07, 8.05848969776e-08, 6.27536849152e-08, 1.56368642479e-08, 1.36636622017e-08, 6.61600907392e-08, 1.29056285658e-08, 5.23754977166e-08, 5.68931781686e-08, 1.81997890536e-07, 2.58937671305e-08],
        "dvar2": [2.17474989768e-05, 0.00106060144026, 0.000173429842107, 9.26619322854e-05, 3.08631133521e-05, 2.55849772657e-06, 5.10162817591e-06, 1.62074065884e-05, 0.000155817251652, 3.75437557523e-05, 1.2861986761e-05, 4.74783064419e-06, 1.25426674913e-06, 8.22359652375e-07, 3.36455400429e-07, 2.43845988734e-06, 5.88430339121e-07, 2.21933092348e-07, 1.62820157357e-07, 3.60116914067e-08, 2.89499464401e-08, 1.33398359026e-07, 3.03737408558e-08, 1.2367829072e-07, 1.34868770374e-07, 4.24492782258e-07, 5.77129561918e-08],
        "max": [0.0562692657113, 0.309097468853, 0.0921259224415, 0.0709240287542, 0.0391219928861, 0.0338184423745, 0.0722383409739, 0.0805285125971, 0.15968824923, 0.103685289621, 0.101885698736, 0.0559177175164, 0.0202431119978, 0.0078004761599, 0.00856279674917, 0.0219328869134, 0.00839397870004, 0.00647804280743, 0.00397391524166, 0.00268474197946, 0.00467898184434, 0.00636947294697, 0.00240908307023, 0.00512329861522, 0.00463886279613, 0.00754271820188, 0.00332788727246],
        "mean": [0.00455557834357, 0.0239024795592, 0.00219687027857, 0.00158272741828, 0.0013781520538, 0.00109164975584, 0.000974603637587, 0.00134238717146, 0.00465344497934, 0.00183410267346, 0.000916703429539, 0.000471383595141, 0.000388428452425, 0.00021175929578, 0.000366067339201, 0.000281183747575, 0.000231587968301, 0.000164158976986, 0.000140943477163, 7.79513065936e-05, 5.82510256208e-05, 0.000120649376186, 5.4769727285e-05, 0.000108401662146, 0.00010050162382, 0.000124626341858, 4.66985002276e-05],
        "median": [0.00014746922534, 0.000914321339224, 8.73418684932e-05, 0.000237237560214, 0.000531348632649, 0.000643492792733, 0.00032461452065, 0.000327697489411, 0.00079395994544, 0.000191799888853, 0.000159556628205, 6.54664763715e-05, 0.00014734728029, 5.14387138537e-05, 0.000104089158413, 4.44404431619e-05, 3.19634418702e-05, 2.77259405266e-05, 2.52435311268e-05, 1.66772442753e-05, 1.17439067253e-05, 7.97271968622e-06, 4.43409999207e-06, 5.02094053445e-06, 2.92336585517e-06, 1.71658359704e-06, 4.55941972177e-07],
        "min": [6.06327859476e-25, 5.33353827844e-24, 1.75241348018e-24, 6.9053787364e-25, 1.2290267521e-23, 9.47237905921e-24, 5.61485317699e-24, 7.76274077276e-24, 2.11430799584e-23, 3.61026768668e-23, 2.46996609274e-23, 4.47419691118e-23, 5.26699770331e-23, 4.60552458142e-23, 6.11941555394e-23, 6.8607346523e-23, 9.0787534025e-23, 1.29247412474e-22, 1.34751023641e-22, 2.08191866081e-22, 2.21090322483e-22, 3.74587129856e-22, 4.88547743273e-22, 6.61131172777e-22, 9.62309734071e-22, 1.54198764837e-21, 2.14115115909e-21],
        "stdev": [0.00842986255884, 0.0400550886989, 0.00619018450379, 0.0050212345086, 0.00285154627636, 0.00174601562321, 0.00225874688476, 0.00382797443308, 0.0122253661975, 0.0054539963603, 0.00392256537452, 0.00164761953056, 0.000792785605881, 0.000542188878171, 0.000654912844766, 0.000891235831659, 0.000531647645403, 0.000355050695362, 0.000314672710374, 0.000160675816005, 0.000164835320902, 0.000348569039488, 0.000147624872625, 0.000291148433462, 0.00030491684447, 0.000496365944855, 0.000176957895746],
        "var": [7.10625827196e-05, 0.00160441012122, 3.83183869417e-05, 2.52127956628e-05, 8.13131555333e-06, 3.04857053379e-06, 5.10193740411e-06, 1.46533875522e-05, 0.000149459578097, 2.97460737784e-05, 1.53865203174e-05, 2.71465000878e-06, 6.28509042144e-07, 2.93968781762e-07, 4.28910823302e-07, 7.94301342921e-07, 2.82649210703e-07, 1.26060996308e-07, 9.90189192862e-08, 2.58167176526e-08, 2.71706852573e-08, 1.21500377759e-07, 2.17931024338e-08, 8.47674073157e-08, 9.29742753897e-08, 2.46379158853e-07, 3.13140944286e-08]
    },
    "erbbands": {
        "dmean": [0.483123391867, 1.43605828285, 2.13023972511, 4.06157493591, 4.64412879944, 3.76836752892, 4.22366666794, 4.58293581009, 6.08308792114, 13.8677616119, 21.5888557434, 77.8159408569, 31.2454967499, 36.5249137878, 19.4572277069, 12.31727314, 13.7738256454, 7.32197666168, 10.6541204453, 8.8139333725, 16.3728580475, 9.01505374908, 5.26830101013, 5.67088747025, 4.05432701111, 2.46266698837, 1.62325620651, 1.4897993803, 3.01098465919, 2.33007335663, 1.16539752483, 1.20557892323, 1.58659780025, 0.976272642612, 0.543374657631, 0.319788038731, 0.270400673151, 0.0422216318548, 0.0080042919144, 0.000517191481777],
        "dmean2": [0.58945941925, 2.13520932198, 3.934684515, 7.53922796249, 8.64989089966, 6.47153234482, 6.74069452286, 7.17306756973, 9.41999340057, 21.4414730072, 33.9000778198, 124.673812866, 49.1696739197, 58.2026100159, 30.544927597, 19.4691772461, 22.9456539154, 12.3568601608, 16.8510036469, 12.8840770721, 28.0659255981, 14.9847736359, 8.75238990784, 9.12858295441, 6.57078695297, 3.86782932281, 2.50462985039, 2.33674263954, 4.44284963608, 3.38222694397, 1.76095640659, 1.82012176514, 2.41403031349, 1.47332680225, 0.805005133152, 0.457572311163, 0.407452702522, 0.0612890906632, 0.0118877906352, 0.000762339215726],
        "dvar": [1.36307168007, 16.4794998169, 65.4771652222, 239.4009552, 268.328704834, 89.6850128174, 95.8146057129, 90.9625473022, 172.220352173, 2287.98876953, 3050.79980469, 51085.0507812, 15919.1103516, 14061.5595703, 7274.79052734, 1516.70166016, 1106.3848877, 533.661437988, 706.756469727, 309.54498291, 3878.49560547, 591.415405273, 171.832077026, 216.200973511, 108.279090881, 40.2185249329, 32.4974632263, 14.497844696, 78.5252304077, 42.9277114868, 10.3726444244, 8.3546257019, 32.490852356, 9.23334312439, 2.67163133621, 0.867409229279, 1.89101862907, 0.0253024026752, 0.000977593008429, 4.13750922235e-06],
        "dvar2": [2.65246748924, 41.8186340332, 188.200210571, 696.721923828, 782.525817871, 244.168273926, 226.741668701, 197.711212158, 369.250640869, 5212.04541016, 7292.34667969, 133413.34375, 34743.5, 35166.7734375, 16686.4511719, 4048.88623047, 2917.69042969, 1453.17919922, 1745.36474609, 665.01184082, 10646.1240234, 1568.93103027, 462.322509766, 552.28503418, 281.754882812, 92.1087875366, 71.29347229, 33.8797988892, 164.508422852, 94.1258468628, 24.3451023102, 19.0993556976, 79.4853363037, 21.9470214844, 6.45575857162, 1.95950758457, 4.49671411514, 0.0577938854694, 0.00231208279729, 9.24722189666e-06],
        "max": [16.7957382202, 52.2678222656, 85.234336853, 190.438339233, 173.149276733, 154.135437012, 257.723205566, 283.125244141, 307.095489502, 1990.17077637, 1334.5880127, 4956.90869141, 4221.17138672, 3129.40112305, 3169.91625977, 1281.76013184, 1049.58496094, 320.875946045, 501.048553467, 653.300170898, 1424.07556152, 487.613220215, 286.200195312, 210.434890747, 183.466598511, 136.751251221, 282.678710938, 99.2135391235, 272.054504395, 129.97694397, 77.7983474731, 60.1064224243, 144.024612427, 69.1769638062, 32.9743232727, 24.8610229492, 25.5944976807, 2.74150657654, 0.590640723705, 0.0581076145172],
        "mean": [1.3485673666, 2.72556829453, 2.33402180672, 4.67274808884, 4.45445728302, 4.46377468109, 7.16895151138, 9.3861541748, 10.9811468124, 22.7246761322, 38.6716308594, 126.610237122, 54.3495140076, 61.330657959, 33.2662620544, 18.4466285706, 19.3741703033, 10.3464345932, 16.782333374, 16.0667457581, 17.8993797302, 11.8950033188, 8.49241638184, 8.53419017792, 6.34948253632, 3.92551517487, 2.56817770004, 2.13107156754, 4.23230791092, 3.11628699303, 1.50145101547, 1.72999095917, 2.02796268463, 1.25086474419, 0.665847539902, 0.387912273407, 0.309255897999, 0.0474103055894, 0.0081469360739, 0.000592816853896],
        "median": [0.049896478653, 0.148700237274, 0.229962810874, 0.60417342186, 1.228759408, 1.50121021271, 3.59440302849, 5.42878675461, 4.27825069427, 7.41035366058, 12.4000577927, 20.6340084076, 8.98031711578, 8.50251197815, 7.18782949448, 4.08064317703, 7.62691879272, 3.78187894821, 5.29108905792, 4.94348287582, 2.62785935402, 2.01154589653, 1.80428910255, 1.34889030457, 1.3065816164, 0.859114587307, 0.574773967266, 0.380103290081, 0.299707263708, 0.1737613976, 0.129928320646, 0.0947261154652, 0.0818104594946, 0.050762411207, 0.0184837672859, 0.00712540652603, 0.00339335761964, 0.000603281194344, 0.000111164357804, 7.70880797063e-05],
        "min": [9.0123805392e-23, 5.63384819028e-22, 1.9012055716e-21, 3.72172710615e-21, 1.92174945838e-20, 3.95823629942e-20, 1.06255905638e-19, 8.80968290378e-20, 2.52001891933e-19, 2.77852914587e-19, 5.19507164799e-19, 3.97444257707e-19, 8.06518364634e-19, 1.09264541179e-18, 1.77008627434e-18, 1.9724944751e-18, 2.352352356e-18, 2.35732205712e-18, 3.16877610507e-18, 4.0676193032e-18, 4.21946443465e-18, 5.36987952004e-18, 6.20383184668e-18, 5.94682600318e-18, 6.94134649442e-18, 9.82066625377e-18, 8.36805024416e-18, 1.2934456148e-17, 1.44646410196e-17, 1.15472353833e-17, 1.22544003607e-17, 1.04082027167e-17, 1.14778498191e-17, 9.96413990384e-18, 6.61517718477e-18, 4.57551150803e-18, 2.64727739955e-18, 1.09691325016e-18, 2.86391331364e-19, 2.93710994444e-20],
        "stdev": [2.25015997887, 5.35254383087, 6.46816682816, 14.2240209579, 12.6755867004, 8.95343875885, 13.0524206161, 15.4600868225, 21.672908783, 69.3647842407, 80.7864303589, 338.830444336, 182.552200317, 176.679733276, 130.351577759, 49.0569000244, 38.9517974854, 22.5942020416, 35.0112190247, 26.7179050446, 54.7685241699, 25.807226181, 18.238861084, 18.6432628632, 13.5305404663, 8.16477394104, 7.60606098175, 4.91815519333, 12.03881073, 8.41067504883, 4.31456279755, 4.19938659668, 6.65187644958, 3.79971122742, 2.08402323723, 1.19960343838, 1.56450510025, 0.179874673486, 0.0325077623129, 0.0022465842776],
        "var": [5.06321954727, 28.6497268677, 41.8371810913, 202.322784424, 160.670501709, 80.1640625, 170.365692139, 239.014297485, 469.714935303, 4811.47363281, 6526.44726562, 114806.0625, 33325.3085938, 31215.7265625, 16991.5351562, 2406.5793457, 1517.24243164, 510.497955322, 1225.78552246, 713.846496582, 2999.59130859, 666.012939453, 332.656036377, 347.571228027, 183.075531006, 66.6635284424, 57.8521614075, 24.188249588, 144.93296814, 70.7394485474, 18.6154537201, 17.634847641, 44.2474594116, 14.4378061295, 4.34315252304, 1.43904852867, 2.44767618179, 0.0323548987508, 0.00105675472878, 5.04714080307e-06]
    },
    "gfcc": {
        "mean": [-77.8598403931, 113.004570007, -112.3879776, -6.31450605392, -50.7893829346, 1.27290523052, -24.9760761261, 6.66513490677, -11.2459335327, -0.292115569115, -11.5499010086, -3.6188595295, -4.8287320137],
        "cov": [[24924.7285156, -5072.66064453, 526.81628418, 1500.81652832, 469.564666748, 2189.63330078, 86.7036743164, 1822.32922363, -167.10005188, 468.359405518, -501.498168945, 352.837005615, -6.51104164124], [-5072.66064453, 5311.94726562, 382.963623047, 255.891555786, 1145.9420166, -552.55255127, 650.92376709, -634.159362793, 468.52142334, -137.145202637, 475.94921875, -314.290863037, 207.21446228], [526.81628418, 382.963623047, 2328.38769531, 146.315658569, 516.020568848, 460.134918213, 243.769256592, 286.458831787, 231.314544678, 265.870056152, 65.5855789185, 124.160049438, 114.490203857], [1500.81652832, 255.891555786, 146.315658569, 1211.68225098, 260.422027588, 271.385101318, 239.86100769, 149.764007568, 252.449493408, -40.5474319458, 112.608650208, 44.2948379517, 66.1776504517], [469.564666748, 1145.9420166, 516.020568848, 260.422027588, 994.180541992, 153.449142456, 298.258605957, 116.305351257, 168.016601562, 93.3617401123, 162.312652588, 44.189907074, 146.778610229], [2189.63330078, -552.55255127, 460.134918213, 271.385101318, 153.449142456, 632.328063965, 150.715377808, 287.009124756, 95.5329742432, 122.232688904, 7.2144908905, 110.930770874, 64.8634796143], [86.7036743164, 650.92376709, 243.769256592, 239.86100769, 298.258605957, 150.715377808, 430.577514648, 128.009353638, 180.678161621, 70.7283325195, 108.922798157, 19.3176460266, 96.6310424805], [1822.32922363, -634.159362793, 286.458831787, 149.764007568, 116.305351257, 287.009124756, 128.009353638, 420.821472168, 96.1881790161, 148.519760132, -15.4712295532, 99.0759048462, 35.3443946838], [-167.10005188, 468.52142334, 231.314544678, 252.449493408, 168.016601562, 95.5329742432, 180.678161621, 96.1881790161, 346.658233643, 102.89655304, 133.680511475, 25.1738815308, 81.7785110474], [468.359405518, -137.145202637, 265.870056152, -40.5474319458, 93.3617401123, 122.232688904, 70.7283325195, 148.519760132, 102.89655304, 217.718978882, 65.5473480225, 70.201385498, 43.6747970581], [-501.498168945, 475.94921875, 65.5855789185, 112.608650208, 162.312652588, 7.2144908905, 108.922798157, -15.4712295532, 133.680511475, 65.5473480225, 212.678771973, 55.7476425171, 58.8746452332], [352.837005615, -314.290863037, 124.160049438, 44.2948379517, 44.189907074, 110.930770874, 19.3176460266, 99.0759048462, 25.1738815308, 70.201385498, 55.7476425171, 171.590332031, 58.3575363159], [-6.51104164124, 207.21446228, 114.490203857, 66.1776504517, 146.778610229, 64.8634796143, 96.6310424805, 35.3443946838, 81.7785110474, 43.6747970581, 58.8746452332, 58.3575363159, 146.828781128]],
        "icov": [[8.92179014045e-05, 2.53104226431e-05, 4.65005541628e-05, -9.79812466539e-05, -7.50110921217e-05, -0.000197028814, 8.81978994585e-05, -0.000231292098761, 0.000141616197652, -0.000116601637274, 0.000109316017188, 0.000115661110613, 1.80142615136e-06], [2.53104226431e-05, 0.000938354234677, -0.000166246114532, 8.69776267791e-05, -0.000763854011893, 0.000488887424581, -0.000950171553995, 0.00119043770246, -0.000624326756224, 0.000505212054122, -0.000927059620153, 0.00135875726119, -0.000317191734212], [4.65005541628e-05, -0.000166246114532, 0.000664638937451, -2.6971763873e-05, -0.0001568239677, -0.000508788565639, 0.000188833859283, -0.000228107601288, -4.63268661406e-05, -0.000644455838483, 0.000593206961639, -0.000374872819521, 0.00017138182011], [-9.79812466539e-05, 8.69776267791e-05, -2.6971763873e-05, 0.00141185696702, -0.000145951387822, -0.000187267389265, -0.000404074700782, 7.09764935891e-05, -0.0011146008037, 0.00153432111256, -0.000625556742307, -0.000153880639118, 0.000211465987377], [-7.50110921217e-05, -0.000763854011893, -0.0001568239677, -0.000145951387822, 0.00221671583131, -0.00019845427596, 0.000160611161846, -0.00108653260395, 0.000795530329924, -0.000265265029157, -0.000244101101998, -0.000605840235949, -0.000735207751859], [-0.000197028814, 0.000488887424581, -0.000508788565639, -0.000187267389265, -0.00019845427596, 0.0035220971331, -0.00108281290159, 9.34588970267e-05, -0.000408620282542, 0.000159323681146, -0.000315642915666, -0.000169829480001, -0.000510714540724], [8.81978994585e-05, -0.000950171553995, 0.000188833859283, -0.000404074700782, 0.000160611161846, -0.00108281290159, 0.00513613037765, -0.00250599905849, 0.000120178876386, -0.000359473458957, -0.000111524401291, 8.93952164915e-05, -0.00103024963755], [-0.000231292098761, 0.00119043770246, -0.000228107601288, 7.09764935891e-05, -0.00108653260395, 9.34588970267e-05, -0.00250599905849, 0.00750305457041, -0.00198575132526, -0.0017095770454, 0.0012295243796, -0.000687803083565, 0.000738473259844], [0.000141616197652, -0.000624326756224, -4.63268661406e-05, -0.0011146008037, 0.000795530329924, -0.000408620282542, 0.000120178876386, -0.00198575132526, 0.00644306419417, -0.00223750015721, -0.00170690217055, 0.00110236462206, -0.00146669324022], [-0.000116601637274, 0.000505212054122, -0.000644455838483, 0.00153432111256, -0.000265265029157, 0.000159323681146, -0.000359473458957, -0.0017095770454, -0.00223750015721, 0.0097116464749, -0.00318933767267, -0.000271712779067, -0.000320007093251], [0.000109316017188, -0.000927059620153, 0.000593206961639, -0.000625556742307, -0.000244101101998, -0.000315642915666, -0.000111524401291, 0.0012295243796, -0.00170690217055, -0.00318933767267, 0.010605388321, -0.00479973526672, 0.000847992603667], [0.000115661110613, 0.00135875726119, -0.000374872819521, -0.000153880639118, -0.000605840235949, -0.000169829480001, 8.93952164915e-05, -0.000687803083565, 0.00110236462206, -0.000271712779067, -0.00479973526672, 0.0119536425918, -0.00412297761068], [1.80142615136e-06, -0.000317191734212, 0.00017138182011, 0.000211465987377, -0.000735207751859, -0.000510714540724, -0.00103024963755, 0.000738473259844, -0.00146669324022, -0.000320007093251, 0.000847992603667, -0.00412297761068, 0.0107010155916]]
    },
    "melbands": {
        "dmean": [0.00321230106056, 0.00121732498519, 0.000706063990947, 0.000285128160613, 0.000147693892359, 9.90973276203e-05, 0.000101096367871, 0.000160506562679, 0.00022011846886, 0.000471652456326, 0.000150104227941, 0.000154326116899, 7.6469805208e-05, 4.18436902692e-05, 3.30979164573e-05, 2.37599397224e-05, 1.3303151718e-05, 1.77620859176e-05, 1.50879950525e-05, 1.16643950605e-05, 2.21353329835e-05, 1.11614335765e-05, 4.7474090934e-06, 5.9602402871e-06, 4.68281723442e-06, 3.80090955332e-06, 2.19024013859e-06, 1.59355761298e-06, 1.04294292669e-06, 1.1550397403e-06, 7.3691074931e-07, 1.49711001995e-06, 2.30910131904e-06, 1.00354873211e-06, 7.33373951789e-07, 5.64892616239e-07, 8.75478121998e-07, 1.206653792e-06, 8.41852852318e-07, 9.277546269e-07],
        "dmean2": [0.00400235457346, 0.00202887319028, 0.00131653714925, 0.000512833415996, 0.000236152205616, 0.000155720714247, 0.000155819521751, 0.000248278491199, 0.00035132051562, 0.000750473409425, 0.000235464423895, 0.000245880481089, 0.000119202617498, 6.61366648274e-05, 5.47765012016e-05, 3.96934628952e-05, 2.26326665143e-05, 2.87686507363e-05, 2.12624981941e-05, 1.85770149983e-05, 3.8250702346e-05, 1.88516405615e-05, 7.74459385866e-06, 9.9987601061e-06, 7.55517839934e-06, 6.29990609013e-06, 3.51339122062e-06, 2.54373003372e-06, 1.65184246725e-06, 1.86825320725e-06, 1.16227397484e-06, 2.3297802727e-06, 3.26736653733e-06, 1.52794643782e-06, 1.13613657504e-06, 8.7285218342e-07, 1.33460025609e-06, 1.8608091068e-06, 1.29269994886e-06, 1.44170178373e-06],
        "dvar": [5.92995638726e-05, 1.56969799718e-05, 7.20857588021e-06, 7.58701048653e-07, 1.10668594289e-07, 4.19377954586e-08, 4.7884515908e-08, 2.84619176227e-07, 2.75696947938e-07, 1.9161786895e-06, 3.97935338015e-07, 2.59065444652e-07, 9.96817703935e-08, 3.47490711761e-08, 8.97832386215e-09, 2.97196067756e-09, 1.85624260407e-09, 2.3022472817e-09, 7.47442441273e-10, 1.45825307385e-09, 7.28058102695e-09, 1.00296448924e-09, 1.11678118142e-10, 2.95761665159e-10, 1.55306170702e-10, 1.08514898456e-10, 2.89760090921e-11, 1.66608324359e-11, 1.89682488466e-11, 1.20337984369e-11, 3.36006504738e-12, 1.76319306378e-11, 6.67203792215e-11, 5.81055689675e-12, 4.71232991864e-12, 3.01598850061e-12, 4.67031014556e-12, 1.42738251774e-11, 1.15715215188e-11, 7.93769824176e-12],
        "dvar2": [0.000118483963888, 4.29103565693e-05, 2.10258876905e-05, 2.18458467316e-06, 2.60861838797e-07, 9.02518948465e-08, 1.01927099649e-07, 6.57863949982e-07, 7.06189155153e-07, 4.83352641822e-06, 8.50034098221e-07, 6.42176246402e-07, 2.13885357425e-07, 9.37510975518e-08, 2.39465958174e-08, 7.80358977437e-09, 5.08042763414e-09, 5.86840087635e-09, 1.48809620182e-09, 3.32096394828e-09, 2.02038989983e-08, 2.71319811063e-09, 2.83764262088e-10, 8.36135105597e-10, 3.94617977184e-10, 2.91012047793e-10, 7.02999533586e-11, 3.92798918392e-11, 4.31326675765e-11, 2.66698173962e-11, 8.02290265473e-12, 4.07434051775e-11, 1.43784026352e-10, 1.35292003295e-11, 1.13208322924e-11, 7.1558115336e-12, 1.07015897879e-11, 3.46144293784e-11, 2.85634051134e-11, 1.92720873982e-11],
        "max": [0.110904708505, 0.043993934989, 0.0269207525998, 0.00948547199368, 0.00886532384902, 0.00627987599, 0.00559807196259, 0.0184155683964, 0.0119919916615, 0.0308402087539, 0.0206832196563, 0.0137156937271, 0.0131103908643, 0.00812649168074, 0.0026287578512, 0.00142466882244, 0.000580473744776, 0.000753458065446, 0.000475968816318, 0.00219409330748, 0.00190469576046, 0.000642733415589, 0.000229464203585, 0.000418299168814, 0.00018064964388, 0.000149880826939, 0.000101442987216, 8.03177827038e-05, 0.000237819214817, 9.61568148341e-05, 4.01999423048e-05, 0.000130482992972, 0.000188592777704, 3.34618707711e-05, 5.06000505993e-05, 3.77800315619e-05, 4.21357726736e-05, 9.00734812603e-05, 8.92507014214e-05, 5.78251347179e-05],
        "mean": [0.00891080498695, 0.00182506151032, 0.000792319187894, 0.000298689759802, 0.000246281793807, 0.000204588970519, 0.000178744448931, 0.000262523361016, 0.000385615363484, 0.000763232412282, 0.000245621282374, 0.000252923346125, 0.000123151694424, 6.28942652838e-05, 4.27485283581e-05, 3.36890552717e-05, 1.71541505551e-05, 2.4961102099e-05, 2.7523656172e-05, 1.67010493897e-05, 2.25357689487e-05, 1.33094936245e-05, 7.79234414949e-06, 8.30715453048e-06, 6.67675476507e-06, 5.45820557818e-06, 3.36277935276e-06, 2.3875709303e-06, 1.5365761783e-06, 1.53130849867e-06, 1.03783065697e-06, 2.06413506021e-06, 2.96086409435e-06, 1.2746588709e-06, 8.75908199305e-07, 7.25228403553e-07, 1.24543498714e-06, 1.51667234149e-06, 1.03585387023e-06, 1.14926922379e-06],
